id,postcode,lat,lon
1649925,BA11 5DN,51.192402210000000,-2.361336102000000
1649926,BA11 5DP,51.193566000000000,-2.363477000000000
1649927,BA11 5DQ,51.192387190000000,-2.360377208000000
1649928,BA11 5DR,51.191378000000000,-2.349637000000000
1649929,BA11 5DS,51.184233680000000,-2.356722379000000
1649930,BA11 5DT,51.194484620000000,-2.365430962000000
1650025,BA11 5DW,51.186588000000000,-2.360647000000000
1650026,BA11 5DX,51.199195400000000,-2.365754501000000
1650027,BA11 5EA,51.220198850000000,-2.320373236000000
1650028,BA11 5EB,51.220260180000000,-2.320960729000000
1650029,BA11 5ED,51.219021560000000,-2.320135964000000
1650030,BA11 5EE,51.214876000000000,-2.320236045000000
1650031,BA11 5EF,51.213905360000000,-2.320057505000000
1650032,BA11 5EG,51.206735940000000,-2.317803333000000
1650033,BA11 5EH,51.210940500000000,-2.322427678000000
1650034,BA11 5EJ,51.210459080000000,-2.317628562000000
1650035,BA11 5EL,51.209412000000000,-2.313026000000000
1650036,BA11 5EN,51.194222940000000,-2.319706355000000
1650037,BA11 5EP,51.200181000000000,-2.325984000000000
1650038,BA11 5EQ,51.198033740000000,-2.320362472000000
1650039,BA11 5ER,51.176340940000000,-2.305105799000000
1650040,BA11 5ES,51.180872900000000,-2.321874357000000
1650041,BA11 5EW,51.186049640000000,-2.312910639000000
1650042,BA11 5EX,51.173060290000000,-2.337311255000000
1650043,BA11 5EY,51.160863460000000,-2.316100652000000
1650044,BA11 5EZ,51.167388000000000,-2.327716000000000
1650045,BA11 5HA,51.180846000000000,-2.344421000000000
1650046,BA11 5HB,51.176492540000000,-2.344403068000000
1650047,BA11 5HD,51.174406560000000,-2.367961369000000
1650048,BA11 5HE,51.169922580000000,-2.364121024000000
1650049,BA11 5HF,51.168394690000000,-2.366754977000000
1650050,BA11 5HG,51.165971210000000,-2.365362759000000
1650051,BA11 5HH,51.159965670000000,-2.373537820000000
1650052,BA11 5HJ,51.156995550000000,-2.360086926000000
1650053,BA11 5HL,51.150874450000000,-2.359281498000000
1650054,BA11 5HN,51.169053600000000,-2.365959246000000
1650055,BA11 5HP,51.141687060000000,-2.343500574000000
1650056,BA11 5HQ,51.164847630000000,-2.365225162000000
1650057,BA11 5HR,51.154306390000000,-2.332970695000000
1650058,BA11 5HS,51.230398340000000,-2.305950388000000
1650059,BA11 5HT,51.230153580000000,-2.306707818000000
1650060,BA11 5HU,51.230261000000000,-2.307396000000000
1650061,BA11 5HW,51.165672960000000,-2.365846663000000
1650062,BA11 5JA,51.237724800000000,-2.289039252000000
1650063,BA11 5JB,51.238216810000000,-2.286420994000000
1650064,BA11 5JD,51.239163710000000,-2.283619000000000
1650065,BA11 5JE,51.242255490000000,-2.282177089000000
1650066,BA11 5JF,51.241994000000000,-2.279468000000000
1650067,BA11 5JG,51.230999000000000,-2.300140000000000
1650068,BA11 5JH,51.245057780000000,-2.272137117000000
1650069,BA11 5JJ,51.238544550000000,-2.277284076000000
1650070,BA11 5JL,51.233580660000000,-2.288583578000000
1650071,BA11 5JN,51.229272000000000,-2.300572000000000
1650072,BA11 5JQ,51.229854560000000,-2.300662076000000
1650073,BA11 5JR,51.229358630000000,-2.304668871000000
1650074,BA11 5JS,51.230432260000000,-2.303286746000000
1650075,BA11 5JT,51.231341910000000,-2.299225240000000
1650076,BA11 5JU,51.227864770000000,-2.308554331000000
1650077,BA11 5JW,51.228717610000000,-2.302201365000000
1650078,BA11 5JX,51.228402390000000,-2.309273991000000
1650079,BA11 5JY,51.229152440000000,-2.307861197000000
1650080,BA11 5JZ,51.228335000000000,-2.307810969000000
1650081,BA11 5LA,51.227389880000000,-2.304484010000000
1650082,BA11 5LB,51.222435910000000,-2.311095493000000
1650083,BA11 5LD,51.216408200000000,-2.280329446000000
1650084,BA11 5LE,51.225678560000000,-2.298615667000000
1650085,BA11 5LF,51.222726730000000,-2.292482135000000
1650086,BA11 5LG,51.194277330000000,-2.295621893000000
1650087,BA11 5LH,51.216408870000000,-2.291096220000000
1650088,BA11 5LJ,51.211804040000000,-2.291368000000000
1650089,BA11 5LL,51.211250660000000,-2.296990456000000
1650090,BA11 5LN,51.201464320000000,-2.287438027000000
1650091,BA11 5LP,51.210546470000000,-2.287322828000000
1650092,BA11 5LQ,51.195847000000000,-2.301385000000000
1650093,BA11 5LR,51.207770390000000,-2.282638902000000
1650094,BA11 5LS,51.229312940000000,-2.308377844000000
1650095,BA11 5LT,51.229539050000000,-2.307878101000000
1650096,BA11 5LU,51.201092000000000,-2.300060000000000
1650097,BA11 5LW,51.198272330000000,-2.294602715000000
1650098,BA11 5LY,51.200095870000000,-2.298865156000000
1650099,BA11 5LZ,51.201664640000000,-2.297229328000000
1650100,BA11 5NA,51.213567360000000,-2.305223122000000
1650101,BA11 5NB,51.217158660000000,-2.310716269000000
1650102,BA11 5ND,51.214945040000000,-2.318003061000000
1650104,BA11 5ZH,51.234287340000000,-2.333891867000000
1650105,BA11 6AB,51.282864880000000,-2.273694140000000
1650106,BA11 6AD,51.282874250000000,-2.284834951000000
1650107,BA11 6AE,51.266786510000000,-2.288763000000000
1650108,BA11 6AG,51.287864000000000,-2.285540000000000
1650109,BA11 6NT,51.283166990000000,-2.282772054000000
1650110,BA11 6NU,51.282566140000000,-2.282108810000000
1650111,BA11 6NX,51.284104310000000,-2.281874486000000
1650112,BA11 6NZ,51.282931400000000,-2.283516192000000
1650113,BA11 6PA,51.283753530000000,-2.281915352000000
1650114,BA11 6PB,51.285086950000000,-2.280819432000000
1650115,BA11 6PD,51.283856020000000,-2.280424779000000
1650116,BA11 6PE,51.284957050000000,-2.278739511000000
1650117,BA11 6PF,51.283880870000000,-2.285027583000000
1650118,BA11 6PG,51.281083770000000,-2.288953098000000
1650119,BA11 6PH,51.283188500000000,-2.281309683000000
1650120,BA11 6PJ,51.282620490000000,-2.274380915000000
1650121,BA11 6PL,51.286643620000000,-2.280370075000000
1650122,BA11 6PN,51.283129620000000,-2.279617410000000
1650123,BA11 6PP,51.281027210000000,-2.275116968000000
1650124,BA11 6PQ,51.282064960000000,-2.284844279000000
1650125,BA11 4BN,51.220916000000000,-2.324874000000000
1650126,BA11 4BP,51.220943810000000,-2.330559171000000
1650127,BA11 4BR,51.223651630000000,-2.333285019000000
1650128,BA11 4BS,51.222886700000000,-2.327136410000000
1650129,BA11 6PR,51.283968470000000,-2.274718740000000
1650130,BA11 6PS,51.286217250000000,-2.281930450000000
1650131,BA11 6PT,51.285437490000000,-2.277107780000000
1650132,BA11 6PU,51.284642460000000,-2.282436994000000
1650133,BA11 6PW,51.280017880000000,-2.276071530000000
1650134,BA11 6PX,51.283840680000000,-2.283062964000000
1650135,BA11 6PY,51.286170000000000,-2.283350454000000
1650136,BA11 6PZ,51.285778180000000,-2.281569000000000
1650137,BA11 6QA,51.284453000000000,-2.283124000000000
1650138,BA11 6QB,51.282946830000000,-2.280849383000000
1650139,BA11 6QD,51.285476830000000,-2.279473948000000
1650140,BA11 6QG,51.282385000000000,-2.271727000000000
1650141,BA11 6QH,51.285587010000000,-2.274714066000000
1650142,BA11 6QJ,51.292419000000000,-2.268301000000000
1650143,BA11 6QL,51.294901890000000,-2.278642000000000
1650144,BA11 6QP,51.282279910000000,-2.273905730000000
1650145,BA11 6QQ,51.285017580000000,-2.260271464000000
1650146,BA11 6QR,51.286209740000000,-2.281313819000000
1650147,BA11 6QW,51.290150360000000,-2.291763000000000
1650148,BA11 6RS,51.266748940000000,-2.282341532000000
1650149,BA11 6SA,51.265243820000000,-2.283779902000000
1650150,BA11 6SB,51.266440660000000,-2.283400287000000
1650151,BA11 6SD,51.265583700000000,-2.284527302000000
1650152,BA11 6SE,51.266490080000000,-2.281551625000000
1650153,BA11 6SF,51.269306790000000,-2.284335305000000
1650154,BA11 6SG,51.279728840000000,-2.295023558000000
1650155,BA11 6SH,51.270537000000000,-2.289030000000000
1650156,BA11 6SJ,51.268298250000000,-2.288600497000000
1650157,BA11 6SL,51.267456800000000,-2.287061552000000
1650158,BA11 6SN,51.268017660000000,-2.289344083000000
1650159,BA11 6SP,51.265165700000000,-2.286316300000000
1650160,BA11 6SQ,51.279149000000000,-2.297256000000000
1650161,BA11 6SR,51.266607110000000,-2.285207283000000
1650162,BA11 6SS,51.266931790000000,-2.284807964000000
1650163,BA11 6ST,51.265739930000000,-2.283137982000000
1650164,BA11 6SU,51.267254680000000,-2.288808955000000
1650165,BA11 6SW,51.266072460000000,-2.286895257000000
1650166,BA11 6SX,51.265860690000000,-2.285245657000000
1650167,BA11 6SY,51.264143350000000,-2.281494277000000
1650168,BA11 6SZ,51.265278300000000,-2.288065589000000
1650169,BA11 6TA,51.262103840000000,-2.288203377000000
1650171,BA11 6TD,51.264460450000000,-2.287902815000000
1650172,BA11 6TE,51.263162000000000,-2.289973000000000
1650173,BA11 6TF,51.259999420000000,-2.288333516000000
1650174,BA11 6TG,51.263295010000000,-2.286476652000000
1650175,BA11 6TH,51.257652000000000,-2.273988000000000
1650176,BA11 6TJ,51.264445980000000,-2.286469481000000
1650177,BA11 6TN,51.263159000000000,-2.272602000000000
1650178,BA11 6TQ,51.252873800000000,-2.289979709000000
1650179,BA11 6TR,51.265615950000000,-2.282348916000000
1650180,BA11 6TS,51.268372000000000,-2.277378000000000
1650181,BA11 6TT,51.273204560000000,-2.275012862000000
1650182,BA11 6TW,51.265600280000000,-2.281388523000000
1650183,BA11 6TX,51.273459190000000,-2.257969793000000
1650184,BA11 6WB,51.234287340000000,-2.333891867000000
1650190,BA11 9AE,51.234288700000000,-2.333891799999947
1650193,BA11 9AJ,51.234288700000000,-2.333891799999947
1650225,BA11 4BT,51.219857220000000,-2.330050232000000
1650226,BA11 4BU,51.220025350000000,-2.331010785000000
1650227,BA11 4BX,51.219367900000000,-2.331378345000000
1650228,BA11 4BY,51.221540050000000,-2.323131823000000
1650229,BA11 4DA,51.219276000000000,-2.332480000000000
1650230,BA11 4DB,51.218915710000000,-2.332019000000000
1650231,BA11 4DD,51.218129760000000,-2.333574431000000
1650232,BA11 4DE,51.224239640000000,-2.332043433000000
1650233,BA11 4DF,51.223845300000000,-2.331582358000000
1650234,BA11 4DG,51.221303640000000,-2.333668983000000
1650235,BA11 4DH,51.217136120000000,-2.332006610000000
1650236,BA11 4DJ,51.214279130000000,-2.334305378000000
1650237,BA11 4DL,51.214998210000000,-2.337531935000000
1650238,BA11 4DN,51.219881190000000,-2.334274391000000
1650239,BA11 4DP,51.227993540000000,-2.336839400000000
1650240,BA11 4DQ,51.220367400000000,-2.334048815000000
1650241,BA11 4DR,51.222791280000000,-2.332276435000000
1650242,BA11 4DS,51.217539240000000,-2.335689206000000
1650243,BA11 4DT,51.220865900000000,-2.332663492000000
1650244,BA11 4DU,51.219903010000000,-2.332928600000000
1650245,BA11 4DW,51.219386150000000,-2.334442625000000
1650246,BA11 4DX,51.219397720000000,-2.333540646000000
1650247,BA11 4DY,51.223930160000000,-2.330193942000000
1650248,BA11 4DZ,51.222984370000000,-2.330774272000000
1650249,BA11 4EA,51.227798690000000,-2.335806860000000
1650250,BA11 4EB,51.226417880000000,-2.328077983000000
1650251,BA11 4ED,51.227263940000000,-2.334141742000000
1650252,BA11 4EE,51.224290350000000,-2.330010362000000
1650253,BA11 4EF,51.224003300000000,-2.329764870000000
1650254,BA11 4EG,51.225982130000000,-2.329549894000000
1650255,BA11 4EH,51.225003970000000,-2.328598000000000
1650256,BA11 4EJ,51.224991310000000,-2.330158580000000
1650257,BA11 4EL,51.225638250000000,-2.327127290000000
1650258,BA11 4EN,51.224457920000000,-2.331171483000000
1650259,BA11 4EP,51.225498570000000,-2.335174334000000
1650260,BA11 4EQ,51.224571640000000,-2.329110211000000
1650261,BA11 4ER,51.226101510000000,-2.335006870000000
1650262,BA11 4ES,51.226433790000000,-2.335152491000000
1650263,BA11 4ET,51.227560990000000,-2.337165623000000
1650264,BA11 4EU,51.223185250000000,-2.339124057000000
1650265,BA11 4EW,51.224066680000000,-2.332786822000000
1650266,BA11 4EX,51.223371000000000,-2.334529000000000
1650267,BA11 4EZ,51.224109030000000,-2.333703602000000
1650268,BA11 4FD,51.220349540000000,-2.330841286000000
1650269,BA11 4HA,51.222760020000000,-2.333779757000000
1650270,BA11 4HB,51.223524770000000,-2.333627776000000
1650271,BA11 4HD,51.223455770000000,-2.332596257000000
1650272,BA11 4HE,51.224106450000000,-2.334605738000000
1650273,BA11 4HF,51.224965800000000,-2.335958071000000
1650274,BA11 4HG,51.225439680000000,-2.336892345000000
1650275,BA11 4HH,51.226456120000000,-2.336770886000000
1650276,BA11 4HJ,51.227822530000000,-2.333759121000000
1650277,BA11 4HL,51.224746210000000,-2.334137817000000
1650278,BA11 4HN,51.226503670000000,-2.335869032000000
1650279,BA11 4HP,51.225024180000000,-2.334583000000000
1650280,BA11 4HQ,51.225926510000000,-2.336451967000000
1650281,BA11 4HR,51.225590020000000,-2.337766987000000
1650282,BA11 4HS,51.226756920000000,-2.338477251000000
1650283,BA11 4HT,51.226724430000000,-2.337274071000000
1650284,BA11 4HU,51.224930250000000,-2.332664173000000
1650285,BA11 4HW,51.227387040000000,-2.335116457000000
1650286,BA11 4HX,51.224568670000000,-2.333334607000000
1650287,BA11 4HY,51.226232470000000,-2.333232071000000
1650288,BA11 4HZ,51.225466700000000,-2.333742069000000
1650289,BA11 4JA,51.230883880000000,-2.332320438000000
1650290,BA11 4JB,51.231004830000000,-2.334054279000000
1650291,BA11 4JD,51.228815130000000,-2.332534668000000
1650292,BA11 4JE,51.231168240000000,-2.336175000000000
1650293,BA11 4JF,51.230017010000000,-2.336739610000000
1650295,BA11 4JH,51.228620300000000,-2.334853000000000
1650296,BA11 4JJ,51.228048800000000,-2.333245198000000
1650297,BA11 4JL,51.230931360000000,-2.337720187000000
1650298,BA11 4JN,51.227271000000000,-2.332094738000000
1650299,BA11 4JP,51.228723830000000,-2.333020936000000
1650301,BA11 4JR,51.227185860000000,-2.339396936000000
1650302,BA11 4JS,51.228808290000000,-2.331775586000000
1650303,BA11 4JT,51.229321230000000,-2.331636062000000
1650304,BA11 4JU,51.224924640000000,-2.331475559000000
1650305,BA11 4JW,51.227852610000000,-2.332670937000000
1650306,BA11 4JX,51.225562730000000,-2.331594709000000
1650307,BA11 4JY,51.226513450000000,-2.332446465000000
1650308,BA11 4JZ,51.225767710000000,-2.332240602000000
1650309,BA11 4LA,51.230368530000000,-2.330139801000000
1650310,BA11 4LB,51.228309000000000,-2.339691628000000
1650311,BA11 4LD,51.229287360000000,-2.337192569000000
1650312,BA11 4LE,51.230180120000000,-2.333160351000000
1650313,BA11 4LF,51.229591200000000,-2.334717152000000
1650314,BA11 4LG,51.211026530000000,-2.374996126000000
1650315,BA11 4LH,51.225827900000000,-2.330035687000000
1650316,BA11 4LJ,51.224226710000000,-2.348840646000000
1650317,BA11 4LL,51.213411520000000,-2.360011707000000
1650318,BA11 4LN,51.210418240000000,-2.376809274000000
1650319,BA11 4LQ,51.211881860000000,-2.377451137000000
1650320,BA11 4LR,51.231579420000000,-2.337495779000000
1650321,BA11 4LS,51.229297010000000,-2.333827081000000
1650322,BA11 4LT,51.231566970000000,-2.332425618000000
1650323,BA11 4LW,51.209578270000000,-2.377961963000000
1650324,BA11 4LX,51.209065090000000,-2.378158173000000
1650325,BA11 3BE,51.232293600000000,-2.329852816000000
1650326,BA11 4LY,51.208964750000000,-2.378601123000000
1650327,BA11 4LZ,51.207976000000000,-2.378981421000000
1650328,BA11 4NA,51.206908050000000,-2.377839890000000
1650329,BA11 4NB,51.206584350000000,-2.377837239000000
1650330,BA11 4ND,51.206067510000000,-2.379164240000000
1650331,BA11 4NE,51.204886020000000,-2.377479799000000
1650332,BA11 4NF,51.204587580000000,-2.378006971000000
1650333,BA11 4NG,51.203645300000000,-2.377426709000000
1650334,BA11 4NH,51.209611450000000,-2.378821161000000
1650335,BA11 4NJ,51.209897890000000,-2.379224348000000
1650336,BA11 4NL,51.209902370000000,-2.380612990000000
1650337,BA11 4NN,51.203305750000000,-2.379542327000000
1650338,BA11 4NP,51.208705170000000,-2.381003939000000
1650339,BA11 4NQ,51.203155630000000,-2.378696600000000
1650340,BA11 4NR,51.207810820000000,-2.376730722000000
1650341,BA11 4NS,51.207455110000000,-2.378288127000000
1650342,BA11 4NT,51.205261390000000,-2.361121873000000
1650343,BA11 4NU,51.204070940000000,-2.365149024000000
1650344,BA11 4NW,51.204307000000000,-2.379007000000000
1650345,BA11 4NX,51.200851870000000,-2.376473539000000
1650346,BA11 4NY,51.202024000000000,-2.375996000000000
1650347,BA11 4NZ,51.201506660000000,-2.376979832000000
1650348,BA11 4PA,51.227367340000000,-2.332810000000000
1650349,BA11 4PE,51.190916260000000,-2.387325086000000
1650350,BA11 4PF,51.189178870000000,-2.387911494000000
1650351,BA11 4PG,51.193091070000000,-2.390405739000000
1650352,BA11 4PH,51.194471730000000,-2.394309937000000
1650353,BA11 4PJ,51.183712400000000,-2.395763271000000
1650354,BA11 4PL,51.186921000000000,-2.407195000000000
1650355,BA11 4PN,51.193411860000000,-2.424782090000000
1650356,BA11 4PP,51.195008000000000,-2.407049000000000
1650357,BA11 4PQ,51.194100580000000,-2.392488000000000
1650358,BA11 4PR,51.228223190000000,-2.338273197000000
1650359,BA11 4PU,51.205357070000000,-2.400758409000000
1650360,BA11 4PW,51.193998000000000,-2.424759000000000
1650361,BA11 4PX,51.203863130000000,-2.393187824000000
1650362,BA11 4PY,51.203584320000000,-2.390523125000000
1650363,BA11 4PZ,51.204722000000000,-2.389402000000000
1650364,BA11 4QA,51.218372250000000,-2.333676411000000
1650365,BA11 4QB,51.218423710000000,-2.334550191000000
1650366,BA11 4QD,51.216857140000000,-2.335240394000000
1650367,BA11 4QE,51.217697180000000,-2.333914932000000
1650368,BA11 4RA,51.220353060000000,-2.329595580000000
1650369,BA11 4RB,51.219838790000000,-2.323778558000000
1650370,BA11 4RD,51.224511110000000,-2.328250577000000
1650371,BA11 4RJ,51.219822030000000,-2.326570564000000
1650372,BA11 4RL,51.220743730000000,-2.328282000000000
1650373,BA11 4RN,51.221139850000000,-2.327997476000000
1650374,BA11 4RP,51.219624490000000,-2.326468936000000
1650375,BA11 4RW,51.219170380000000,-2.328083698000000
1650376,BA11 4SA,51.226608190000000,-2.340151680000000
1650381,BA11 5AA,51.223360570000000,-2.321626695000000
1650382,BA11 5AB,51.222445890000000,-2.320718193000000
1650383,BA11 5AD,51.221257250000000,-2.321339963000000
1650384,BA11 5AE,51.220856390000000,-2.319962556000000
1650385,BA11 5AF,51.220807510000000,-2.318100761000000
1650386,BA11 5AG,51.221557830000000,-2.316631068000000
1650387,BA11 5AH,51.221914360000000,-2.317793373000000
1650388,BA11 5AJ,51.219819740000000,-2.317607116000000
1650389,BA11 5AL,51.228796310000000,-2.303061163000000
1650390,BA11 5AN,51.221589330000000,-2.314955946000000
1650391,BA11 5AP,51.220360760000000,-2.317052411000000
1650392,BA11 5AQ,51.222010630000000,-2.315445678000000
1650393,BA11 5AR,51.220733840000000,-2.315422626000000
1650394,BA11 5AS,51.230068000000000,-2.305402891000000
1650395,BA11 5AT,51.221083450000000,-2.319133631000000
1650396,BA11 5AU,51.221422550000000,-2.320081036000000
1650397,BA11 5AW,51.222137870000000,-2.314945373000000
1650398,BA11 5AX,51.221726770000000,-2.317333867000000
1650399,BA11 5AY,51.222233180000000,-2.319585487000000
1650400,BA11 5AZ,51.221783870000000,-2.319482138000000
1650401,BA11 5BA,51.220591150000000,-2.321593061000000
1650402,BA11 5BB,51.218997830000000,-2.322226275000000
1650403,BA11 5BD,51.217996150000000,-2.323522216000000
1650404,BA11 5BE,51.213205870000000,-2.329100699000000
1650405,BA11 5BG,51.217205390000000,-2.326566355000000
1650406,BA11 5BL,51.213632120000000,-2.337292873000000
1650407,BA11 5BN,51.205548910000000,-2.330806726000000
1650408,BA11 5BP,51.197451970000000,-2.332280037000000
1650409,BA11 5BQ,51.216233000000000,-2.327560788000000
1650410,BA11 5BR,51.188771570000000,-2.330214307000000
1650411,BA11 5BS,51.209543000000000,-2.336876000000000
1650412,BA11 5BT,51.218500920000000,-2.323081894000000
1650413,BA11 5BU,51.219334070000000,-2.320939966000000
1650414,BA11 5BW,51.205492970000000,-2.331507718000000
1650415,BA11 5BY,51.193747520000000,-2.341555198000000
1650416,BA11 5BZ,51.191495020000000,-2.346146292000000
1650417,BA11 5DA,51.198916620000000,-2.351096689000000
1650418,BA11 5DB,51.205803580000000,-2.354369792000000
1650419,BA11 5DD,51.209984130000000,-2.351624686000000
1650420,BA11 5DE,51.205676000000000,-2.349344000000000
1650421,BA11 5DG,51.192381410000000,-2.359332526000000
1650422,BA11 5DH,51.204884210000000,-2.358041420000000
1650423,BA11 5DJ,51.198623860000000,-2.355731557000000
1650424,BA11 5DL,51.197704830000000,-2.365199000000000
1650425,BA11 3BG,51.230627420000000,-2.327606672000000
1650426,BA11 3BH,51.232339850000000,-2.329394828000000
1650427,BA11 3BJ,51.232967700000000,-2.329957898000000
1650428,BA11 3BL,51.231775590000000,-2.328603070000000
1650429,BA11 3BN,51.231365670000000,-2.327140000000000
1650430,BA11 3BP,51.232029810000000,-2.327731217000000
1650431,BA11 3BQ,51.230790080000000,-2.327321388000000
1650432,BA11 3BS,51.232986700000000,-2.326391690000000
1650433,BA11 3BT,51.233222080000000,-2.325820446000000
1650434,BA11 3BU,51.232549480000000,-2.328393748000000
1650435,BA11 3BW,51.232280340000000,-2.324954443000000
1650436,BA11 3BX,51.232844920000000,-2.328854177000000
1650437,BA11 3BY,51.231491020000000,-2.324247091000000
1650438,BA11 3BZ,51.232066210000000,-2.324351394000000
1650439,BA11 3DA,51.231795110000000,-2.324836444000000
1650440,BA11 3DB,51.232982170000000,-2.324787519000000
1650441,BA11 3DD,51.234525200000000,-2.326073151000000
1650442,BA11 3DE,51.233405750000000,-2.327669386000000
1650443,BA11 3DF,51.233021710000000,-2.326735682000000
1650444,BA11 3DG,51.232329060000000,-2.326831030000000
1650445,BA11 3DH,51.233615760000000,-2.326525049000000
1650446,BA11 3DJ,51.232729050000000,-2.325272703000000
1650447,BA11 3DL,51.232502260000000,-2.325987229000000
1650448,BA11 3DN,51.233786800000000,-2.329662980000000
1650449,BA11 3DP,51.232487540000000,-2.331229165000000
1650450,BA11 3DQ,51.233305910000000,-2.327998100000000
1650451,BA11 3DR,51.232955960000000,-2.330931755000000
1650452,BA11 3DS,51.232463980000000,-2.333191179000000
1650453,BA11 3DT,51.234472400000000,-2.335210935000000
1650454,BA11 3DU,51.232983580000000,-2.327508835000000
1650455,BA11 3DW,51.233761720000000,-2.328989624000000
1650456,BA11 3DY,51.231439240000000,-2.326695821000000
1650457,BA11 3DZ,51.231069780000000,-2.326979644000000
1650458,BA11 3EA,51.233624000000000,-2.330364000000000
1650459,BA11 3ED,51.233056000000000,-2.330531438000000
1650460,BA11 3EE,51.233600200000000,-2.332053563000000
1650461,BA11 3EF,51.234641770000000,-2.332576701000000
1650462,BA11 3EG,51.234793000000000,-2.333666000000000
1650463,BA11 3EH,51.234991020000000,-2.333080536000000
1650464,BA11 3EJ,51.236162220000000,-2.335438079000000
1650465,BA11 3EL,51.237398880000000,-2.336908132000000
1650466,BA11 3EN,51.238020380000000,-2.336540245000000
1650467,BA11 3EP,51.234342000000000,-2.330999000000000
1650468,BA11 3ER,51.235923300000000,-2.334089924000000
1650469,BA11 3ES,51.232609520000000,-2.332605007000000
1650470,BA11 3ET,51.233588880000000,-2.332869885000000
1650471,BA11 3EU,51.232894640000000,-2.333523713000000
1650472,BA11 3EW,51.234287340000000,-2.333891867000000
1650473,BA11 3EX,51.232781580000000,-2.335327544000000
1650474,BA11 3EY,51.233375610000000,-2.335131346000000
1650475,BA11 3EZ,51.233168060000000,-2.335387646000000
1650476,BA11 3FD,51.232476180000000,-2.328880192000000
1650477,BA11 3HA,51.231311610000000,-2.330518931000000
1650478,BA11 3HB,51.231679130000000,-2.330922589000000
1650479,BA11 3HD,51.232174900000000,-2.333661730000000
1650480,BA11 3HE,51.231976260000000,-2.333946739000000
1650481,BA11 3HG,51.232087860000000,-2.335795136000000
1650482,BA11 3HH,51.232309160000000,-2.337014158000000
1650483,BA11 3HJ,51.232101520000000,-2.337299088000000
1650484,BA11 3HL,51.232138520000000,-2.330639439000000
1650485,BA11 3HN,51.233176640000000,-2.338653291000000
1650486,BA11 3HP,51.232715930000000,-2.336272357000000
1650487,BA11 3HQ,51.232304360000000,-2.335553232000000
1650488,BA11 3HR,51.232659010000000,-2.337303167000000
1650489,BA11 3HS,51.232860270000000,-2.339223872000000
1650490,BA11 3HT,51.234708190000000,-2.336043000000000
1650491,BA11 3HU,51.234115160000000,-2.321529854000000
1650492,BA11 3HW,51.232406740000000,-2.337473191000000
1650493,BA11 3HX,51.233374570000000,-2.322713479000000
1650494,BA11 3HY,51.233827110000000,-2.321642428000000
1650495,BA11 3HZ,51.234752830000000,-2.321806443000000
1650496,BA11 3JA,51.233766880000000,-2.348927158000000
1650497,BA11 3JB,51.232736900000000,-2.322436886000000
1650498,BA11 3JE,51.232394690000000,-2.338532967000000
1650499,BA11 3JF,51.231857050000000,-2.337884514000000
1650500,BA11 3JH,51.231681410000000,-2.342623897000000
1650501,BA11 3JJ,51.231083970000000,-2.350038297000000
1650502,BA11 3JL,51.233804270000000,-2.345418324000000
1650503,BA11 3JP,51.232037000000000,-2.353067556000000
1650504,BA11 3JQ,51.238875000000000,-2.349195000000000
1650505,BA11 3JR,51.231003000000000,-2.356009982000000
1650506,BA11 3JS,51.232474010000000,-2.326445349000000
1650507,BA11 3JU,51.224919910000000,-2.369194000000000
1650508,BA11 3JX,51.223901220000000,-2.372738030000000
1650509,BA11 3JY,51.219098690000000,-2.384110964000000
1650510,BA11 3LA,51.226733700000000,-2.378331695000000
1650511,BA11 3LB,51.223515410000000,-2.394415010000000
1650512,BA11 3LE,51.227277580000000,-2.382517864000000
1650513,BA11 3LF,51.230437350000000,-2.384162453000000
1650514,BA11 3LG,51.219844600000000,-2.408129491000000
1650515,BA11 3LH,51.218633120000000,-2.399613737000000
1650516,BA11 3LJ,51.221128000000000,-2.406551000000000
1650517,BA11 3LL,51.220010780000000,-2.412025639000000
1650518,BA11 3LN,51.223317000000000,-2.400313000000000
1650519,BA11 3LP,51.220364230000000,-2.413790007000000
1650520,BA11 3LQ,51.219797390000000,-2.408773410000000
1650521,BA11 3LR,51.218793110000000,-2.430542639000000
1650522,BA11 3LS,51.218972190000000,-2.413305014000000
1650523,BA11 3LW,51.223073000000000,-2.403146000000000
1650524,BA11 3LY,51.217357280000000,-2.412273978000000
1650525,BA11 3NA,51.235456500000000,-2.336951228000000
1650526,BA11 3NB,51.236143610000000,-2.338775355000000
1650527,BA11 3ND,51.235334980000000,-2.338554561000000
1650528,BA11 3NE,51.235005000000000,-2.338108000000000
1650529,BA11 3NF,51.235679600000000,-2.337540123000000
1650530,BA11 3NG,51.234644810000000,-2.337790363000000
1650531,BA11 3NL,51.242895000000000,-2.333481000000000
1650532,BA11 3NN,51.245036850000000,-2.344843504000000
1650533,BA11 3NP,51.245393000000000,-2.337253000000000
1650534,BA11 3NQ,51.234239360000000,-2.338073853000000
1650535,BA11 3NR,51.245287180000000,-2.339186412000000
1650536,BA11 3NS,51.243471000000000,-2.360573655000000
1650537,BA11 3NW,51.243523000000000,-2.352339000000000
1650538,BA11 3NY,51.241485010000000,-2.362694921000000
1650539,BA11 3NZ,51.241667850000000,-2.367495361000000
1650540,BA11 3PA,51.240084580000000,-2.377982000000000
1650541,BA11 3PB,51.260627180000000,-2.414595896000000
1650542,BA11 3PD,51.257930510000000,-2.414342336000000
1650543,BA11 3PE,51.239699080000000,-2.386875401000000
1650544,BA11 3PF,51.240010420000000,-2.387895080000000
1650545,BA11 3PG,51.240607000000000,-2.387313000000000
1650546,BA11 3PH,51.237619910000000,-2.384766628000000
1650547,BA11 3PJ,51.240034110000000,-2.388883696000000
1650548,BA11 3PL,51.240940630000000,-2.386670945000000
1650549,BA11 3PN,51.241355940000000,-2.391129000000000
1650550,BA11 3PP,51.241540000000000,-2.388080000000000
1650551,BA11 3PQ,51.240785830000000,-2.387256976000000
1650552,BA11 3PR,51.241559070000000,-2.395342972000000
1650553,BA11 3PS,51.241607010000000,-2.399755597000000
1650554,BA11 3PT,51.240467400000000,-2.393757857000000
1650555,BA11 3PU,51.239281030000000,-2.393590150000000
1650556,BA11 3PW,51.241581450000000,-2.391360714000000
1650557,BA11 3PX,51.239051460000000,-2.395006323000000
1650558,BA11 3PY,51.241576710000000,-2.398093593000000
1650559,BA11 3PZ,51.240787400000000,-2.397513770000000
1650560,BA11 3QA,51.239589900000000,-2.397976159000000
1650561,BA11 3QB,51.238845200000000,-2.402754117000000
1650562,BA11 3QD,51.240023440000000,-2.386677575000000
1650563,BA11 3QE,51.236193940000000,-2.399737301000000
1650564,BA11 3QF,51.234005540000000,-2.400720937000000
1650565,BA11 3QG,51.238968970000000,-2.392799636000000
1650566,BA11 3QH,51.240654580000000,-2.407368277000000
1650567,BA11 3QJ,51.240953300000000,-2.388275470000000
1650568,BA11 3QN,51.238354020000000,-2.391677000000000
1650569,BA11 3QP,51.234137070000000,-2.401696047000000
1650570,BA11 3QQ,51.238696680000000,-2.388170513000000
1650571,BA11 3QR,51.234748000000000,-2.397061000000000
1650572,BA11 3QW,51.236546070000000,-2.394010836000000
1650573,BA11 3QY,51.237326660000000,-2.394518849000000
1650574,BA11 3QZ,51.236622020000000,-2.395486838000000
1650575,BA11 3RA,51.226543000000000,-2.413759000000000
1650576,BA11 3RD,51.225306000000000,-2.427725000000000
1650577,BA11 3RE,51.249084380000000,-2.400895044000000
1650578,BA11 3RF,51.252729000000000,-2.405642910000000
1650579,BA11 3RG,51.250276590000000,-2.432240908000000
1650580,BA11 3RH,51.244640000000000,-2.414953000000000
1650581,BA11 3RJ,51.249485970000000,-2.419710969000000
1650582,BA11 3RL,51.255240970000000,-2.441644728000000
1650583,BA11 3RN,51.252379320000000,-2.425253886000000
1650584,BA11 3RP,51.262118170000000,-2.437282155000000
1650585,BA11 3RQ,51.249881440000000,-2.441736636000000
1650586,BA11 3RW,51.256558000000000,-2.418744000000000
1650587,BA11 3RZ,51.249418050000000,-2.384535605000000
1650588,BA11 3SA,51.235970290000000,-2.330208570000000
1650589,BA11 3SB,51.235300360000000,-2.331807990000000
1650590,BA11 3SD,51.235339410000000,-2.330719693000000
1650591,BA11 3SE,51.235161640000000,-2.329987926000000
1650592,BA11 3SF,51.235412520000000,-2.330304838000000
1650599,BA11 3ZY,51.234287340000000,-2.333891867000000
1650600,BA11 4AA,51.225207530000000,-2.326809189000000
1650601,BA11 4AB,51.224703270000000,-2.327063377000000
1650602,BA11 4AD,51.225167120000000,-2.325176395000000
1650603,BA11 4AE,51.223854110000000,-2.328460698000000
1650604,BA11 4AF,51.223969840000000,-2.328876798000000
1650605,BA11 4AG,51.222363610000000,-2.330884375000000
1650606,BA11 4AH,51.225402340000000,-2.324662523000000
1650607,BA11 4AJ,51.224303670000000,-2.325256226000000
1650608,BA11 4AL,51.224902850000000,-2.323198350000000
1650609,BA11 4AN,51.223595720000000,-2.327613992000000
1650610,BA11 4AP,51.223813380000000,-2.323720547000000
1650611,BA11 4AQ,51.222464140000000,-2.330312320000000
1650612,BA11 4AR,51.223006000000000,-2.323629000000000
1650613,BA11 4AS,51.222918120000000,-2.322296627000000
1650614,BA11 4AT,51.223019720000000,-2.324574150000000
1650615,BA11 4AU,51.202674470000000,-2.377332890000000
1650616,BA11 4AW,51.223673570000000,-2.325495218000000
1650617,BA11 4AY,51.223529680000000,-2.322257942000000
1650618,BA11 4AZ,51.224212650000000,-2.322405915000000
1650619,BA11 4BA,51.226585190000000,-2.329339394000000
1650620,BA11 4BB,51.222008510000000,-2.332442626000000
1650621,BA11 4BD,51.219103520000000,-2.323028842000000
1650623,BA11 4BG,51.221452000000000,-2.326281000000000
1650624,BA11 4BH,51.221457000000000,-2.327627000000000
1650625,BA11 2JY,51.238889060000000,-2.315217405000000
1650626,BA11 2JZ,51.239707080000000,-2.315308949000000
1650627,BA11 2LA,51.235092900000000,-2.319116033000000
1650628,BA11 2LB,51.238758200000000,-2.323624968000000
1650629,BA11 2LD,51.244643620000000,-2.291031029000000
1650630,BA11 2LE,51.238247820000000,-2.319567607000000
1650631,BA11 2LF,51.238205600000000,-2.318564614000000
1650632,BA11 2LG,51.238523160000000,-2.320815737000000
1650633,BA11 2LH,51.236845780000000,-2.319314380000000
1650634,BA11 2LJ,51.237042420000000,-2.319745460000000
1650635,BA11 2LL,51.239476000000000,-2.327856000000000
1650636,BA11 2LN,51.238489910000000,-2.323093082000000
1650637,BA11 2LP,51.238547920000000,-2.315014531000000
1650638,BA11 2LQ,51.239466200000000,-2.317928717000000
1650639,BA11 2LR,51.237518490000000,-2.323200864000000
1650640,BA11 2LS,51.239150060000000,-2.324988555000000
1650641,BA11 2LT,51.237196680000000,-2.322511057000000
1650642,BA11 2LU,51.238771490000000,-2.325315348000000
1650643,BA11 2LW,51.240272470000000,-2.325555142000000
1650644,BA11 2LX,51.236932960000000,-2.320317656000000
1650645,BA11 2LY,51.238891470000000,-2.317652587000000
1650646,BA11 2LZ,51.237768670000000,-2.317215123000000
1650647,BA11 2NA,51.244117000000000,-2.304036000000000
1650648,BA11 2NB,51.245823590000000,-2.311196077000000
1650649,BA11 2ND,51.249942000000000,-2.308229000000000
1650650,BA11 2NE,51.252753000000000,-2.302574000000000
1650651,BA11 2NF,51.252523090000000,-2.308002000000000
1650652,BA11 2NG,51.252006050000000,-2.305878957000000
1650653,BA11 2NH,51.246034540000000,-2.309635890000000
1650654,BA11 2NJ,51.246370020000000,-2.294637966000000
1650655,BA11 2NL,51.246427750000000,-2.313922257000000
1650656,BA11 2NN,51.250843350000000,-2.303478425000000
1650657,BA11 2NP,51.251240550000000,-2.306332380000000
1650658,BA11 2NQ,51.255503370000000,-2.306074139000000
1650659,BA11 2NR,51.248703000000000,-2.317792000000000
1650660,BA11 2NS,51.245743390000000,-2.320908989000000
1650661,BA11 2NT,51.244509360000000,-2.324940395000000
1650662,BA11 2NU,51.242355560000000,-2.326644277000000
1650663,BA11 2NW,51.250630400000000,-2.298877689000000
1650664,BA11 2NX,51.244281220000000,-2.326142185000000
1650665,BA11 2NY,51.245328000000000,-2.328026366000000
1650666,BA11 2NZ,51.246952000000000,-2.326548000000000
1650667,BA11 2PA,51.245440100000000,-2.329732022000000
1650668,BA11 2PB,51.248739750000000,-2.339297795000000
1650669,BA11 2PD,51.248580340000000,-2.344612130000000
1650670,BA11 2PE,51.265461750000000,-2.307616000000000
1650671,BA11 2PF,51.268735420000000,-2.300672272000000
1650672,BA11 2PG,51.265877730000000,-2.310342638000000
1650673,BA11 2PH,51.257603000000000,-2.327942000000000
1650674,BA11 2PL,51.249571480000000,-2.260386329000000
1650675,BA11 2PN,51.250990160000000,-2.257242136000000
1650676,BA11 2PP,51.258967550000000,-2.264581041000000
1650677,BA11 2PQ,51.265902340000000,-2.311231443000000
1650678,BA11 2PR,51.255220000000000,-2.264130000000000
1650679,BA11 2PS,51.253299630000000,-2.261940606000000
1650680,BA11 2PT,51.257053180000000,-2.256100936000000
1650681,BA11 2PU,51.254393130000000,-2.259482186000000
1650682,BA11 2PW,51.263888000000000,-2.305084000000000
1650683,BA11 2PX,51.256559590000000,-2.247299588000000
1650684,BA11 2PY,51.248487010000000,-2.254334000000000
1650685,BA11 2PZ,51.251590000000000,-2.250626000000000
1650686,BA11 2QA,51.256503230000000,-2.239819050000000
1650687,BA11 2QB,51.250989270000000,-2.257643322000000
1650688,BA11 2QD,51.259739690000000,-2.353509184000000
1650689,BA11 2QE,51.264004330000000,-2.247540232000000
1650690,BA11 2QF,51.264950700000000,-2.246484710000000
1650691,BA11 2QG,51.267753070000000,-2.247947396000000
1650692,BA11 2QH,51.251419000000000,-2.346152000000000
1650693,BA11 2QJ,51.257287490000000,-2.343588177000000
1650694,BA11 2QL,51.256688960000000,-2.351350593000000
1650695,BA11 2QN,51.255582330000000,-2.354739000000000
1650696,BA11 2QP,51.258108430000000,-2.351762675000000
1650697,BA11 2QQ,51.270452510000000,-2.251273160000000
1650698,BA11 2QR,51.259366340000000,-2.355054052000000
1650699,BA11 2QS,51.260389380000000,-2.352754617000000
1650700,BA11 2QT,51.259650810000000,-2.356131067000000
1650701,BA11 2QU,51.258779230000000,-2.356038000000000
1650702,BA11 2QW,51.257962540000000,-2.352435091000000
1650703,BA11 2QX,51.258900220000000,-2.357529675000000
1650704,BA11 2QY,51.259628840000000,-2.354482838000000
1650705,BA11 2QZ,51.259689480000000,-2.355242846000000
1650706,BA11 2RA,51.260302840000000,-2.363402011000000
1650707,BA11 2RB,51.255441910000000,-2.373652356000000
1650708,BA11 2RD,51.260111320000000,-2.372830370000000
1650709,BA11 2RE,51.271393120000000,-2.370943550000000
1650710,BA11 2RF,51.273652650000000,-2.370130308000000
1650711,BA11 2RG,51.262795000000000,-2.383200000000000
1650712,BA11 2RH,51.266610910000000,-2.397865654000000
1650713,BA11 2RJ,51.260645290000000,-2.401669234000000
1650714,BA11 2RL,51.257098710000000,-2.402770392000000
1650715,BA11 2RN,51.241689980000000,-2.323473652000000
1650716,BA11 2RP,51.259889870000000,-2.357351054000000
1650717,BA11 2RQ,51.268497790000000,-2.398283302000000
1650718,BA11 2RR,51.250596680000000,-2.248242000000000
1650719,BA11 2RW,51.241551890000000,-2.324633034000000
1650720,BA11 2RY,51.242924340000000,-2.291765108000000
1650721,BA11 2SA,51.240058020000000,-2.311859059000000
1650722,BA11 2SB,51.240072530000000,-2.309782052000000
1650723,BA11 4BJ,51.224952550000000,-2.327952996000000
1650725,BA11 2SD,51.239844970000000,-2.310826232000000
1650726,BA11 2SE,51.239373980000000,-2.308717332000000
1650727,BA11 2SF,51.239172710000000,-2.310019521000000
1650728,BA11 2SG,51.241352940000000,-2.305006022000000
1650729,BA11 2SH,51.239234640000000,-2.320405277000000
1650730,BA11 2SJ,51.239913860000000,-2.308577701000000
1650731,BA11 2SL,51.239546560000000,-2.321424499000000
1650732,BA11 2SN,51.242370990000000,-2.304253505000000
1650733,BA11 2SP,51.239460190000000,-2.323400702000000
1650734,BA11 2SQ,51.241438230000000,-2.303330528000000
1650735,BA11 2SR,51.240362330000000,-2.322332661000000
1650736,BA11 2SS,51.240440010000000,-2.323507853000000
1650737,BA11 2SU,51.240724830000000,-2.321303792000000
1650738,BA11 2SW,51.242489550000000,-2.303609636000000
1650739,BA11 2SX,51.240645310000000,-2.324053646000000
1650740,BA11 2SY,51.240846260000000,-2.322923376000000
1650741,BA11 2SZ,51.241459750000000,-2.322182759000000
1650742,BA11 2TA,51.239123690000000,-2.301252556000000
1650743,BA11 2TB,51.239216630000000,-2.300078546000000
1650744,BA11 2TD,51.238583520000000,-2.301506864000000
1650745,BA11 2TE,51.238219670000000,-2.303123128000000
1650746,BA11 2TF,51.240677080000000,-2.302107889000000
1650747,BA11 2TG,51.239678290000000,-2.302373511000000
1650748,BA11 2TH,51.240563470000000,-2.300832218000000
1650749,BA11 2TJ,51.239968620000000,-2.301372678000000
1650750,BA11 2TL,51.238230140000000,-2.302550225000000
1650751,BA11 2TN,51.240321400000000,-2.307477409000000
1650752,BA11 2TP,51.241720520000000,-2.305423891000000
1650753,BA11 2TQ,51.241013720000000,-2.304058317000000
1650754,BA11 2TR,51.242120110000000,-2.303908037000000
1650755,BA11 2TS,51.242982770000000,-2.300647452000000
1650756,BA11 2TT,51.243005900000000,-2.302137483000000
1650757,BA11 2TU,51.240568720000000,-2.305745732000000
1650758,BA11 2TW,51.241070450000000,-2.306436670000000
1650759,BA11 2TX,51.239991000000000,-2.307232000000000
1650760,BA11 2TY,51.240887570000000,-2.307595788000000
1650761,BA11 2TZ,51.241365790000000,-2.306968669000000
1650762,BA11 2UA,51.242790720000000,-2.305359356000000
1650763,BA11 2UB,51.242069660000000,-2.306013550000000
1650764,BA11 2UD,51.243678690000000,-2.306210474000000
1650765,BA11 2UE,51.243110530000000,-2.306851360000000
1650766,BA11 2UF,51.242766360000000,-2.307794564000000
1650767,BA11 2UG,51.243315340000000,-2.307611995000000
1650768,BA11 2UH,51.243411900000000,-2.305076955000000
1650769,BA11 2UJ,51.242698560000000,-2.306218286000000
1650770,BA11 2UL,51.243406860000000,-2.303558376000000
1650771,BA11 2UN,51.238774780000000,-2.304043544000000
1650772,BA11 2UP,51.239449790000000,-2.303804478000000
1650773,BA11 2UQ,51.244115150000000,-2.307789248000000
1650774,BA11 2UR,51.238009730000000,-2.304324981000000
1650775,BA11 2US,51.238527550000000,-2.305746515000000
1650776,BA11 2UT,51.242831720000000,-2.303425656000000
1650777,BA11 2UU,51.243044920000000,-2.304429865000000
1650778,BA11 2UW,51.239634360000000,-2.305438714000000
1650779,BA11 2UX,51.239366630000000,-2.304663409000000
1650780,BA11 2UY,51.239155140000000,-2.306452583000000
1650781,BA11 2UZ,51.239925050000000,-2.304308980000000
1650785,BA11 2XA,51.238634160000000,-2.295763105000000
1650786,BA11 2XB,51.239383720000000,-2.294478698000000
1650787,BA11 2XD,51.239115740000000,-2.293775081000000
1650788,BA11 2XF,51.238504730000000,-2.293599294000000
1650789,BA11 2XG,51.239344900000000,-2.299148280000000
1650790,BA11 2XH,51.239423510000000,-2.296527378000000
1650791,BA11 2XJ,51.239888170000000,-2.297676352000000
1650792,BA11 2XL,51.239723720000000,-2.298692347000000
1650793,BA11 2XN,51.240908020000000,-2.296193128000000
1650794,BA11 2XP,51.240995860000000,-2.297010226000000
1650795,BA11 2XQ,51.238537210000000,-2.298527089000000
1650796,BA11 2XR,51.240707030000000,-2.297438116000000
1650797,BA11 2XS,51.241644100000000,-2.300208957000000
1650798,BA11 2XT,51.240872170000000,-2.299673899000000
1650799,BA11 2XU,51.241530620000000,-2.298875964000000
1650800,BA11 2XW,51.240027220000000,-2.296029893000000
1650801,BA11 2XX,51.240697670000000,-2.294028693000000
1650802,BA11 2XY,51.241244580000000,-2.294662492000000
1650803,BA11 2XZ,51.241949970000000,-2.296629589000000
1650804,BA11 2YA,51.241640270000000,-2.301698768000000
1650805,BA11 2YB,51.241138690000000,-2.300936249000000
1650806,BA11 2YE,51.240124610000000,-2.293065269000000
1650807,BA11 2YF,51.239820400000000,-2.292461694000000
1650808,BA11 2YH,51.240454210000000,-2.294299314000000
1650809,BA11 2YQ,51.240050050000000,-2.294110509000000
1650810,BA11 3AA,51.232714530000000,-2.324026536000000
1650811,BA11 3AD,51.233777180000000,-2.323446766000000
1650812,BA11 3AE,51.235121850000000,-2.324931505000000
1650813,BA11 3AF,51.235341770000000,-2.326680511000000
1650814,BA11 3AG,51.234895700000000,-2.325416902000000
1650815,BA11 3AH,51.234562460000000,-2.322363717000000
1650816,BA11 3AL,51.234874760000000,-2.323239620000000
1650817,BA11 3AN,51.234772890000000,-2.327535872000000
1650818,BA11 3AP,51.234008190000000,-2.324450996000000
1650819,BA11 3AQ,51.235733760000000,-2.324763937000000
1650820,BA11 3AR,51.236489350000000,-2.327891840000000
1650822,BA11 3AT,51.235935310000000,-2.333030066000000
1650823,BA11 3AU,51.234243160000000,-2.324022959000000
1650824,BA11 3AW,51.236078610000000,-2.326857617000000
1650825,BA11 1LB,51.224664060000000,-2.321750347000000
1650826,BA11 1LD,51.224010250000000,-2.320800673000000
1650827,BA11 1LE,51.226322940000000,-2.320158016000000
1650828,BA11 1LF,51.226317860000000,-2.318725921000000
1650829,BA11 1LG,51.226805470000000,-2.321264065000000
1650830,BA11 1LH,51.223329240000000,-2.319936755000000
1650832,BA11 1LR,51.227601920000000,-2.319379243000000
1650834,BA11 1LT,51.226491550000000,-2.317681715000000
1650835,BA11 1LU,51.226333930000000,-2.316119683000000
1650836,BA11 1LW,51.226395160000000,-2.316750210000000
1650837,BA11 1LX,51.227285070000000,-2.316856570000000
1650838,BA11 1LY,51.226845290000000,-2.316552812000000
1650839,BA11 1LZ,51.226477700000000,-2.312812600000000
1650840,BA11 1NA,51.226788450000000,-2.314289745000000
1650841,BA11 1NB,51.226147420000000,-2.315259172000000
1650842,BA11 1ND,51.225299220000000,-2.316356034000000
1650843,BA11 1NE,51.225638700000000,-2.313837975000000
1650845,BA11 1NG,51.224876640000000,-2.319646769000000
1650846,BA11 1NH,51.225320280000000,-2.318532862000000
1650847,BA11 1NJ,51.224709740000000,-2.314877019000000
1650848,BA11 1NN,51.224098800000000,-2.314686689000000
1650849,BA11 1NP,51.222811320000000,-2.315293641000000
1650850,BA11 1NR,51.225557730000000,-2.316916000000000
1650851,BA11 1NS,51.224454840000000,-2.316035200000000
1650852,BA11 1NT,51.224560880000000,-2.316723289000000
1650853,BA11 1NU,51.223853630000000,-2.315572845000000
1650854,BA11 1NW,51.223728330000000,-2.315357190000000
1650855,BA11 1NX,51.223491140000000,-2.316615703000000
1650856,BA11 1NY,51.223425980000000,-2.317431479000000
1650857,BA11 1NZ,51.223920140000000,-2.317578079000000
1650858,BA11 1PA,51.223120180000000,-2.317458013000000
1650859,BA11 1PB,51.223262070000000,-2.318189292000000
1650860,BA11 1PD,51.223855680000000,-2.318136109000000
1650861,BA11 1PH,51.224412000000000,-2.318569547000000
1650862,BA11 1PJ,51.223978170000000,-2.319382783000000
1650863,BA11 1PL,51.230151030000000,-2.321058230000000
1650864,BA11 1PN,51.227274000000000,-2.314909000000000
1650865,BA11 1PQ,51.227111000000000,-2.315194000000000
1650867,BA11 1PS,51.231276370000000,-2.320564792000000
1650868,BA11 1PT,51.229903100000000,-2.319395000000000
1650869,BA11 1PU,51.229390530000000,-2.319663743000000
1650870,BA11 1PW,51.230162260000000,-2.320241966000000
1650871,BA11 1PX,51.228963500000000,-2.317985176000000
1650872,BA11 1PY,51.228929010000000,-2.317440725000000
1650873,BA11 1PZ,51.228681000000000,-2.316651000000000
1650874,BA11 1QA,51.228807870000000,-2.322280514000000
1650875,BA11 1QB,51.228739250000000,-2.321077041000000
1650876,BA11 1QD,51.228392330000000,-2.319699786000000
1650877,BA11 1QG,51.228644770000000,-2.319458074000000
1650878,BA11 1QH,51.228783740000000,-2.317597000000000
1650879,BA11 1QJ,51.228101110000000,-2.317678484000000
1650880,BA11 1QL,51.228869520000000,-2.319473953000000
1650882,BA11 1QP,51.228304120000000,-2.315760841000000
1650883,BA11 1QQ,51.228870540000000,-2.319101603000000
1650884,BA11 1QR,51.227971000000000,-2.315916091000000
1650885,BA11 1QS,51.227588300000000,-2.314452728000000
1650886,BA11 1QT,51.227914270000000,-2.313610007000000
1650887,BA11 1QU,51.227927050000000,-2.312192306000000
1650888,BA11 1QW,51.230396980000000,-2.319899872000000
1650889,BA11 1QX,51.227531150000000,-2.312691000000000
1650890,BA11 1QY,51.228218260000000,-2.310891050000000
1650891,BA11 1QZ,51.228022380000000,-2.310159352000000
1650892,BA11 1RE,51.226843170000000,-2.310638324000000
1650893,BA11 1RJ,51.228946710000000,-2.310852998000000
1650894,BA11 1RL,51.228503440000000,-2.311537000000000
1650895,BA11 1RN,51.229276000000000,-2.312731000000000
1650896,BA11 1RP,51.228725440000000,-2.312899458000000
1650897,BA11 1RR,51.228721680000000,-2.314302924000000
1650898,BA11 1RT,51.229395210000000,-2.314622590000000
1650899,BA11 1RU,51.231348500000000,-2.313705000000000
1650900,BA11 1RX,51.229272480000000,-2.316784300000000
1650901,BA11 1RZ,51.230594770000000,-2.316607202000000
1650906,BA11 2AB,51.233625340000000,-2.316499111000000
1650907,BA11 2AD,51.236958850000000,-2.314086940000000
1650908,BA11 2AE,51.234560430000000,-2.313182561000000
1650909,BA11 2AF,51.234887000000000,-2.312469000000000
1650910,BA11 2AG,51.234060000000000,-2.312421436000000
1650911,BA11 2AH,51.236104980000000,-2.313952208000000
1650912,BA11 2AJ,51.232830840000000,-2.310993772000000
1650913,BA11 2AL,51.232757000000000,-2.311709403000000
1650914,BA11 2AN,51.232323320000000,-2.309099783000000
1650915,BA11 2AP,51.231669570000000,-2.308092842000000
1650916,BA11 2AQ,51.234030650000000,-2.312906824000000
1650917,BA11 2AR,51.231823750000000,-2.307592591000000
1650918,BA11 2AS,51.231317980000000,-2.308434223000000
1650919,BA11 2AT,51.234682030000000,-2.311421634000000
1650920,BA11 3AX,51.235517480000000,-2.328157072000000
1650921,BA11 3AY,51.231218020000000,-2.328627740000000
1650922,BA11 3BA,51.231210960000000,-2.327940228000000
1650923,BA11 3BB,51.231810750000000,-2.328889767000000
1650924,BA11 3BD,51.231549750000000,-2.328973838000000
1650925,BA11 2AU,51.235236160000000,-2.305882237000000
1650926,BA11 2AW,51.232016800000000,-2.309398497000000
1650927,BA11 2AX,51.233293940000000,-2.309292488000000
1650928,BA11 2AY,51.233648130000000,-2.311357358000000
1650929,BA11 2AZ,51.234173380000000,-2.309957248000000
1650930,BA11 2BA,51.232813030000000,-2.307527580000000
1650931,BA11 2BB,51.233214970000000,-2.305124042000000
1650932,BA11 2BD,51.234365130000000,-2.305432441000000
1650933,BA11 2BE,51.234072200000000,-2.303969554000000
1650934,BA11 2BG,51.233766570000000,-2.307376390000000
1650935,BA11 2BH,51.234648100000000,-2.307253360000000
1650936,BA11 2BJ,51.233987360000000,-2.305472907000000
1650937,BA11 2BL,51.233318640000000,-2.303291415000000
1650938,BA11 2BN,51.233681470000000,-2.302076357000000
1650939,BA11 2BP,51.234479080000000,-2.299618007000000
1650940,BA11 2BQ,51.232374910000000,-2.306579374000000
1650941,BA11 2BR,51.235080390000000,-2.300065939000000
1650942,BA11 2BS,51.237492710000000,-2.295555243000000
1650943,BA11 2BT,51.236823800000000,-2.296940366000000
1650944,BA11 2BU,51.234466110000000,-2.301164820000000
1650945,BA11 2BW,51.234088720000000,-2.301062093000000
1650946,BA11 2BX,51.235331130000000,-2.300468626000000
1650947,BA11 2BY,51.236231400000000,-2.300044785000000
1650948,BA11 2BZ,51.236495360000000,-2.298800338000000
1650949,BA11 2DA,51.237549950000000,-2.297804490000000
1650950,BA11 2DD,51.237871280000000,-2.298737638000000
1650951,BA11 2DE,51.237169920000000,-2.298733091000000
1650952,BA11 2DF,51.237078680000000,-2.299248161000000
1650953,BA11 2DG,51.236416950000000,-2.301320805000000
1650954,BA11 2DH,51.234929730000000,-2.306152346000000
1650955,BA11 2DJ,51.242395770000000,-2.298122319000000
1650956,BA11 2DL,51.237930080000000,-2.296832901000000
1650957,BA11 2DN,51.236466130000000,-2.303168889000000
1650958,BA11 2DP,51.235118440000000,-2.302744648000000
1650959,BA11 2DQ,51.235841700000000,-2.301231103000000
1650960,BA11 2DR,51.236167620000000,-2.303854461000000
1650961,BA11 2DS,51.242079010000000,-2.298922497000000
1650962,BA11 2DT,51.242436070000000,-2.299941931000000
1650963,BA11 2DU,51.242601810000000,-2.298424491000000
1650964,BA11 2DW,51.235569660000000,-2.302117380000000
1650965,BA11 2DX,51.235464920000000,-2.304365472000000
1650966,BA11 2DY,51.235039690000000,-2.305365295000000
1650967,BA11 2DZ,51.234916910000000,-2.304175650000000
1650968,BA11 2EA,51.233873720000000,-2.314423991000000
1650969,BA11 2EB,51.234211270000000,-2.315958859000000
1650970,BA11 2ED,51.234691660000000,-2.314544156000000
1650971,BA11 2EE,51.235974540000000,-2.305486077000000
1650972,BA11 2EF,51.236493700000000,-2.306391915000000
1650973,BA11 2EG,51.236835000000000,-2.303472000000000
1650974,BA11 2EH,51.235223970000000,-2.310323000000000
1650975,BA11 2EJ,51.237780850000000,-2.302432682000000
1650976,BA11 2EL,51.237835320000000,-2.302232501000000
1650977,BA11 2EN,51.237487710000000,-2.301041325000000
1650978,BA11 2EP,51.237134450000000,-2.302041694000000
1650979,BA11 2EQ,51.237473460000000,-2.303075247000000
1650980,BA11 2ER,51.237522030000000,-2.294624366000000
1650981,BA11 2ES,51.236612930000000,-2.294990973000000
1650982,BA11 2ET,51.237094610000000,-2.296526717000000
1650983,BA11 2EU,51.235746060000000,-2.296432100000000
1650984,BA11 2EW,51.237688800000000,-2.299767791000000
1650985,BA11 2EX,51.235248020000000,-2.297803939000000
1650986,BA11 2EY,51.236083640000000,-2.298052840000000
1650987,BA11 2EZ,51.235497050000000,-2.298879806000000
1650988,BA11 2FB,51.245551000000000,-2.291997000000000
1650989,BA11 2FD,51.244053000000000,-2.293964000000000
1650990,BA11 2FE,51.244997520000000,-2.293568000000000
1650991,BA11 2FG,51.244776030000000,-2.292020382000000
1650992,BA11 2FH,51.237318000000000,-2.311544991000000
1650993,BA11 2FJ,51.235743000000000,-2.305313000000000
1650994,BA11 2FL,51.242614420000000,-2.293439247000000
1650995,BA11 2HA,51.235992680000000,-2.315584334000000
1650996,BA11 2HB,51.236261000000000,-2.316589000000000
1650997,BA11 2HD,51.237147290000000,-2.314231464000000
1650998,BA11 2HE,51.236282580000000,-2.314784192000000
1650999,BA11 2HF,51.237775710000000,-2.314608176000000
1651000,BA11 2HG,51.241263030000000,-2.311824238000000
1651001,BA11 2HH,51.238778100000000,-2.312782000000000
1651002,BA11 2HJ,51.239621000000000,-2.314535000000000
1651003,BA11 2HL,51.242402570000000,-2.312734462000000
1651004,BA11 2HN,51.240611490000000,-2.313366933000000
1651005,BA11 2HP,51.243949910000000,-2.312458442000000
1651006,BA11 2HQ,51.243034280000000,-2.311879202000000
1651007,BA11 2HR,51.241610490000000,-2.313029918000000
1651008,BA11 2HS,51.241410140000000,-2.313974026000000
1651009,BA11 2HT,51.242281000000000,-2.314897000000000
1651010,BA11 2HU,51.241050880000000,-2.317151766000000
1651011,BA11 2HW,51.240607100000000,-2.314999957000000
1651012,BA11 2HX,51.243353540000000,-2.313543165000000
1651013,BA11 2HY,51.242172780000000,-2.314595219000000
1651014,BA11 2HZ,51.241559680000000,-2.315207023000000
1651015,BA11 2JA,51.242301040000000,-2.317045765000000
1651016,BA11 2JB,51.241461930000000,-2.318100064000000
1651017,BA11 2JD,51.242888530000000,-2.315932400000000
1651018,BA11 2JE,51.240118000000000,-2.316787000000000
1651019,BA11 2JF,51.241114870000000,-2.316765426000000
1651020,BA11 2JG,51.240334880000000,-2.315914892000000
1651021,BA11 2JH,51.235593210000000,-2.316999622000000
1651022,BA11 2JJ,51.235814780000000,-2.318190000000000
1651023,BA11 2JL,51.237170460000000,-2.318958530000000
1651024,BA11 2JN,51.237234280000000,-2.315320679000000
1651111,BA11 1AB,51.231634310000000,-2.321197460000000
1651112,BA11 1AE,51.231272950000000,-2.321810794000000
1651113,BA11 1AF,51.231273380000000,-2.321653254000000
1651114,BA11 1AG,51.230858890000000,-2.321965446000000
1651115,BA11 1AH,51.230878020000000,-2.321550241000000
1651116,BA11 1AJ,51.231103600000000,-2.321265373000000
1651117,BA11 2JP,51.236513400000000,-2.319197487000000
1651118,BA11 2JQ,51.241065530000000,-2.315060391000000
1651119,BA11 2JR,51.236567460000000,-2.315846097000000
1651120,BA11 2JS,51.237736610000000,-2.315768165000000
1651121,BA11 2JT,51.239379620000000,-2.316696200000000
1651122,BA11 2JU,51.240038630000000,-2.319050005000000
1651123,BA11 2JW,51.237121340000000,-2.317182020000000
1651124,BA11 2JX,51.241397240000000,-2.318744255000000
1651125,BA11 1AL,51.232003600000000,-2.320970876000000
1651126,BA11 1AN,51.231401590000000,-2.320809140000000
1651127,BA11 1AP,51.231727130000000,-2.320138259000000
1651128,BA11 1AQ,51.230491010000000,-2.315074047000000
1651129,BA11 1AR,51.231951260000000,-2.320383295000000
1651130,BA11 1AS,51.232320670000000,-2.320113736000000
1651131,BA11 1AT,51.232826980000000,-2.319100346000000
1651132,BA11 1AU,51.232530220000000,-2.319112614000000
1651133,BA11 1AX,51.231351550000000,-2.316068157000000
1651134,BA11 1AY,51.232531510000000,-2.318639980000000
1651135,BA11 1AZ,51.232685810000000,-2.317996000000000
1651136,BA11 1BB,51.233077730000000,-2.319474472000000
1651138,BA11 1BE,51.233563000000000,-2.320065000000000
1651139,BA11 1BG,51.231947780000000,-2.318363820000000
1651140,BA11 1BH,51.230808560000000,-2.320647471000000
1651141,BA11 1BL,51.231693430000000,-2.322587132000000
1651142,BA11 1BN,51.230753430000000,-2.321076747000000
1651143,BA11 1BP,51.232695910000000,-2.324255566000000
1651144,BA11 1BQ,51.231960200000000,-2.317103540000000
1651145,BA11 1BS,51.231929900000000,-2.321614868000000
1651146,BA11 1BT,51.230540220000000,-2.320130016000000
1651147,BA11 1BU,51.230893760000000,-2.322366706000000
1651148,BA11 1BW,51.230905310000000,-2.321435855000000
1651149,BA11 1BX,51.231074660000000,-2.321981275000000
1651150,BA11 1BY,51.231018100000000,-2.322926136000000
1651151,BA11 1BZ,51.231123350000000,-2.323757000000000
1651152,BA11 1DA,51.231120250000000,-2.325003554000000
1651153,BA11 1DB,51.231035450000000,-2.326392196000000
1651154,BA11 1DE,51.231639460000000,-2.325837905000000
1651155,BA11 1DF,51.230297610000000,-2.323336422000000
1651156,BA11 1DG,51.230797170000000,-2.321521033000000
1651157,BA11 1DH,51.230303530000000,-2.321188188000000
1651158,BA11 1DJ,51.230645000000000,-2.321763000000000
1651159,BA11 1DL,51.230518000000000,-2.321676627000000
1651160,BA11 1DN,51.229815060000000,-2.322244590000000
1651162,BA11 1DQ,51.230885750000000,-2.322008600000000
1651163,BA11 1DR,51.230555540000000,-2.321104013000000
1651164,BA11 1DS,51.230219610000000,-2.322276061000000
1651165,BA11 1DT,51.230783600000000,-2.323182289000000
1651166,BA11 1DU,51.231282460000000,-2.324875798000000
1651167,BA11 1DW,51.229401520000000,-2.322213056000000
1651168,BA11 1EA,51.228938550000000,-2.323799497000000
1651169,BA11 1EB,51.229181730000000,-2.323657990000000
1651170,BA11 1ED,51.227970550000000,-2.325912223000000
1651171,BA11 1EE,51.229825440000000,-2.324994426000000
1651173,BA11 1EG,51.229970000000000,-2.325368000000000
1651174,BA11 1EH,51.230120000000000,-2.326400000000000
1651175,BA11 1EJ,51.230071000000000,-2.324380000000000
1651176,BA11 1EL,51.230637320000000,-2.324054901000000
1651177,BA11 1EN,51.230220520000000,-2.325197716000000
1651178,BA11 1EP,51.230595340000000,-2.326217217000000
1651179,BA11 1EQ,51.230361510000000,-2.326229885000000
1651180,BA11 1ER,51.230714820000000,-2.325287135000000
1651181,BA11 1ES,51.229647000000000,-2.324821000000000
1651182,BA11 1ET,51.232480380000000,-2.324153793000000
1651183,BA11 1EU,51.228827040000000,-2.325101959000000
1651184,BA11 1EW,51.230546090000000,-2.324526883000000
1651187,BA11 1FB,51.232231190000000,-2.323221082000000
1651188,BA11 1FD,51.227334250000000,-2.321897869000000
1651189,BA11 1FE,51.231901070000000,-2.319008003000000
1651190,BA11 1FF,51.232045830000000,-2.318679590000000
1651191,BA11 1FH,51.225617790000000,-2.314926182000000
1651192,BA11 1FJ,51.223248000000000,-2.313941026000000
1651193,BA11 1FL,51.223426000000000,-2.314454999000000
1651194,BA11 1FN,51.224192140000000,-2.313412851000000
1651195,BA11 1FR,51.229156590000000,-2.313074242000000
1651196,BA11 1FS,51.223547000000000,-2.313152532000000
1651197,BA11 1FW,51.227867000000000,-2.324708000000000
1651198,BA11 1HA,51.228213190000000,-2.322720314000000
1651199,BA11 1HB,51.226573750000000,-2.327005042000000
1651200,BA11 1HD,51.227260810000000,-2.328900272000000
1651201,BA11 1HE,51.227945940000000,-2.331641000000000
1651202,BA11 1HF,51.229341930000000,-2.330676668000000
1651203,BA11 1HG,51.227589000000000,-2.331051000000000
1651204,BA11 1HH,51.228481110000000,-2.329825539000000
1651205,BA11 1HJ,51.229707900000000,-2.328445115000000
1651206,BA11 1HN,51.226265980000000,-2.324511078000000
1651207,BA11 1HP,51.228590210000000,-2.322952093000000
1651208,BA11 1HR,51.227582420000000,-2.323202812000000
1651209,BA11 1HS,51.226933360000000,-2.323799735000000
1651210,BA11 1HT,51.226350200000000,-2.323323060000000
1651211,BA11 1HU,51.225995430000000,-2.324795583000000
1651212,BA11 1HW,51.225754410000000,-2.324163787000000
1651213,BA11 1HX,51.226264550000000,-2.325026608000000
1651214,BA11 1HY,51.226814730000000,-2.330844713000000
1651215,BA11 1HZ,51.226337480000000,-2.331084738000000
1651216,BA11 1JA,51.229414000000000,-2.321439017000000
1651217,BA11 1JB,51.228126550000000,-2.321531051000000
1651218,BA11 1JD,51.227523590000000,-2.321713019000000
1651219,BA11 1JE,51.227174370000000,-2.321180710000000
1651220,BA11 1JF,51.227046320000000,-2.321967463000000
1651221,BA11 1JG,51.227503200000000,-2.322586455000000
1651222,BA11 1JH,51.228907690000000,-2.321951819000000
1651223,BA11 1JJ,51.226739730000000,-2.322280378000000
1651224,BA11 1JL,51.226638920000000,-2.322967067000000
1651314,BA11 1JN,51.226139610000000,-2.321431271000000
1651315,BA11 1JP,51.226176000000000,-2.321845932000000
1651316,BA11 1JQ,51.227169950000000,-2.322784616000000
1651317,BA11 1JR,51.226074700000000,-2.322146845000000
1651318,BA11 1JS,51.225277110000000,-2.321167494000000
1651319,BA11 1JT,51.225410920000000,-2.321555075000000
1651320,BA11 1JW,51.225861100000000,-2.321343407000000
1651321,BA11 1JX,51.225705050000000,-2.322502273000000
1651322,BA11 1JY,51.225559930000000,-2.319680146000000
1651323,BA11 1JZ,51.225727360000000,-2.320927183000000
1651324,BA11 1LA,51.224602570000000,-2.321220076000000
1751708,BA11 1FT,51.227256424976800,-2.312689277386190
1751709,BA11 1FX,51.231407000000000,-2.325837271847550
1751710,BA11 1FY,51.229895355468900,-2.314440103019130
1751711,BA11 1FZ,51.229596801743100,-2.311759924755260
1751712,BA11 1GA,51.229758996529200,-2.311632126638800
1751713,BA11 1GB,51.230392437541900,-2.313498250670680
1751714,BA11 1GD,51.229460665460600,-2.312231615997850
1751715,BA11 1GE,51.230003000000000,-2.309600000000000
1751716,BA11 1GF,51.227522063690500,-2.320682000000000
1751717,BA11 1GH,51.227192035224800,-2.319877916965000
1751718,BA11 1GJ,51.227079087432700,-2.318430729018060
1751719,BA11 1GL,51.227979702698000,-2.317907068108870
1751720,BA11 2AA,51.236421680282900,-2.321919000000000
1751721,BA11 2FA,51.236254000000000,-2.322547000000000
1751722,BA11 2FN,51.243002816680800,-2.294903000000000
1751723,BA11 2FP,51.244253000000000,-2.292963000000000
1751724,BA11 2RX,51.244439903153200,-2.312705592791840
1751726,BA11 3FE,51.232407659223300,-2.322921000000000
1751727,BA11 4FE,51.229038474210200,-2.334842317278510
1751728,BA11 4PB,51.229637811169000,-2.332784354948120
1751729,BA11 4PD,51.205653000000000,-2.363000000000000
1751730,BA11 6AF,51.268395000000000,-2.286222000000000
1751731,BA11 6NA,51.283781451514100,-2.283607738223350
1751735,BA11 9BL,51.234292465063200,-2.333892188966920
1751739,BA11 9BW,51.234292465063200,-2.333892188966920
1850719,BA11 5DF,51.224475000000000,-2.306981000000000
2577140,BA11 3FG,51.232970771400000,-2.324257783600000
2577141,BA11 6AA,51.277158000000000,-2.280656000000000
2577142,BA11 9BX,51.234292424200000,-2.333906511700000
2584508,BA11 6AH,51.268566000000000,-2.286323000000000
2584509,BA11 6AJ,51.269214000000000,-2.285969000000000
2591011,BA11 2FF,51.233620000000000,-2.313617000000000
2591028,BA11 9DD,51.234284000000000,-2.333903000000000
2598786,BA11 5FA,51.224799000000000,-2.306855000000000
2598787,BA11 5FF,51.223892000000000,-2.306491000000000
2598788,BA11 4FF,51.230483000000000,-2.335938000000000
2598789,BA11 4FG,51.229039000000000,-2.334839000000000
2598792,BA11 5ET,51.223960000000000,-2.307980000000000
2598794,BA11 5DY,51.224250000000000,-2.307180000000000
2598795,BA11 5DZ,51.224053000000000,-2.306835000000000
2598802,BA11 5BX,51.218488000000000,-2.319713000000000
2598804,BA11 4FB,51.225411000000000,-2.329843000000000
2622706,BA11 4FH,51.230656000000000,-2.335295000000000
2622707,BA11 5EU,51.223256000000000,-2.308849000000000
2622708,BA11 5FB,51.224481000000000,-2.304662000000000
2622709,BA11 6AP,51.264637000000000,-2.280247000000000
2622710,BA11 6AR,51.264242000000000,-2.280273000000000
2622711,BA11 6AS,51.266396000000000,-2.289030000000000
2622714,BA11 9DJ,51.234284000000000,-2.333903000000000
2622718,BA11 3FH,51.255341000000000,-2.450028000000000
2633876,BA11 4FJ,51.224577000000000,-2.325928000000000
2633877,BA11 4FL,51.227846000000000,-2.340058000000000
2633878,BA11 5FD,51.224126000000000,-2.302984000000000
2633879,BA11 5FE,51.223888000000000,-2.304328000000000
2633880,BA11 6AL,51.265051000000000,-2.280035000000000
2633881,BA11 6AN,51.265565000000000,-2.279737000000000
2633882,BA11 6AQ,51.265251000000000,-2.279448000000000
2638172,BA11 1FA,51.228484000000000,-2.320843000000000
2638173,BA11 1FU,51.229334000000000,-2.319331000000000
2638174,BA11 2FQ,51.245225000000000,-2.290730000000000
2638175,BA11 4FN,51.220017000000000,-2.323103000000000
2638176,BA11 5FG,51.223566000000000,-2.303997000000000
2638177,BA11 5FP,51.222701000000000,-2.304550000000000
2638178,BA11 5FR,51.222715000000000,-2.309361000000000
2638179,BA11 9DP,51.234284000000000,-2.333903000000000
2638180,BA11 9DQ,51.234284000000000,-2.333903000000000
2638183,BA11 9DT,51.234284000000000,-2.333903000000000
2649374,BA11 5FH,51.222204000000000,-2.308799000000000
2649375,BA11 5FJ,51.221956000000000,-2.304172000000000
2649376,BA11 5FL,51.221395000000000,-2.305200000000000
2649377,BA11 5FQ,51.221397000000000,-2.304455000000000
2649378,BA11 9DU,51.234284000000000,-2.333903000000000
2649379,BA11 9DW,51.234284000000000,-2.333903000000000
2661942,BA11 6AT,51.279975000000000,-2.277445000000000
2661943,BA11 9DX,51.234284000000000,-2.333903000000000
