name,postcode,lat,lon
Rabbit and Shearwater,CO10 7BW,52.051166125948300,0.616545000000000
B and Solitaire,IP30 0TJ,52.207949722362900,0.751397786182151
Old World vulture and Condor,IP3 8HR,52.052470624399900,1.178870051802230
Puffleg and Kangaroo,IP32 6DZ,52.261753618811400,0.701220146683764
Recurvebill and Egret,IP14 4LE,52.257231000000000,0.989863000000000
Francolin and Flameback,IP14 2PR,52.177608441878600,1.006661000000000
Chipmunk and New World blackbird,IP33 2PS,52.233751966441200,0.725765712758529
Goose and Myna,CO10 1XS,52.045289728825900,0.714849000000000
Diving bird and Pheasant,IP31 3DT,52.285253351308400,0.919074296330240
River dolphin and Mink,IP23 8GZ,52.303213121227000,1.043720000000000
Francolin and Tattler,IP14 5LQ,52.213072465366700,1.125119977334630
Bunting and Badger,IP14 3HG,52.197299862218900,0.961615722410321
Kangaroo and Goose,IP30 9HW,52.254196000000000,0.957202000000000
Peafowl and Macaw,IP14 3RH,52.239120645295500,0.971213000000000
Piping shrike and Asiatic leopard,IP14 1BZ,52.184245228112400,0.995994071842599
Minke whale and Minke whale,CO10 7TN,52.095761075620400,0.667347643278489
Chipmunk and Siskin,IP6 8DD,52.157054400167600,1.045958983438210
Scimitar babbler and Viscacha,CO10 7BU,52.049734027688000,0.609994508475218
Thrasher and Civet,IP4 1PR,52.054542976559400,1.172729284525470
Francolin and Night heron,IP2 8EB,52.046854390302700,1.153936273663540
Coati and Prion,IP7 6AB,52.044448984707600,0.966896051443460
Duck and Flameback,IP32 7AB,52.251198644890400,0.726132277060125
Capuchin and Gull,IP30 0RD,52.194258505652300,0.893583706528200
Peafowl and Peafowl,IP33 3PE,52.239767000000000,0.703560000000000
Darwin's finches and Old World quail,IP1 9SA,52.058237379656500,1.148683575614940
Mamo and Tree warbler,IP14 4AN,52.202163342122900,1.020546049639490
Wallaby and Asiatic leopard,IP14 6QB,52.225863831706400,1.182872273292660
Kestrel and Chickadee,IP29 4PN,52.160862652692300,0.715360000000000
Viscacha and Myna,IP6 0GE,52.109173461612100,1.099001724738880
Masked owl and Grackle,IP1 5JF,52.072734295894200,1.119667497767400
Tattler and Pitohui,IP33 1LW,52.244657594229000,0.714822000000000
Songlark and Parrotlet,IP30 9PE,52.236347465521000,0.867305000000000
Thicketbird and Badger,IP28 6JN,52.276012477562200,0.693906899235328
Darwin's finches and Piping shrike,IP6 9JH,52.145510735357200,1.191452000000000
Moluccan boobook and Cloud rat,IP30 0SG,52.189432000000000,0.872931000000000
Warbler and American sparrow,IP2 8GY,52.046313025251500,1.153329254798130
Zebra and Peafowl,IP14 5QJ,52.245965000000000,1.118597000000000
Petrel and Chicken,IP6 9JY,52.142774945192500,1.188663851664600
Logrunners and Quetzal,IP7 6PA,52.080326331872200,1.000893336267170
White ibis and Vole,IP4 2LS,52.056688093461600,1.165542633617870
White ibis and Tree warbler,IP4 5ES,52.053925809471100,1.188252098219170
Mockingbird and Tree warbler,IP14 1RG,52.196096000000000,0.977394767345123
Polecat and Perching duck,IP32 6TE,52.261755368583300,0.692881118712468
Pitohui and Fulmarine petrel,IP1 3SX,52.068164888603200,1.158824497290500
Civet and Civet,IP29 4EH,52.143217673689000,0.676030342687053
Egret and Fish eagle,IP6 0BL,52.111839005834800,1.116964407834460
Snipe and Asiatic leopard,IP1 5QL,52.086965000000000,1.116544000000000
Bronzewing pigeon and Scimitar babbler,IP31 2LZ,52.286629000000000,0.839507000000000
Viscacha and Civet,IP30 0TU,52.206152889573000,0.748622684628618
Jackal and Coati,IP8 4NP,52.085196523808900,1.079805831715250
Partridge and Parakeet,IP33 1AS,52.248776000000000,0.717309000000000
Recurvebill and Macaw,IP14 2ET,52.165623000000000,0.998384000000000
Moluccan boobook and Kākāriki,IP31 2RU,52.274338328259400,0.767809180376187
Flameback and Stilt,IP4 1QB,52.053263266441200,1.179159779295990
Cloud rat and Masked owl,IP14 5LU,52.221187703556700,1.112086045217740
Treepie and Grackle,IP6 9TN,52.160802278598700,1.124730090605600
Herring gull and Mouse,IP14 1TG,52.195446871623700,0.985522796742368
Grackle and Ibex,IP6 9LS,52.130765500469000,1.198050266761370
Flameback and Dolphin,IP30 9QD,52.242917765074200,0.861252758899324
Mouse and Mamo,IP29 4HW,52.140847264376000,0.728432718305617
Grosbeak and Mamo,IP1 3LG,52.059634765484500,1.150576592378010
Black jay and New World blackbird,IP33 2NN,52.230599254778800,0.725601787801649
Logrunners and American sparrow,IP1 6HS,52.082424428969500,1.132401796978320
B and Snipe,IP4 4JN,52.067822869835000,1.181551771761380
Old World warbler and Darwin's finches,IP33 1AP,52.247146217649500,0.721312616068877
Kestrel and Darwin's finches,CO10 9AZ,52.092543563279100,0.704736407317578
Solitaire and Zebra,IP30 9QT,52.224731647285000,0.891216262657799
Prion and Herring gull,IP8 4HU,52.080847025424800,1.098191111153170
Mink and Rabbit,IP31 2LP,52.275118000000000,0.834270000000000
Chickadee and Tit-tyrant,CO10 0XJ,52.067706241221600,0.760114875052477
Diving bird and Myna,IP31 3AL,52.312864946151900,0.934567351823429
Old World warbler and Minke whale,IP14 5EW,52.197280282272600,1.071702918728740
Kite and Quetzal,IP7 6NX,52.073002544321000,1.008414409464310
Hawaiian honeycreeper and Treepie,IP32 7BY,52.239587944536300,0.743628512151182
Booted eagles and Condor,IP33 3EP,52.245009078329300,0.699645867547597
Logrunners and Stilt,IP7 5DH,52.045761915140200,0.962257288169399
River dolphin and Perching duck,IP32 6BZ,52.259236924062200,0.707442051326601
Quetzal and Grosbeak,IP1 3QY,52.066159844951000,1.150408665115400
Kestrel and White ibis,IP23 7JY,52.273889804780600,1.167195930150480
Grouse and Old World vulture,IP4 1NE,52.054965161336000,1.161715046493700
Armadillo and Linsang,IP4 5NU,52.057376307978400,1.176723642064050
Grouse and Viscacha,IP23 7NX,52.309722816469400,1.173144485867140
Elephant and Recurvebill,IP4 5DA,52.056846244322900,1.182697110577490
Maya and Fulmarine petrel,IP32 6HJ,52.266430992951400,0.703662000000000
Stint and Rat,IP2 0TN,52.047299642385700,1.114233259693350
Macaw and Partridge,IP5 1DT,52.075403642040300,1.197533860522870
Darwin's finches and Old World quail,IP8 3DR,52.059725183392100,1.059142811871750
Treepie and Lemming,IP6 8GT,52.156032483259100,1.048959809620770
Bunting and B,IP14 6EF,52.174108676238400,1.196669457873030
Solitaire and Macaw,IP14 5QL,52.248410000000000,1.128513000000000
Kākāriki and Pratincole,IP29 5DB,52.254631263848700,0.599122742463971
Bunting and Grouse,IP14 6EL,52.167172803254500,1.197722316284680
American sparrow and Polecat,IP3 8NZ,52.050135289923600,1.198018543891780
Mole and Marmoset,IP31 3PB,52.253095657858400,0.807461000000000
Stilt and Rabbit,IP32 7AP,52.253329000000000,0.731670000000000
Skunk and White ibis,IP1 4BP,52.067103474237500,1.137297396759030
Philippine hawk-owl and Ibex,IP6 8NL,52.168814000000000,1.063173000000000
Ground sloth and Mockingbird,IP6 8AU,52.151907976301400,1.054379897655330
Towhee and Recurvebill,IP1 1HE,52.057102000000000,1.150882090705640
Skunk and Vulture,IP3 8XQ,52.049014000000000,1.192891000000000
Badger and Maya,IP30 0LL,52.170589000000000,0.763936000000000
Vole and Myna,CO10 0AW,52.069643422942800,0.761109966387373
Magpie and Mamo,IP8 3BD,52.062591793817300,1.098108660858990
Triller and Recurvebill,IP33 3NA,52.241726245635400,0.694158180230511
Asiatic leopard and Grouse,IP1 3JJ,52.062248000000000,1.152774000000000
Moluccan boobook and Tahr,IP3 0ED,52.051381500549500,1.159186107682020
Night heron and Chicken,CO10 5EX,52.044921441032900,0.874237759137925
Jackal and B,IP30 9GE,52.235918464212100,0.914633194837482
Fox and Logrunners,IP33 3XN,52.242109656003800,0.683648593107129
Scimitar babbler and Skunk,IP30 9BZ,52.233462166067000,0.915043431552491
Wader and Kākāriki,IP30 0NP,52.146024000379900,0.831147939333574
Snipe and Puffleg,IP31 3JW,52.277925802690600,0.868757252573192
Civet and Ice seal,CO10 9DD,52.090797997367800,0.725070306894426
Greenbul and Piping shrike,IP4 4PR,52.060606360817100,1.185999588251520
Polecat and Jay,IP6 8XQ,52.155992461069900,1.045637864187280
Gull and Thrasher,IP7 7AE,52.082081532668500,0.862437337465016
Solitaire and Chicken,IP23 8JH,52.297129502853800,1.023999000000000
Goose and Solitaire,IP7 5AB,52.043299010713100,0.953970549779065
Hawk and Black jay,IP33 2EJ,52.234625265281700,0.691648125242784
Masked owl and Tree warbler,IP7 7PU,52.135924907908200,0.889682821498896
Parakeet and Fox,IP2 0RL,52.045177027138200,1.117294517246110
Hawk and Hawk,IP6 0HU,52.113725244748900,1.096936469757630
River dolphin and Perching duck,IP4 3HF,52.070522680102700,1.190135693490400
Moluccan boobook and Thrasher,IP6 0GF,52.109458000000000,1.097892377715220
Mockingbird and Lemming,IP1 5HW,52.072465678223100,1.116904910041690
Jerboa and Parrotbill,IP28 6EH,52.298542911440900,0.656448797916232
Old World quail and Old World vulture,IP33 2DW,52.237768319349800,0.696174138713386
Solitaire and Black cockatoo,IP33 3PG,52.243209630176100,0.710274808611809
Rabbit and Duck,IP7 6GZ,52.079074000000000,0.986395099555362
Mamo and Chickadee,IP31 2RJ,52.271805345743700,0.770363284784103
Dorcopsis and Masked owl,IP4 1BD,52.055558911058800,1.159028750339900
Black cockatoo and Jackal,IP2 8GU,52.046187355469000,1.153655891011790
Badger and Rat,CO10 7PL,52.105964492363300,0.669490208208368
Francolin and Macaw,IP30 9DY,52.234181000000000,0.905658000000000
Thicketbird and Asiatic leopard,IP2 0QJ,52.048159786748800,1.119792403969610
Night heron and Black cockatoo,IP14 5PT,52.264808176479800,1.129374868537610
Tahr and Ground sloth,IP14 2NJ,52.184305111346800,0.979435615240699
Recurvebill and Snipe,IP7 7HW,52.107143965031000,0.941744637441990
Boto and Fish eagle,CO10 9JG,52.079198000000000,0.719240000000000
Triller and Grosbeak,IP3 9AX,52.043769401584700,1.187003607280600
Mole and Quetzal,IP31 3QW,52.248891797140600,0.812157709647849
Nukupuʻu and Jay,IP33 3HX,52.248204391367200,0.683752820988005
Condor and Parrotbill,IP33 3LB,52.239269580842400,0.699736829869601
Tit-tyrant and Grackle,IP14 6PZ,52.226853444617000,1.179193765594600
Fulmarine petrel and Tree warbler,IP14 5HZ,52.197855983803500,1.057165296904590
Chickadee and Snipe,IP31 3PG,52.255739361848600,0.804545000000000
Buzzard and Peafowl,IP14 5SH,52.252112463129900,1.083141394602550
Francolin and Old World quail,IP8 3BA,52.062098300125500,1.099431495367490
Elephant and Bunting,IP31 2HR,52.302486000000000,0.837544000000000
Mouse and Egret,IP30 0RA,52.193871224161700,0.891407342897739
Marmoset and Goose,IP3 8AA,52.052584000000000,1.165354000000000
Puffleg and Francolin,CO10 9NG,52.117906601624000,0.838071877224167
Tattler and Kite,CO10 9HB,52.069907394102800,0.715713160713109
Maya and Songlark,IP1 5PG,52.076498658973600,1.114383546170360
Hawk and Ground sloth,IP4 3NH,52.063533628526800,1.198450991360180
Hawk and Boto,IP30 9YA,52.231821000000000,0.921089000000000
Chickadee and Treepie,IP32 6FJ,52.269310000000000,0.697192000000000
Tit-tyrant and Diving bird,IP8 4FE,52.080864000000000,1.093739000000000
Skunk and Greenbul,IP14 6RQ,52.224824468876100,1.175387432503760
Warbler and Pratincole,IP2 0BS,52.054176352322500,1.116068563450740
Grosbeak and Mouse,IP6 8JS,52.123311000000000,1.070165640760190
Triller and Siskin,IP7 6EG,52.056771354210000,0.918620133232869
Asiatic leopard and Herring gull,IP1 5JR,52.073542116206200,1.118030797174980
Cuscus and Argus,CO10 7JP,52.072611925179300,0.645871795440264
Mink and Tattler,IP30 9LD,52.221777000000000,0.803913000000000
Ice seal and Towhee,IP2 0DF,52.056691044624500,1.118242479024470
Jackal and Booted eagles,IP4 2EB,52.061761994977900,1.170147770669540
Masked owl and Capuchin,IP30 0PP,52.179796436102700,0.848566275091226
Duck and Treepie,IP2 9DD,52.044295409048900,1.138630462804390
Hawk and Magpie,IP4 3NA,52.061903253874100,1.196554228969460
Pitohui and Shearwater,IP6 8RU,52.162390029065100,1.010860094340020
Zebra and Tahr,IP14 1RP,52.192339000000000,0.986443000000000
Pitohui and Polecat,IP1 9YJ,52.052638000000000,1.146583000000000
Rat and River dolphin,IP4 5NA,52.059573134159800,1.189281933273710
Black cockatoo and Fulmarine petrel,IP7 7DF,52.115858614213700,0.981104570150786
Marmoset and Parrotbill,IP4 2PD,52.059605283562400,1.168769348528250
Goose and Shearwater,IP1 6RA,52.081141646668500,1.144763882535590
Tit-tyrant and Hawaiian honeycreeper,IP8 4AF,52.072852645222400,1.100541652987120
Pratincole and Egret,CO10 9HF,52.062145000000000,0.710795032669602
Cuscus and Rat,IP14 5DE,52.213803078694800,1.060574163925710
Fox and Grackle,CO10 9HY,52.073761177576000,0.716676833430858
Bunting and Chipmunk,IP14 2RS,52.123214355643000,0.996057000000000
Guillemot and Civet,IP4 2LA,52.056442343433900,1.163643154998970
Snipe and Guillemot,IP3 8JZ,52.052992494676900,1.176529150365020
Nukupuʻu and Chipmunk,IP28 6HP,52.301657957392300,0.626549611188217
Kangaroo and Elephant,IP14 5PU,52.260041000000000,1.135232837343460
Pheasant and Wader,IP30 0SB,52.193146668216800,0.889414009151490
Linsang and Partridge,IP14 5QW,52.185686000000000,1.015010000000000
Egret and Buzzard,IP6 9PR,52.145681000000000,1.117399000000000
Hawaiian honeycreeper and Grosbeak,CO10 1LE,52.049484768423000,0.728914478168438
Boto and Linsang,IP33 1NP,52.241616982675000,0.713444485118517
Polecat and Shearwater,IP4 3JS,52.069530347732800,1.197872831169130
Masked owl and Grouse,IP14 2JT,52.166798400678500,0.974667417141753
Parakeet and Diving bird,IP29 5JS,52.244465895863900,0.611508129983403
Pitohui and Stilt,IP4 3LL,52.066302916621300,1.193690000000000
Old World vulture and Towhee,IP32 6HA,52.263796376806900,0.707045719998855
Macaw and Dolphin,IP1 2HN,52.058425865563300,1.140278152096240
Mink and Tit-tyrant,IP3 8PY,52.046535111954000,1.202414491128090
Recurvebill and Polecat,IP14 5DY,52.186753974793700,1.105831064835470
Gull and Mamo,IP30 9UX,52.238894155405200,0.907752852813140
Mouse and Civet,IP6 9QW,52.140910633360100,1.106263542096530
Grackle and Grouse,CO10 0AS,52.070927036676700,0.763130103492317
Old World warbler and Badger,CO10 7GZ,52.103036001949600,0.670936244826076
Kangaroo and Moluccan boobook,IP30 0HR,52.169919180123300,0.803662317882823
Linsang and Ice seal,IP4 3BE,52.072691814338800,1.173432935107960
Lemming and Old World vulture,IP30 9EZ,52.236097655862400,0.919024691485859
Stint and Asiatic leopard,IP1 5HN,52.071879283947400,1.115273214103360
Kite and Shearwater,IP14 5DG,52.224643079969300,1.056999841262830
Argus and Thrasher,IP33 2ER,52.237195864685000,0.693283135339876
Chipmunk and Kestrel,IP1 5EN,52.071920269394900,1.131023838933610
Masked owl and Chipmunk,IP32 6BL,52.260196136005200,0.713054860079895
Old World warbler and Guillemot,IP2 9DB,52.043327482112100,1.138839726202500
Gull and Piping shrike,IP14 6AY,52.190225214853100,1.162795000000000
Old World warbler and Maya,IP32 7HX,52.255407071971600,0.730420233910079
Meadowlark and Prion,IP14 4JH,52.297054000000000,1.012762154136830
Kākāriki and Duck,IP2 0UJ,52.058788000000000,1.127405000000000
Viscacha and Masked owl,IP30 9TQ,52.197584045049200,0.860490150260543
Coati and Fox,IP31 2XA,52.325299852444200,0.882845310208901
Towhee and Kestrel,IP32 6AQ,52.252762000000000,0.712526000000000
Warbler and Towhee,IP31 2TD,52.267948509826700,0.759568938088237
Zebra and Fish eagle,IP33 2AW,52.240978315189400,0.720480962395943
Magpie and Fox,CO10 9DS,52.085818368873200,0.718343653233612
Partridge and Mole,IP14 3LR,52.230162000000000,0.944412000000000
Viscacha and Meadowlark,CO10 0TA,52.064426269469300,0.795850731729376
Marmoset and Chipmunk,IP29 5JD,52.204817404141200,0.594384118401486
Parrotbill and Maya,IP1 4ES,52.068613577962300,1.130909105622770
Thrasher and Black cockatoo,IP14 3AA,52.180769514374900,0.942839000000000
Elephant and New World blackbird,IP14 2JN,52.169813000000000,0.984624000000000
Eagle and Warbler,IP8 3PU,52.047887354297600,1.044301333713240
Fulmarine petrel and Lemming,IP1 5JY,52.073425365685200,1.116665298228910
Ground sloth and Stint,IP31 3NJ,52.256982761768600,0.883803510942854
Grackle and Perching duck,IP14 6QL,52.225183185069300,1.181432256949930
Triller and Bronzewing pigeon,IP30 9JQ,52.233114086967600,0.788076786884643
American sparrow and Mink,IP14 3RG,52.235188544818600,0.970569161218851
Piping shrike and Jerboa,IP2 0AP,52.056398465139200,1.132315759181020
Condor and American sparrow,IP14 6SH,52.222257000000000,1.179597000000000
Viscacha and Mockingbird,IP22 1NX,52.326031744531800,0.945009055223236
Lemming and Grackle,IP14 1SN,52.189465025607000,0.976678632915075
Partridge and Quetzal,IP7 7GZ,52.110642198368200,0.949307679261321
Treepie and Shearwater,IP30 9JP,52.218673306038400,0.789514523968240
Egret and Solitaire,CO10 1AE,52.054191000000000,0.720668000000000
Elephant and Songlark,IP14 5SB,52.250863270272700,1.077940675416520
Black cockatoo and Warbler,IP14 4SB,52.258945000000000,0.985025000000000
Flameback and Diving bird,CO10 3EB,52.044786000000000,0.754882000000000
Gull and Darwin's finches,IP33 2PE,52.229445084073500,0.721840473094455
White ibis and Quetzal,IP7 6BN,52.049686971035800,0.959599632752961
Kākāriki and Ibex,CO10 0TQ,52.075696769605100,0.788936651805901
Nukupuʻu and Francolin,CO10 0BT,52.067105533612600,0.770379812362384
Shearwater and Greenbul,IP14 1TR,52.198276622403500,0.978892288549158
Asiatic leopard and Ice seal,CO10 1NU,52.049439300366700,0.732426979658503
Myna and Jerboa,IP6 8JE,52.125711212962300,1.004884000000000
Petrel and Stint,IP4 5BN,52.058474968094100,1.182667061934910
Ibex and River dolphin,IP31 2RX,52.276166208089000,0.766559668188024
Treepie and Myna,IP23 7ER,52.288915000000000,1.112208903001790
Stint and Old World vulture,IP31 3PQ,52.262233514090300,0.800221930143806
Petrel and Fox,IP6 9AN,52.093603000000000,1.173793000000000
Towhee and Linsang,IP6 8BZ,52.155056932423900,1.048776129231640
Kangaroo and Scimitar babbler,IP33 1LN,52.244038117987600,0.711790313914106
Marmoset and Fox,CO10 9BP,52.125286884466200,0.747893280614853
Old World quail and Puffleg,IP8 3GA,52.049401995196100,1.038219360453340
Tit-tyrant and Capuchin,IP32 6TG,52.264120997172600,0.697582700873292
New World blackbird and Grouse,IP31 3JZ,52.288921440056300,0.872943644652876
Kangaroo and Grosbeak,IP32 6EG,52.258897186289000,0.706571367878410
Badger and Chickadee,IP33 1XS,52.247400810806800,0.717680078153325
Rat and Tit-tyrant,IP29 5QS,52.201342032634600,0.608436674923046
Marmoset and Viscacha,IP14 5UE,52.187099348055900,1.012456995581880
American sparrow and Buzzard,IP23 7HR,52.325801380395000,1.144997458599020
Tree warbler and Grouse,IP33 3UE,52.239919788373800,0.690957875562617
Tree warbler and Parakeet,IP1 6DE,52.075171488298700,1.132366000000000
Ice seal and Magpie,IP29 4JT,52.123220190799900,0.668374022733933
Marmoset and Tree warbler,IP30 9SA,52.225389337233700,0.887129297753383
Pitohui and Solitaire,IP14 5FP,52.189798003229400,1.013137059452440
Warbler and Partridge,IP2 9PE,52.047451020936900,1.141375253456610
Bunting and Ground sloth,IP7 6EA,52.060593148222100,0.915585000000000
Mole and Recurvebill,CO10 9HH,52.061615072785500,0.710278443238538
Chipmunk and Eagle,IP4 3HZ,52.068775074067700,1.192229325403740
Kākāriki and Darwin's finches,IP14 5GS,52.189768941922500,1.009753000000000
Piping shrike and White ibis,CO10 1NR,52.047680103331400,0.731502820178420
White ibis and Herring gull,IP28 6HS,52.298812701714200,0.616993789986904
Kākāriki and Cloud rat,IP6 8EA,52.159229000000000,1.041881000000000
Viscacha and Scimitar babbler,IP1 5JN,52.074171000000000,1.119111000000000
Songlark and Rat,IP14 4ER,52.225367957436600,1.002526955939330
Stilt and Fulmarine petrel,IP8 4JT,52.091729903883800,1.089615370037380
Quetzal and Jackal,IP3 8JQ,52.050750655907400,1.189922350300650
Puffleg and Towhee,IP14 6ST,52.222011390499600,1.182625840725250
Goose and Grouse,IP14 5DS,52.182378850224900,1.103258208344620
Chipmunk and Ibex,IP2 0TF,52.048197863019700,1.118015441323020
Gull and Linsang,IP31 2HN,52.300697572948100,0.834833027018996
Pratincole and Meadowlark,IP14 1AG,52.184795997407200,1.000519000000000
Pitohui and Pheasant,IP6 0PA,52.119848000000000,1.105251000000000
Greenbul and Tahr,IP14 3LH,52.233941661368000,0.932344038828591
Pitohui and Wallaby,IP31 3HX,52.274481092090300,0.940019916061436
Warbler and Petrel,IP6 9TG,52.177860503371500,1.141082592237930
Duck and Puffleg,IP1 5HG,52.069482633592300,1.117134840118290
B and Old World warbler,IP4 5JT,52.055894089610700,1.190960141447490
Coati and Shearwater,IP14 1EY,52.184292000000000,1.003401000000000
Masked owl and New World blackbird,IP6 9JJ,52.139525043918400,1.185785850328460
Grackle and Duck,CO10 7JL,52.072733000000000,0.657714000000000
Chipmunk and Partridge,IP7 7NT,52.139468841430900,0.903929218082890
Badger and Night heron,IP4 4EF,52.060571660484800,1.178964121051270
Old World vulture and Magpie,IP14 5ES,52.199376746229600,1.068040000000000
Condor and Triller,IP14 1ER,52.189644000000000,0.998055000000000
Lemming and White ibis,IP33 1TS,52.247543000000000,0.709997000000000
Puffleg and Fish eagle,IP4 2EG,52.057838571470100,1.161553328445250
Shearwater and Siskin,IP3 0NH,52.046183016368100,1.180232238006460
Triller and Mink,IP32 6JS,52.264717315071100,0.702177163925604
Triller and Chickadee,IP1 3LJ,52.060113000000000,1.149253756513260
Armadillo and Hawaiian honeycreeper,IP6 9EZ,52.126671053933500,1.184517549880390
Chicken and Capuchin,IP8 4DD,52.090138795833200,1.102587556753110
Pheasant and Stilt,IP14 2AR,52.180102879328200,0.997416000000000
Rat and Partridge,IP30 0PU,52.172272748348600,0.862156340728544
Grouse and Old World quail,IP4 1HY,52.055672972774700,1.172182050637610
Stint and Hawk,IP29 4PU,52.161461134179600,0.711551000000000
Towhee and Lemming,IP30 0SX,52.172275489448900,0.881610213777440
Diving bird and Siskin,IP31 3TA,52.248993000000000,0.813248000000000
Triller and Fish eagle,IP14 6NU,52.241875978680100,1.166487000000000
Marsh harrier and Kākāriki,IP8 4BW,52.052638000000000,1.146583000000000
Black jay and Masked owl,IP7 6PX,52.061858424986700,0.874873275899511
Linsang and Snipe,IP30 0BS,52.215986000000000,0.744252000000000
Eagle and Greenbul,IP14 1BN,52.182060543581700,0.997734472433198
Macaw and Piping shrike,IP32 7GP,52.250802023611900,0.752511366617018
Vulture and Guillemot,IP32 7LE,52.247957089576400,0.747632096496613
Chickadee and Stilt,IP7 6PU,52.066154000000000,0.880227000000000
Grouse and Duck,IP30 0PD,52.163998443128100,0.816626986070366
Kestrel and Nukupuʻu,IP31 3BG,52.300209099813500,0.943151000000000
Zebra and Macaw,IP33 3FA,52.246072072619200,0.710156314572606
Ground sloth and Night heron,IP29 5PQ,52.205343269249900,0.607646512635629
Scimitar babbler and Pitohui,IP14 1BP,52.182542982449700,1.001395333448100
Stint and Petrel,CO10 1QP,52.043275937979800,0.736819907856058
Kākāriki and Egret,IP1 4AX,52.066620012756600,1.131470031318290
Guillemot and Eagle,IP4 1DJ,52.052649000000000,1.154802683033930
Tit-tyrant and River dolphin,IP14 5HS,52.188027893790100,1.063675239314330
Marmoset and Parrotbill,IP1 5RA,52.068615857549500,1.116242592883440
Recurvebill and Myna,IP2 9SB,52.044033761458100,1.140347820500950
Dolphin and Coati,IP1 4AR,52.064368248643700,1.129225696126370
Grosbeak and Stilt,IP32 7HJ,52.250995609675800,0.744315000000000
Songlark and Badger,IP14 6EB,52.183039419734600,1.196344699592970
Booted eagles and Diving bird,IP29 4JS,52.128281778542700,0.667244591217643
Snipe and American sparrow,IP28 6RW,52.264246450896600,0.643962127171946
Warbler and Polecat,IP29 4PA,52.154603237621800,0.723908420470504
Condor and Vulture,IP14 1JG,52.192348992358400,0.994197833026962
Petrel and Mink,IP14 6LA,52.225299000000000,1.192161000000000
Snipe and Jackal,IP31 2LT,52.284344000000000,0.839551000000000
Eagle and Treepie,IP32 6DH,52.261354084060400,0.706882251602164
Darwin's finches and Minke whale,IP28 6JS,52.276570316041700,0.689557207451792
Partridge and Egret,IP23 7AG,52.321885995141200,1.145791036321010
Mink and Cloud rat,CO10 0TJ,52.060709554631500,0.786849890714853
Wallaby and Thrasher,IP31 2RN,52.272861086396000,0.769828099398744
Boto and Booted eagles,CO10 2QH,52.043380686205700,0.742368323277215
Lemming and Maya,IP33 9TN,52.251490000000000,0.697034000000000
Old World quail and Buzzard,IP6 0HE,52.106324427283100,1.109188933696740
Vole and Armadillo,IP2 8EP,52.047392642345400,1.156672773143240
Maya and Ibex,IP7 6SB,52.049980388210100,0.948620389816000
Kangaroo and Mole,IP3 8NH,52.051863576972200,1.198959002508430
Rat and Polecat,IP7 6QP,52.079281953543200,0.951822120906712
Moluccan boobook and Vulture,IP14 1QQ,52.185874594448400,0.988846341576803
River dolphin and Kangaroo,CO10 9HS,52.067229613944400,0.712106919934091
Solitaire and Rat,IP2 8PP,52.043900273853700,1.147704236955090
Argus and Eagle,IP6 0AA,52.106058792312300,1.111978000000000
Perching duck and Night heron,IP6 0FA,52.114410000000000,1.089329000000000
Snipe and Flameback,IP30 9NZ,52.238282000000000,0.864089000000000
Ibex and Coati,IP29 4WB,52.187262000000000,0.619756000000000
Boto and White ibis,IP31 3RJ,52.246906253081400,0.834624331757524
Mockingbird and Argus,CO10 8BN,52.082131334065600,0.619898405235945
New World blackbird and Asiatic leopard,IP7 7QE,52.111676254642100,0.861047013328580
Marsh harrier and Civet,IP8 4BT,52.079443875054900,1.106049337233330
Mamo and Night heron,IP14 4DQ,52.196988717487300,1.019272947573280
Stint and B,IP14 3QJ,52.213594536137100,0.980942490230892
Prion and Wader,IP14 1UB,52.195704887529100,0.980300801150915
Egret and Capuchin,IP3 8ET,52.050743076506400,1.174896099225760
Snipe and Greenbul,IP31 2GL,52.298133105850500,0.831896869295994
Thrasher and Old World warbler,CO10 9BU,52.131263548690400,0.762669634970709
Chickadee and Mockingbird,IP33 2EU,52.235711646126600,0.690542107552922
Capuchin and Bronzewing pigeon,IP30 9AP,52.221009454577600,0.832241915376329
Old World quail and Linsang,IP2 0DX,52.057269898095200,1.133704454602690
Polecat and Pitohui,IP8 4DL,52.074050703293100,1.100128474306050
Linsang and Quetzal,IP4 3HY,52.069013522775700,1.194712743234010
Jerboa and Marmoset,IP32 6FQ,52.269468000000000,0.695809000000000
Pheasant and Logrunners,IP32 7DS,52.239718148593100,0.744603357070978
Gull and Mouse,IP30 9UD,52.236311547130400,0.921646091240273
Viscacha and Duck,IP6 9PG,52.147478734852200,1.192318837357910
Ice seal and B,IP29 4HF,52.129588000000000,0.713293842281594
Tattler and Badger,IP3 8PZ,52.045976578256400,1.201455576689890
Maya and Treepie,IP4 2DZ,52.058799620592500,1.157579635608140
Lemming and Chicken,IP30 0ET,52.230172193730700,0.758674423335339
Ground sloth and Shearwater,IP2 0AY,52.055074000000000,1.124651000000000
Linsang and Gull,CO10 9FT,52.078964000000000,0.728437000000000
Warbler and Macaw,IP33 3QG,52.244554705108900,0.690798920909831
Mole and Flameback,IP1 9EQ,52.052638000000000,1.146583000000000
Cloud rat and New World blackbird,IP33 3LR,52.241932820530800,0.696924752558711
Ibex and Lemming,IP4 5DF,52.057070710485800,1.180714228944340
Minke whale and Puffleg,IP8 3AE,52.068128504612300,1.104387904041430
Boto and Kestrel,IP6 8SW,52.156032483259100,1.048959809620770
Stilt and Fox,IP14 2NB,52.147643000000000,0.962177000000000
Asiatic leopard and Kangaroo,IP31 3BA,52.302359000000000,0.938669000000000
Snipe and Meadowlark,IP4 5BU,52.057885251001800,1.178860791916980
White ibis and Chipmunk,IP33 2NR,52.230030000000000,0.725362000000000
Goose and Rat,IP4 2GH,52.061376579300000,1.168427846200000
Perching duck and Warbler,IP31 2PE,52.270956981248100,0.792240333077343
Macaw and Capuchin,IP6 0BA,52.111682279584400,1.115069067040450
Parrotlet and Fox,IP33 9UH,52.251490000000000,0.697034000000000
Diving bird and Booted eagles,IP33 1TF,52.249137312258000,0.711779071396421
Gull and Parrotlet,IP4 4NP,52.061597597710200,1.187923317143600
Skunk and Jerboa,IP7 7NQ,52.124188272198800,0.894095423598329
Jay and Tit-tyrant,CO10 9PB,52.096932404956800,0.827306793902014
Fish eagle and Mole,IP1 1AG,52.055079637993700,1.153757322815560
Triller and Asiatic leopard,IP1 2LQ,52.062216433945800,1.137085995644110
Warbler and Mink,IP29 4PB,52.158371124539000,0.716900773602615
Siskin and Pheasant,IP32 6JY,52.264861864592200,0.702933454201184
Masked owl and Parakeet,IP30 0RU,52.190806759971000,0.899739432159818
White ibis and Pheasant,IP1 2EF,52.057775287574800,1.149147126115350
Maya and Ground sloth,IP7 7QT,52.156675000000000,0.860877000000000
Capuchin and B,IP1 3PQ,52.063078895510300,1.145887056857750
Grouse and Booted eagles,IP23 8ET,52.315873925916000,1.090607000000000
Magpie and Viscacha,IP6 8RH,52.158219769219900,1.041578649208290
Chipmunk and Condor,IP7 6AJ,52.048798313129300,0.965608946080178
Kākāriki and Snipe,IP4 4RT,52.068083124169000,1.183569625871190
Perching duck and Night heron,IP4 2XW,52.070799993730600,1.163184654987930
Mole and Tattler,IP32 6BS,52.259921000000000,0.709023000000000
Songlark and Marsh harrier,IP31 3DP,52.285371000000000,0.918363000000000
Towhee and Condor,IP32 7FQ,52.238288000000000,0.759660000000000
Cuscus and Petrel,IP14 5AY,52.186247000000000,1.005376000000000
Tree warbler and Mole,IP4 1FA,52.052580000000000,1.156703000000000
Tattler and Civet,IP6 8GF,52.156032483259100,1.048959809620770
Greenbul and Old World quail,IP31 3TJ,52.253364257074300,0.813920717093730
Kite and Siskin,IP31 3SU,52.249424608586900,0.822609046051097
Mouse and Goose,IP31 3SQ,52.252292643644200,0.842865910166504
Quetzal and Night heron,IP33 1UL,52.244792491970500,0.713008348816463
Bronzewing pigeon and Stilt,IP4 1AD,52.055857141665600,1.155621236507750
Jay and Chipmunk,IP2 8EZ,52.049454614019200,1.156249284505330
Partridge and Grackle,IP14 5JP,52.208213355359100,1.094668000000000
Partridge and Crow,CO10 9NW,52.109112061646600,0.838783813993048
Meadowlark and Chicken,IP7 7LA,52.126825556978000,0.938701698991031
Tahr and Argus,IP32 6NE,52.263176001913500,0.698008975269201
Ground sloth and Solitaire,IP29 5JW,52.233507586561000,0.617426135044193
Songlark and American sparrow,IP30 9FR,52.237470000000000,0.910853000000000
Pratincole and Macaw,CO10 7BH,52.044534439754400,0.620600470716270
Coati and Old World warbler,IP7 7LS,52.152367804990800,0.922021143975124
Solitaire and Jerboa,IP1 5NA,52.079469487340100,1.117334760350430
Vulture and Maya,CO10 9HQ,52.062941651067900,0.709395000000000
Buzzard and Pheasant,IP33 1JH,52.250946764870100,0.714043353584459
Lemming and Ibex,IP7 6EE,52.058282748205300,0.918237247743897
Guillemot and Philippine hawk-owl,IP14 3JH,52.212094248075800,0.949043386065086
Crow and Moluccan boobook,IP2 8JR,52.044679000000000,1.154614000000000
Perching duck and Buzzard,IP7 7RA,52.122796687714700,0.967760504324116
Herring gull and Goose,IP14 5AW,52.192672297085000,1.007593000000000
American sparrow and Pitohui,IP7 7AX,52.091360308576700,0.876931002443427
Petrel and Pratincole,IP30 9LR,52.234543870712100,0.814589821822172
Grackle and Petrel,IP33 9SU,52.251490000000000,0.697034000000000
Marsh harrier and Fox,IP33 3XU,52.247336758253500,0.693414042096876
Pratincole and Mole,IP6 0GT,52.111684000000000,1.094487000000000
B and Kākāriki,IP1 2AG,52.053536000000000,1.143597000000000
Viscacha and Kākāriki,CO10 1JT,52.044430863838500,0.727352191073764
Black cockatoo and Viscacha,IP14 4AP,52.202725150491600,1.022838322573190
Moluccan boobook and Thicketbird,IP6 9SN,52.154065582085800,1.141321527093880
Masked owl and Rabbit,IP7 7AW,52.089676996990100,0.857040001311536
Marsh harrier and Towhee,IP4 5PH,52.061405572608600,1.200969108369710
Quetzal and Booted eagles,IP1 9ZX,52.052652000000000,1.146613000000000
Eagle and Logrunners,IP14 2JZ,52.163064000000000,0.968027000000000
Bronzewing pigeon and Jay,IP30 9RN,52.214920000000000,0.906640000000000
Black jay and Hawaiian honeycreeper,CO10 7AQ,52.054121389630300,0.679730437079846
Argus and Masked owl,IP1 3JP,52.061717895513700,1.153057938936530
Piping shrike and Herring gull,IP14 3JS,52.224914000000000,0.937078264308008
River dolphin and Guillemot,CO10 0UW,52.067493832750400,0.765719761283212
Lemming and Dorcopsis,IP1 6PL,52.079835831047800,1.146511309873280
Meadowlark and Parakeet,IP8 4EB,52.076253103259400,1.097434921420550
Jay and Mouse,IP14 2DQ,52.178868561329100,0.988142252057685
Ground sloth and Greenbul,IP32 7PD,52.248334948105700,0.751098557185553
Guillemot and Towhee,IP33 3JL,52.246984718483300,0.683210356382533
Kestrel and Bunting,IP14 3AQ,52.177320061728200,0.942440433713421
Stint and Ibex,IP3 8LN,52.052529018205900,1.192003995737630
Cloud rat and Buzzard,IP30 0NL,52.137107091592200,0.831342178367337
Logrunners and Pheasant,IP30 0NT,52.158023000000000,0.832612000000000
Guillemot and Minke whale,IP1 3PJ,52.064128922755700,1.142940290956140
Prion and Mamo,IP4 2AA,52.058304721605600,1.157356000000000
Buzzard and Kākāriki,IP7 6RJ,52.052958711864600,0.964323682876620
Kangaroo and Grouse,IP8 4DX,52.076817000000000,1.096204000000000
Prion and Chicken,IP7 6PF,52.081130000000000,1.009618000000000
Buzzard and Dorcopsis,IP29 5NT,52.199762000000000,0.713996000000000
Capuchin and Treepie,IP31 2SU,52.269461392256000,0.766010075572936
Fulmarine petrel and Buzzard,IP4 4RX,52.068966602097300,1.180830460630260
Booted eagles and Asiatic leopard,IP4 1LS,52.056217160074200,1.163320848446420
Asiatic leopard and Magpie,IP33 3FH,52.245265000000000,0.710503000000000
Nukupuʻu and Philippine hawk-owl,IP1 2DU,52.057059126532000,1.144646770160870
Jay and Fox,IP7 6HG,52.048071380168700,0.959828307225623
Wallaby and Black jay,CO10 9DE,52.089167993759900,0.726722845144689
Pheasant and Polecat,IP4 4RQ,52.065019000000000,1.189495000000000
Guillemot and Polecat,CO10 0AX,52.070709054802700,0.759001349111120
River dolphin and Kangaroo,IP33 3NR,52.240454000000000,0.708554000000000
Partridge and New World blackbird,IP4 4NB,52.061660599307200,1.184265303405370
Elephant and Nukupuʻu,IP33 2HF,52.238736660226800,0.683679385799557
White ibis and Fox,IP14 5RW,52.228493402155300,1.068732305849390
Cuscus and Marsh harrier,IP14 5SQ,52.251866000000000,1.081600000000000
B and Meadowlark,IP14 3AP,52.165523826683500,0.933296306584096
Jerboa and Capuchin,IP32 6JU,52.265186971077200,0.702088477281321
Mockingbird and Crow,IP6 8LQ,52.124049000000000,1.075750000000000
Francolin and Gull,IP30 0RL,52.192618135208900,0.891530854593420
Jackal and Wader,CO10 9SB,52.103465706857600,0.790538210237235
Maya and Goose,IP1 3SA,52.069726127000200,1.153257629031920
Moluccan boobook and Rabbit,IP7 7AU,52.091294000000000,0.870488000000000
Tit-tyrant and Thicketbird,IP14 4TW,52.281405000000000,1.022314000000000
Tahr and Eagle,IP4 5PB,52.060243150345300,1.194757624125450
Stint and Macaw,IP14 5DL,52.190888777363200,1.098056261573190
Diving bird and Flameback,IP33 2JU,52.237101000000000,0.705332465459349
Marmoset and Pratincole,IP14 1JW,52.195816600976100,0.991869890149198
Siskin and Macaw,IP14 1HT,52.193023010050900,0.995633389166329
Rabbit and New World blackbird,IP8 3AL,52.059369451609500,1.095127911541260
Pitohui and Duck,IP2 8SD,52.047541000000000,1.158550000000000
Old World vulture and Lemming,IP31 3HU,52.271170000000000,0.944448000000000
Triller and New World blackbird,IP14 5LN,52.223303000000000,1.132404615553140
Philippine hawk-owl and Pratincole,IP2 0LD,52.053422404128700,1.124156577480150
Argus and Old World quail,IP30 9JN,52.223120564223400,0.792355952657146
B and Magpie,IP4 4PD,52.059858210473200,1.188718612372210
Pratincole and Diving bird,IP31 2LS,52.280364584477600,0.835572538570957
Minke whale and Guillemot,IP14 6JX,52.237397060488500,1.196721265107250
Hawk and Darwin's finches,IP4 1PN,52.054647307301400,1.174531167229340
Ice seal and Grouse,IP23 8LX,52.281315000000000,1.069729000000000
Cloud rat and Bunting,CO10 5PP,52.058391000000000,0.835434000000000
Greenbul and Cuscus,IP8 3PS,52.049423196985400,1.040204686284120
Duck and Mouse,IP32 7PX,52.248472000000000,0.755693000000000
Rat and Flameback,IP4 5AJ,52.053924477205400,1.182649782049670
Kite and Recurvebill,IP4 3QZ,52.065297307743800,1.201729164589600
Mouse and Stilt,IP6 0NU,52.112334079231900,1.108207000000000
Night heron and Coati,IP14 1RQ,52.189708000000000,0.999444254257787
Minke whale and Magpie,IP4 4SQ,52.064800400456700,1.191872704038690
Buzzard and Solitaire,IP7 6PH,52.087500153736700,1.007360702559150
Treepie and Parrotlet,IP6 0EU,52.104545000000000,1.113943000000000
Wader and Pheasant,IP4 1WB,52.052638000000000,1.146583000000000
Songlark and Tit-tyrant,IP23 8JL,52.305692437339900,1.005526683794510
Booted eagles and Parakeet,IP30 0TS,52.207493079702400,0.748998198043251
Rat and Ice seal,IP31 2SG,52.265166000000000,0.760158000000000
Night heron and Stilt,IP14 2DU,52.178625801233200,0.992748832961439
Stint and Mink,IP23 8LT,52.280547293163600,1.071523297697550
Prion and Tattler,IP31 1AS,52.320839000000000,0.847333000000000
Old World vulture and Hawk,IP1 1TF,52.055393825626100,1.153443908036750
Solitaire and Puffleg,IP4 5JD,52.058791098189300,1.185943276475250
Mole and Fulmarine petrel,IP4 2LJ,52.057018027829100,1.168323497412080
Moluccan boobook and Old World warbler,IP30 0UY,52.207565014562900,0.748226823169266
Mouse and Grouse,IP32 7PQ,52.243691150649700,0.752788917436033
Masked owl and Vulture,IP31 2XU,52.298083458100000,0.832084354000000
Magpie and Chipmunk,IP4 4NG,52.061862222433900,1.186453819334450
Jackal and Grouse,IP33 3ZB,52.251679908321400,0.706791185874063
Ibex and American sparrow,IP1 1DN,52.057381664282300,1.155787113470350
Minke whale and Old World vulture,IP14 4RY,52.265318357803900,1.030599957057420
Marmoset and Mamo,IP6 0SA,52.126279000000000,1.162044000000000
American sparrow and Prion,IP1 9GR,52.052638000000000,1.146583000000000
Booted eagles and Viscacha,IP4 2HQ,52.062599122367200,1.166471602326100
Night heron and Parrotbill,IP31 2EZ,52.301708000000000,0.831392000000000
Mouse and Egret,IP6 0BS,52.109784994930100,1.118793018532070
Cloud rat and Coati,IP6 8QJ,52.177954383859800,1.042867197796800
Towhee and Black cockatoo,IP6 9SD,52.161244304558900,1.162111073008210
Peafowl and Kākāriki,IP29 4TB,52.187944930921700,0.686456377742357
Grouse and Grackle,IP31 3PE,52.252542000000000,0.807714000000000
Perching duck and Snipe,IP6 8QW,52.183381584355500,1.038479000000000
Diving bird and Marmoset,IP1 2JE,52.060892975009000,1.143544660848290
Condor and Eagle,IP7 7EY,52.103709302686400,0.910206366192366
Mamo and Pratincole,IP30 9LH,52.221220777014700,0.804580522325361
Minke whale and Ibex,IP4 4QU,52.061942717637200,1.194105631366740
Vulture and Buzzard,IP1 6BN,52.078395241096000,1.136962000000000
Tattler and Partridge,IP30 9GJ,52.233487201465100,0.913302064844756
Moluccan boobook and Tree warbler,IP14 5JL,52.198407984536400,1.092099000000000
Asiatic leopard and Goose,IP1 9SY,52.052638000000000,1.146583000000000
Egret and Warbler,IP23 7BA,52.321463674231000,1.147463593256470
Minke whale and Capuchin,IP31 2PU,52.279929562152100,0.802584228573316
Dolphin and Flameback,IP33 3UH,52.239114767182000,0.692344687962187
Kite and Stint,IP4 5EP,52.053217161055700,1.189179066149300
Dolphin and Asiatic leopard,IP1 9XT,52.052638000000000,1.146583000000000
Fish eagle and Towhee,IP31 1JR,52.307707717380600,0.764492130509411
Macaw and Meadowlark,IP33 2JB,52.238819423483800,0.686364995558243
Greenbul and Dorcopsis,IP33 3HU,52.248452188033300,0.683533360797557
Songlark and Meadowlark,IP7 7FA,52.122543512452900,0.969599250264257
Tattler and Skunk,IP8 4PD,52.097541000000000,1.042630000000000
Condor and Dolphin,CO10 1NZ,52.049707250600800,0.730955532621052
Kestrel and Cloud rat,IP7 7JP,52.116806642626500,0.898043448931981
Partridge and Magpie,CO10 1WH,52.051925375453200,0.737290331615218
Kite and Cuscus,IP6 0EP,52.113184019679900,1.138459446415040
Recurvebill and Marsh harrier,IP1 1DD,52.057960029060500,1.151990649735250
Jay and Warbler,IP6 9TJ,52.174849000000000,1.124164000000000
Old World vulture and Ground sloth,CO10 7AF,52.052998000000000,0.682902000000000
Linsang and Dolphin,IP6 8AY,52.152448149983500,1.054358411910280
Thicketbird and Quetzal,IP2 0JT,52.055723588067600,1.126914166592710
Minke whale and Scimitar babbler,IP23 8DE,52.325955972084500,1.095600913090910
Dorcopsis and Bronzewing pigeon,IP1 6PD,52.079050962140000,1.146937780716970
Hawaiian honeycreeper and Jerboa,IP2 8AW,52.050213204594800,1.150088380098380
Masked owl and Tree warbler,IP33 3EW,52.244632460278900,0.698026132863110
Civet and Chipmunk,IP1 3TQ,52.052638000000000,1.146583000000000
Old World quail and Pitohui,IP33 3YS,52.242165000000000,0.753105000000000
Booted eagles and Greenbul,IP28 6ES,52.297829966269000,0.668521546045043
Mouse and Bronzewing pigeon,IP30 0SE,52.193660975031800,0.889344941552643
Stilt and Myna,IP1 4QD,52.062920660887700,1.133268529833940
Grouse and River dolphin,IP33 1XT,52.247345431925000,0.719302962281560
Kestrel and Skunk,IP14 5PH,52.258832411028300,1.114913234474960
Shearwater and Mink,IP1 4NP,52.075527199144900,1.154265135085170
Vulture and B,IP22 1LT,52.311146652398600,1.008889687958030
Fish eagle and Kangaroo,IP1 4EH,52.067431737754700,1.140166128129700
Boto and Towhee,IP4 3BY,52.071601398525900,1.177515092145080
Booted eagles and Mamo,IP4 2AN,52.058336000000000,1.158416042203720
Polecat and Grosbeak,IP1 9SU,52.058237379656500,1.148683575614940
Stint and Kākāriki,IP31 2QG,52.276190509394000,0.765139089360654
Herring gull and Tattler,IP29 4HJ,52.139517703098100,0.728760662561540
Pheasant and Jackal,IP1 3BX,52.058655000000000,1.156049246712770
Siskin and Badger,IP33 1TG,52.249252702648900,0.709104852957711
Viscacha and Tit-tyrant,IP8 4EJ,52.076270780278100,1.098472470313090
Capuchin and Thrasher,IP14 1QF,52.185114963671000,0.989365996468982
White ibis and Diving bird,IP29 4TQ,52.180010500141100,0.706238938640097
Thrasher and American sparrow,IP4 2SL,52.063000682941400,1.161903543158130
Jay and River dolphin,IP33 9NG,52.242181000000000,0.753134000000000
Stint and Eagle,IP31 2GJ,52.299817090099400,0.835172820527839
Herring gull and Ibex,IP33 1PR,52.244136000000000,0.711870000000000
Vulture and Recurvebill,IP7 7HY,52.085468478347200,0.898624684089824
Tree warbler and Marsh harrier,IP4 2NA,52.056940788803000,1.163167745975860
Egret and Parrotlet,IP33 2DB,52.231825606185700,0.728181406092826
Scimitar babbler and Guillemot,IP14 4AJ,52.198891996108300,1.015889365767680
Maya and Old World warbler,IP1 5LE,52.076200260807100,1.118522668000720
Pitohui and Kestrel,IP33 2QA,52.231675338475100,0.721449705719963
Vole and Treepie,IP7 6LJ,52.069699821151200,0.958077874337365
Egret and Parakeet,IP33 2JD,52.238063005793900,0.687989160909894
Thrasher and Capuchin,IP14 3RJ,52.238821734530800,0.969859729173170
Skunk and Myna,IP30 9HZ,52.234658000000000,0.779473000000000
Jerboa and Wallaby,CO10 1PA,52.049821688085300,0.731837692780900
Eagle and Flameback,IP32 6PX,52.254034130897600,0.696662656751843
Parakeet and Mouse,IP31 2AN,52.321703000000000,0.888408000000000
Shearwater and Crow,IP6 0LQ,52.112549457709500,1.093422054122590
Minke whale and Maya,IP31 3JT,52.278332524758000,0.858976000000000
Flameback and Scimitar babbler,CO10 7BJ,52.051968000000000,0.621619000000000
Shearwater and Mouse,IP1 6DB,52.075082617220400,1.133522211415530
Eagle and Fish eagle,IP33 1DX,52.246342811046200,0.712853904159228
Perching duck and Nukupuʻu,CO10 9RJ,52.107400425691900,0.801708769646676
Triller and Cloud rat,IP33 2BP,52.232155716594400,0.729461220573221
Mouse and Grosbeak,IP32 7YL,52.239793204223400,0.755377000000000
Greenbul and Zebra,IP4 4BS,52.064498545466100,1.174092016382240
Wallaby and Black cockatoo,IP29 4JX,52.117499843274400,0.681486452804832
Tit-tyrant and Guillemot,IP4 5DS,52.052936627261400,1.185920359554430
Zebra and Coati,IP29 4RD,52.169817774088600,0.750022000000000
Night heron and Mink,IP30 0HW,52.168534300253600,0.807816578640966
Mockingbird and Thrasher,CO10 9LB,52.074519327139600,0.716168295394518
Pheasant and Goose,IP33 1EQ,52.247293161149900,0.713761664845560
Jerboa and Condor,IP32 6SF,52.260027885781100,0.695282455580483
Meadowlark and Parakeet,IP4 5EX,52.055538461196400,1.192466695750360
Kangaroo and Warbler,IP1 3NE,52.061289275533000,1.150926567941920
Chicken and Skunk,IP33 2FD,52.239035563755400,0.720227000000000
Marsh harrier and Pratincole,IP14 5PQ,52.257981000000000,1.111439000000000
Grouse and Triller,IP1 1BX,52.057517073532100,1.153418463708510
Cuscus and Mink,IP14 1UX,52.200504000000000,0.982585000000000
Marmoset and Wader,IP1 5NE,52.077285699365500,1.117270087817060
Puffleg and Stint,IP2 9AD,52.049924161310200,1.139696201242160
Pratincole and Herring gull,IP7 7PN,52.138191710945500,0.852004316841671
Quetzal and Polecat,IP14 5DR,52.185312055685500,1.095341880134070
Argus and Logrunners,CO10 5PR,52.057189407743100,0.845307568655628
Perching duck and Petrel,IP32 6LJ,52.268813185266500,0.703173902447678
Marmoset and Old World warbler,IP4 2NJ,52.058012125852800,1.163797918969830
Tattler and Chicken,IP4 5HD,52.054567267837100,1.194118950965120
Logrunners and Magpie,IP2 0DR,52.057504362357900,1.123186829414580
Triller and Zebra,IP6 8UB,52.156897271912700,1.042292661436270
Rat and Jerboa,IP7 7FG,52.109440000000000,0.909090000000000
White ibis and Kākāriki,CO10 7WT,52.044772000000000,0.754851000000000
Tahr and Vulture,IP1 6DF,52.074543146366100,1.131268000000000
Warbler and Boto,CO10 0AH,52.067355584735400,0.768542092185079
Minke whale and Mole,IP2 8JZ,52.043841230487200,1.153271825381300
Diving bird and Puffleg,IP2 0LF,52.049283828933500,1.126580951383380
Treepie and Linsang,IP29 5SR,52.216817257526600,0.670381055361783
Duck and Ground sloth,IP14 5PE,52.261037077662500,1.101554203549180
Viscacha and Towhee,IP6 0AJ,52.097676350546200,1.116867104196760
Stilt and Tit-tyrant,CO10 9TT,52.111067743798100,0.795351241172149
Grosbeak and Mamo,IP14 2HR,52.147216690427700,0.977954000000000
Jackal and Philippine hawk-owl,IP33 1EH,52.248261319188300,0.712721920916670
Diving bird and River dolphin,IP33 2NU,52.228159773623800,0.724148920621588
Gull and Chicken,IP8 3DY,52.061437141643300,1.056007000000000
Parrotbill and Piping shrike,IP4 5RR,52.052214084646300,1.199961494414430
Mouse and Stilt,IP4 1LN,52.053350810374800,1.162884807669200
Ibex and Polecat,IP1 2GA,52.057660066779300,1.146366843377790
Pitohui and Solitaire,IP8 4SJ,52.113997000000000,1.025922821312030
Buzzard and Rabbit,IP31 3QG,52.256242029152700,0.814674476590335
Grackle and Peafowl,IP33 1SD,52.246496643868700,0.710856135434105
Black cockatoo and Philippine hawk-owl,CO10 9RN,52.106931000000000,0.799220505312709
Myna and Buzzard,IP6 9AF,52.080451218506500,1.164830918453470
White ibis and Zebra,IP4 5LR,52.057338390163100,1.193602000000000
Bronzewing pigeon and New World blackbird,CO10 0ZR,52.044772000000000,0.754851000000000
Viscacha and Moluccan boobook,IP14 6EW,52.168589486083100,1.195893243901330
Piping shrike and Parakeet,IP7 6RE,52.053677179270600,0.961862082073289
Minke whale and Zebra,IP2 0NP,52.047734599619900,1.123278206654560
American sparrow and Grackle,IP6 0DQ,52.107701915999600,1.110497157064890
Chickadee and Philippine hawk-owl,IP1 4NZ,52.073984326588100,1.153674000000000
Siskin and Siskin,IP7 5EF,52.044431572170400,0.953636887635929
Kākāriki and Zebra,IP6 8BB,52.151553891821700,1.052425723178170
Moluccan boobook and New World blackbird,IP14 3QR,52.226699455705600,0.982304026944109
Thicketbird and Magpie,IP1 2NF,52.061749489582800,1.138745867904770
Parrotbill and Jerboa,IP14 5HG,52.213382000000000,1.076690569680140
Flameback and Moluccan boobook,IP31 3NP,52.259926600710900,0.892494944035622
Black cockatoo and Viscacha,IP14 6QY,52.222214647350700,1.178452143538110
Capuchin and Badger,IP1 2DX,52.057929498394900,1.148063673439190
Jay and Pheasant,IP2 0AH,52.055092324904700,1.133406066441070
Shearwater and Fish eagle,IP31 1JL,52.307320453235800,0.768737268980140
Argus and Tattler,IP4 4DL,52.068084597849900,1.176401000000000
Mamo and Black cockatoo,IP33 3QX,52.241098348971600,0.688963705952958
Bunting and Songlark,IP4 4RB,52.066255672870300,1.186956504756220
Maya and Snipe,IP33 9TA,52.251490000000000,0.697034000000000
Shearwater and Booted eagles,IP33 3FS,52.247198686830600,0.708933000000000
Elephant and Parakeet,IP4 5DR,52.052620329894300,1.184978754149960
Coati and Crow,CO10 0SP,52.070881581379100,0.806892770067036
Treepie and Shearwater,CO10 7UB,52.086867123823500,0.673692783985316
Partridge and Civet,IP23 7JS,52.282548443189300,1.139350694530600
Viscacha and Eagle,IP23 7AY,52.320193296169800,1.146874373553260
Grouse and Civet,IP6 0HH,52.094435715293700,1.152124367377460
Hawaiian honeycreeper and Magpie,IP14 6PY,52.226307232325500,1.178437080413750
Wallaby and Perching duck,IP14 4NW,52.265065616063600,1.016950851205350
Thrasher and Recurvebill,IP2 8AT,52.049401799366600,1.150833585795570
Minke whale and Mouse,IP3 8DS,52.050527244350300,1.172225778044840
Marsh harrier and Pitohui,IP1 5NT,52.081085279729500,1.114732242179520
Ibex and Philippine hawk-owl,IP29 4BF,52.151530000000000,0.647685000000000
Macaw and Wallaby,IP14 2LU,52.145933307851800,0.947474193549902
Parakeet and Linsang,IP28 6EA,52.297234614845900,0.695121837797259
Kite and Partridge,IP23 8DA,52.326289000000000,1.111037000000000
Crow and Flameback,IP1 3EL,52.059235755224100,1.148345295208990
Vulture and Armadillo,CO10 9QS,52.111409872433300,0.797987241117429
Parrotlet and Parakeet,IP1 4JD,52.071507904857700,1.134016067722940
Mink and Viscacha,IP31 2TY,52.271561880779400,0.763487579582348
Hawk and Vulture,IP3 8PF,52.048794546412100,1.200358854098140
Night heron and Buzzard,IP14 3LW,52.226797330308400,0.942241658851451
Guillemot and Jerboa,IP14 1NA,52.196986220049800,0.989723910407557
B and Black cockatoo,IP14 5JB,52.192338000000000,1.005964000000000
Capuchin and Guillemot,IP7 5BN,52.045503848514700,0.955705857080717
Cloud rat and Kākāriki,IP33 3NW,52.242780015422000,0.705091979500888
Vole and Philippine hawk-owl,IP30 9GY,52.241640000000000,0.918978000000000
Kangaroo and Mamo,IP14 1ND,52.190534595334700,0.993753912375067
Fox and Tit-tyrant,IP8 4BL,52.079616011703900,1.107024713624890
Eagle and American sparrow,IP2 8HY,52.045823595898300,1.153805299756760
Ice seal and Shearwater,IP8 4HA,52.076238890205300,1.100367755258560
B and Kangaroo,CO10 5EJ,52.052182202538100,0.856367485163922
Greenbul and Pheasant,IP31 2XD,52.325037054589800,0.884031755028653
Dolphin and Skunk,IP4 3DF,52.071814869306200,1.180631000000000
Jay and Skunk,IP8 3AH,52.061635430484500,1.094803158525080
Meadowlark and Linsang,IP8 4QJ,52.099413712780900,1.038318607484810
Eagle and Songlark,IP8 3DG,52.061639083649400,1.094321897447270
River dolphin and Kestrel,IP14 4DS,52.194653000000000,1.020622000000000
Marmoset and Civet,IP32 6EY,52.254376782341300,0.711015000000000
Kite and Jay,IP29 4QF,52.152039266622500,0.735988575137672
Mole and Cloud rat,IP6 0QU,52.118029350658900,1.150677921523800
Linsang and Towhee,IP31 1PX,52.326305442988600,0.738616380410750
Viscacha and Night heron,IP1 6JX,52.078881694783700,1.125599500462710
Linsang and Siskin,IP33 1DE,52.245436816591500,0.712754662983968
Jerboa and Ice seal,IP33 2RF,52.233293000000000,0.712130000000000
Argus and Booted eagles,IP2 8WG,52.052638000000000,1.146583000000000
Argus and Kangaroo,IP14 6DU,52.194267580723500,1.182574126145430
Warbler and Ground sloth,CO10 8AL,52.099322091952900,0.641407522132007
Greenbul and Rabbit,IP4 5RS,52.053583000000000,1.200599000000000
Prion and Ice seal,IP2 8TD,52.046421000000000,1.158748000000000
Treepie and Shearwater,CO10 8DB,52.089404727673800,0.631682584810433
Chipmunk and Kangaroo,IP2 8AY,52.049587804435000,1.147914577006000
Meadowlark and Kangaroo,IP4 1JP,52.054723635465800,1.159991034050690
Gull and Mole,IP2 0DU,52.057105575865900,1.114813555437600
Black cockatoo and Civet,IP32 7JG,52.251361000000000,0.738963000000000
Asiatic leopard and Dorcopsis,IP30 0DS,52.198321684025100,0.770457717111827
Old World vulture and Francolin,IP28 6TU,52.300988811977000,0.691105000000000
Quetzal and Skunk,IP14 1UY,52.200541000000000,0.981841000000000
Scimitar babbler and Grosbeak,IP14 2LW,52.147452909197800,0.957179255266543
Marmoset and Capuchin,IP14 2BN,52.178982484751800,0.999008000000000
Warbler and Eagle,IP31 2AG,52.323060107149500,0.886544917185438
Francolin and Kangaroo,IP23 8LA,52.304236000000000,1.045596000000000
Gull and Black jay,CO10 9UJ,52.073558224887100,0.720794618235673
Thrasher and Darwin's finches,IP32 7PE,52.244895000000000,0.752900431362365
Myna and Grouse,IP14 5FN,52.191868178770200,1.013069000000000
Goose and Treepie,IP4 2FB,52.059078000000000,1.156885000000000
Thrasher and Puffleg,CO10 9EG,52.077104919131600,0.724148341017048
Buzzard and Vole,IP3 0FH,52.050526615680200,1.167572175846170
Goose and Grouse,IP33 1XZ,52.245713851919900,0.721810951358593
River dolphin and Old World quail,IP4 5HJ,52.057980213135400,1.185331099432930
Condor and Scimitar babbler,IP1 2PS,52.061967041623100,1.143065650451910
Ice seal and Kite,IP7 7PA,52.150234061297600,0.880463754358178
Marmoset and Mink,IP33 3AW,52.249294903855300,0.704521446628056
Black jay and River dolphin,IP4 4DY,52.059715789076300,1.178684442684270
Mole and Grouse,IP14 5RS,52.245074632479300,1.078506772739260
Booted eagles and Peafowl,IP14 5UJ,52.186926437568000,1.011128410642330
Kangaroo and Lemming,IP14 5SP,52.253696105832600,1.064127388026940
Cloud rat and Old World warbler,IP30 0NH,52.135057099059800,0.825702457593093
Grosbeak and Dorcopsis,IP33 2PR,52.233821728757300,0.725081596448026
Tattler and Towhee,IP1 4AY,52.066121655513500,1.129917479958550
Kite and Darwin's finches,IP4 3NF,52.063472063920900,1.197074915288330
Fulmarine petrel and Cuscus,IP33 1BJ,52.245277526988000,0.712642389856971
Quetzal and White ibis,IP33 1NU,52.241685691303400,0.713976049665729
Jackal and Recurvebill,IP1 3SU,52.067525200583100,1.158195581754380
Ibex and Rat,IP14 3BL,52.178756000000000,0.965168000000000
Condor and Rat,CO10 1NJ,52.045071473086900,0.730366502780696
American sparrow and Capuchin,IP3 8HL,52.053545324566400,1.173037864521470
Hawaiian honeycreeper and Dorcopsis,IP7 7BZ,52.108467773527300,0.967494873126287
Civet and New World blackbird,IP6 0NP,52.113589820048800,1.090791585181240
Dorcopsis and Civet,IP14 4RB,52.261512791181800,1.034151067127270
Philippine hawk-owl and Parrotlet,IP1 4LY,52.077425000000000,1.146561000000000
Puffleg and Wallaby,CO10 9DB,52.090363000000000,0.725642000000000
Ibex and Jay,IP1 9EP,52.052638000000000,1.146583000000000
Towhee and Mamo,IP32 7ED,52.242721194548700,0.740631000000000
Partridge and Philippine hawk-owl,IP31 2RE,52.263263000000000,0.777960379648370
Greenbul and Grackle,IP29 4RF,52.174892000000000,0.751419000000000
Elephant and Darwin's finches,IP7 6JD,52.081786177288500,0.918092317188497
Piping shrike and Petrel,IP33 3ZF,52.252464044708400,0.707237000000000
Wallaby and Old World quail,IP4 2DR,52.059045567667800,1.159114391424020
Linsang and Gull,IP29 4QA,52.155072794510300,0.726159450920200
Fulmarine petrel and Nukupuʻu,CO10 9TF,52.078272174973500,0.726948815651872
Herring gull and Armadillo,IP30 9JX,52.220349026393900,0.796223311415184
Triller and Night heron,IP8 4EY,52.078842408734600,1.099862226919330
Cuscus and Marsh harrier,IP3 8DX,52.049220052986200,1.175342387433540
Puffleg and Goose,IP23 8NH,52.273235000000000,1.078832000000000
B and Pratincole,IP8 3AQ,52.060549884499400,1.095384663165380
Fish eagle and Pitohui,IP14 4LL,52.264041330160300,1.005990728199610
Marsh harrier and Snipe,IP1 5JL,52.073509241508200,1.120290774619800
Capuchin and Pitohui,IP33 2DQ,52.236652061822500,0.698977366172721
Parrotlet and Prion,IP7 6HW,52.070192000000000,0.929069000000000
Old World quail and Bunting,IP30 0DA,52.206620630394700,0.763626008455738
Badger and Night heron,IP2 8HA,52.049472567415700,1.156908000000000
Nukupuʻu and River dolphin,IP6 0BB,52.112550973899700,1.115889281905420
Dolphin and Quetzal,IP33 1YF,52.246445028442800,0.722471054743569
Pheasant and Capuchin,CO10 7PP,52.109077513175300,0.669822274971838
Quetzal and Asiatic leopard,IP1 6TA,52.078710042872200,1.150942581715230
Kākāriki and Flameback,IP33 3RZ,52.245809420762300,0.689014256579729
Chickadee and Linsang,IP30 0PZ,52.181789000000000,0.861041000000000
Armadillo and Mockingbird,IP2 8BQ,52.049072325483000,1.149701748381830
Mamo and Chickadee,IP1 6JY,52.080273158693000,1.125696777851700
Night heron and Magpie,IP8 4JG,52.076422191887400,1.093739209508220
Nukupuʻu and Rabbit,IP3 0BW,52.049244391484200,1.163747023621600
Civet and B,IP6 9SA,52.151864978357900,1.163405148444970
Zebra and Bunting,IP3 9AH,52.046129368377500,1.182883180368100
Prion and Grouse,IP4 4JW,52.067850042803100,1.182210419071120
Ibex and Greenbul,IP7 6PR,52.069973916180900,0.889798463630397
Buzzard and Old World warbler,IP23 7LX,52.279417500313600,1.139055934529320
Elephant and Buzzard,IP23 8JU,52.304739605532500,1.039572268220800
Stint and Goose,IP4 5JL,52.055638870653000,1.188096951274370
Macaw and Tahr,IP31 3SZ,52.252110842482600,0.815978000000000
Dorcopsis and Old World warbler,IP1 1XF,52.054261945477900,1.153393323576680
Warbler and Thrasher,IP4 5SS,52.059920071815400,1.200031129005680
Diving bird and Kite,IP33 3AT,52.249355865348500,0.707352935221147
Petrel and Mamo,IP14 3PN,52.219868380971800,0.970746800021134
Snipe and Old World quail,CO10 9HT,52.067793467300400,0.713396023389148
Fish eagle and Tree warbler,IP8 4EH,52.076946116557800,1.097074229616810
Parrotlet and Quetzal,IP14 3EA,52.179077120248400,0.917115000000000
Flameback and Old World warbler,IP6 0DD,52.104890864447300,1.114770700383750
Ice seal and Darwin's finches,IP4 1HH,52.057068903022200,1.161411404999390
White ibis and Jackal,IP4 2PW,52.059949538896600,1.168677002617850
Nukupuʻu and Old World quail,CO10 9NR,52.094853644292500,0.835220623269494
Siskin and Mink,IP14 5FF,52.192244000000000,1.011110429554100
Meadowlark and Zebra,IP3 9BB,52.043377528334700,1.188521791328670
Pratincole and New World blackbird,IP32 6AX,52.260724696748800,0.711577622085234
Capuchin and Perching duck,IP14 5UA,52.184984452319100,1.016030358276080
Francolin and Jay,IP14 4RA,52.262333350518800,1.032668129051810
Mouse and Perching duck,CO10 7SW,52.096253566560400,0.668632746049697
Partridge and Ibex,IP1 1AF,52.054567867184400,1.150874000000000
Ice seal and Solitaire,IP14 4PQ,52.263883470247100,1.030091638119010
Mole and Wader,IP6 0FE,52.107904000000000,1.097321000000000
Jerboa and Wallaby,IP33 9UG,52.251490000000000,0.697034000000000
Chipmunk and River dolphin,IP6 9JX,52.146061687258200,1.190843195210910
Nukupuʻu and Buzzard,IP8 4QT,52.113048356443200,1.044578062720600
Mamo and Tahr,IP33 3NP,52.241841962418800,0.705606224443181
Marmoset and Jerboa,IP33 1QR,52.240863006759900,0.715727649987018
Asiatic leopard and Bunting,IP32 6QJ,52.257373506173000,0.693773249729445
Dorcopsis and Thicketbird,IP14 1JL,52.192298588417500,0.996535855924507
Philippine hawk-owl and Francolin,IP4 5LA,52.057028108604100,1.190267736543340
Old World warbler and Puffleg,IP1 6SG,52.084996000000000,1.138874000000000
Black cockatoo and Grouse,IP1 3JR,52.059754313579300,1.155852329412990
Prion and Peafowl,IP8 4NQ,52.095185000000000,1.069294000000000
Mole and Bronzewing pigeon,IP14 2AN,52.179386246757400,0.999983038915477
Towhee and Fulmarine petrel,IP1 4EP,52.067727436604600,1.132102112946680
Elephant and Booted eagles,IP4 1BZ,52.053121871409200,1.158681649672560
Argus and Macaw,IP14 1BY,52.182617555909300,0.999878769496270
Herring gull and Fish eagle,IP14 1BD,52.184003525565100,0.999840427005028
Jay and Rat,CO10 7SP,52.084940850814800,0.643083267284052
Myna and Warbler,IP33 2HU,52.239893814510400,0.683016801687330
Masked owl and Meadowlark,IP6 9AB,52.082102732714700,1.167298155278640
Badger and Black jay,CO10 0SW,52.071397734593200,0.805611735241716
New World blackbird and Booted eagles,IP1 5PH,52.076113556962100,1.113641514210070
Darwin's finches and Capuchin,IP1 6LH,52.086621389823300,1.122359389581360
Zebra and Moluccan boobook,IP6 8GB,52.156032483259100,1.048959809620770
Perching duck and White ibis,IP4 4AF,52.065240199599100,1.175939554897500
Grosbeak and Greenbul,IP1 6JT,52.075140479369200,1.128300947913350
Wallaby and Black jay,IP32 6AH,52.254778731053400,0.713998963244222
Gull and Old World warbler,IP1 5RB,52.069046968099800,1.114565152891560
Philippine hawk-owl and Meadowlark,IP1 6QJ,52.083808760557900,1.139185009164730
Jay and Coati,IP14 2RL,52.173927130047700,0.993779000000000
Dolphin and Snipe,IP1 6EY,52.085142046397700,1.126591991052390
Ice seal and Grosbeak,IP14 4TN,52.281967472658300,1.024903392204040
Fish eagle and Armadillo,IP14 3PQ,52.217000543690100,0.971419182765918
Logrunners and Stint,IP14 2NL,52.182328618247400,0.984687447311696
Parrotlet and Kestrel,IP31 3ST,52.249794619752300,0.823306546999416
Darwin's finches and Nukupuʻu,IP6 9AL,52.094021000000000,1.174320000000000
Zebra and Asiatic leopard,IP33 9SY,52.251490000000000,0.697034000000000
Elephant and Duck,IP2 8EU,52.051572389744800,1.154575000000000
Solitaire and Kite,IP32 7BE,52.251978000000000,0.735235000000000
Old World quail and Chickadee,IP29 5RA,52.196223000000000,0.605019202832970
Cloud rat and Dorcopsis,IP31 3LR,52.254890676282400,0.864470915166248
Nukupuʻu and Crow,CO10 9NZ,52.078629020662300,0.838614463834567
Masked owl and Shearwater,IP32 6RN,52.257013210684100,0.697341687371778
Coati and Argus,CO10 1UG,52.043793868867000,0.732330410004134
Black cockatoo and Songlark,IP2 9QB,52.043210342465200,1.121256068331040
Shearwater and Minke whale,IP1 9XJ,52.052638000000000,1.146583000000000
Tit-tyrant and Prion,IP1 9HF,52.052652000000000,1.146613000000000
Prion and Stint,CO10 9HR,52.067062606568500,0.713891599269691
American sparrow and Pheasant,IP1 4BW,52.068302258377000,1.135849149144840
Civet and Kangaroo,IP33 2BS,52.229691994682100,0.731389662197451
Thicketbird and Elephant,IP14 2SA,52.177641829550900,0.997495681855711
Thicketbird and Jerboa,IP4 4AU,52.061515211512300,1.173325866479320
Coati and Armadillo,IP33 3UU,52.242939174985800,0.684343243991703
Black cockatoo and Solitaire,IP4 3JN,52.067737523126800,1.192680644352590
Bunting and Mouse,IP4 5LY,52.059683816122900,1.191172064187530
Booted eagles and Warbler,CO10 1LX,52.050422833569800,0.727629700733402
Chicken and Philippine hawk-owl,IP4 2QQ,52.058284225407000,1.167727406192860
Egret and Darwin's finches,IP1 6TD,52.088190048414200,1.150100000000000
Magpie and Asiatic leopard,IP7 5AL,52.043563256690500,0.954349000000000
Zebra and Philippine hawk-owl,IP6 0GS,52.110545000000000,1.095752000000000
Elephant and Solitaire,IP29 5SL,52.222466861617800,0.669094785619959
Philippine hawk-owl and Coati,IP1 3DN,52.058317000000000,1.154482000000000
Pratincole and Duck,IP1 5DT,52.074124882350700,1.129966767743610
Treepie and Wallaby,IP1 6PR,52.081861000000000,1.146163792090000
Nukupuʻu and American sparrow,IP31 3AR,52.306903015429300,0.909114063538911
Logrunners and Darwin's finches,IP31 3HF,52.271462942321200,0.923225283934186
Pratincole and Chickadee,CO10 8AR,52.087228455225100,0.638517854626775
Condor and Tahr,IP31 2LX,52.284551187713400,0.841353547627280
Fish eagle and Pratincole,IP14 3AJ,52.172784113448500,0.940049237631986
Hawaiian honeycreeper and Pheasant,IP4 3HR,52.070451227375100,1.192772207789060
Skunk and Francolin,IP32 7NH,52.249448891583600,0.733350860097801
Mamo and Piping shrike,IP32 7DW,52.242305036074700,0.738156135991661
Kangaroo and Warbler,IP7 6ER,52.044419000000000,0.899919000000000
Scimitar babbler and Pitohui,IP33 2BQ,52.237281542386600,0.722071110973101
Piping shrike and Grackle,IP31 2QA,52.269783000000000,0.795918000000000
Quetzal and Triller,IP32 6SP,52.258805221992000,0.695266907624914
Tit-tyrant and Bunting,IP4 5ET,52.054929434238900,1.189053078737830
Black jay and Wallaby,CO10 7HP,52.062399639045000,0.687551000000000
Philippine hawk-owl and Siskin,IP31 3QH,52.253843426238500,0.816075820381518
Night heron and Scimitar babbler,IP33 3EF,52.245771952298400,0.700616000000000
Solitaire and Moluccan boobook,IP6 8BD,52.153112782393700,1.050573197264360
Kestrel and Buzzard,IP33 3DY,52.245323620098300,0.702404586624212
Jerboa and Goose,IP32 7HG,52.249489219369900,0.743624286360216
Dolphin and Rat,IP14 3RU,52.182008373022400,0.945621000000000
Duck and Puffleg,IP31 1JF,52.299879571021800,0.760835900764523
B and Chickadee,IP7 5DF,52.046208528314700,0.958086115485564
Armadillo and Lemming,IP1 5BA,52.068155144384500,1.122091690546410
Siskin and Thrasher,IP14 5RL,52.227894979379500,1.087525548974480
Marsh harrier and Triller,IP30 9LF,52.218952129273200,0.803925051431902
Chicken and Kite,IP6 8HY,52.124770000000000,1.015467000000000
Myna and Skunk,CO10 0PZ,52.043674323058400,0.764044113724065
Meadowlark and Shearwater,IP1 5AX,52.067082680235000,1.126920150375080
Flameback and Ibex,IP30 9AR,52.230745982485900,0.831617016387609
Ice seal and Thrasher,IP33 2QD,52.230380373713200,0.721839126257071
Jay and Fish eagle,IP14 6RB,52.225232983463500,1.180586391292060
Crow and Kangaroo,IP7 7PZ,52.122106000000000,0.878926000000000
Rat and Black jay,IP2 9SJ,52.046648411666800,1.143477742823600
Cloud rat and Thicketbird,IP2 0TA,52.049683852874200,1.118279422495500
Black cockatoo and Wader,IP4 2TH,52.067625079546800,1.165864227724040
Hawk and Pheasant,IP28 6RP,52.265536865077700,0.636930355583613
Grosbeak and Ibex,IP33 9TY,52.251490000000000,0.697034000000000
Maya and Wallaby,IP4 4HJ,52.059018615413300,1.179189359799970
Tattler and Marmoset,IP1 4PY,52.052638000000000,1.146583000000000
Condor and Stint,IP14 2DY,52.177454689066400,0.991763176190000
Fulmarine petrel and Petrel,IP1 6RL,52.080226319571400,1.149735662693250
Old World vulture and Goose,IP31 1EU,52.313700256529400,0.785393508620521
Asiatic leopard and Pratincole,IP30 9FX,52.224810000000000,0.905999000000000
Vulture and Parakeet,IP33 3JB,52.248129231541000,0.681916879139266
Rat and Old World quail,IP29 4HX,52.143553990949300,0.745480864961567
Egret and Cuscus,IP33 3QR,52.242832026591300,0.686285156926384
Tahr and Siskin,IP7 7RB,52.123715582215400,0.970553887923632
Macaw and Masked owl,IP14 5ER,52.198696000000000,1.069181000000000
Flameback and White ibis,IP1 3SN,52.066673932842300,1.152035528208340
Zebra and Kākāriki,IP2 8HN,52.048097474774200,1.159902474076600
Egret and Armadillo,IP1 5NS,52.068320103948400,1.116543046221350
Towhee and Crow,IP14 2NH,52.169335000000000,0.961849000000000
B and Siskin,IP1 6QF,52.082003845808000,1.141102006130110
Parrotbill and Jerboa,IP33 3AR,52.249422823507200,0.705217861265593
Kestrel and Chickadee,IP6 9AQ,52.085267000000000,1.172092000000000
New World blackbird and Fox,IP3 8LZ,52.051564031794200,1.198397820133540
Lemming and Tattler,CO10 9LD,52.074262000000000,0.715700000000000
Elephant and Chickadee,IP14 4RT,52.264148249298200,1.030637376686800
Cuscus and Partridge,IP29 4UJ,52.189671133617200,0.618507575304868
B and Tattler,IP28 6QZ,52.258037275034600,0.640134223706677
Towhee and Condor,IP6 8SN,52.156032483259100,1.048959809620770
Capuchin and Flameback,CO10 9QE,52.112410270707100,0.800167920162483
Diving bird and Pheasant,IP32 7GJ,52.243741762888100,0.749847403047711
Parakeet and Mockingbird,IP29 4JP,52.129891047402700,0.667662212620683
Thrasher and Thicketbird,IP33 1RL,52.243310182157000,0.712551646448537
Mockingbird and Goose,IP31 3NG,52.255373000000000,0.865044000000000
White ibis and Capuchin,IP30 9DU,52.233451000000000,0.910063000000000
Stilt and Kākāriki,IP14 6BX,52.209596000000000,1.140936000000000
Moluccan boobook and Booted eagles,IP1 9FQ,52.052652000000000,1.146613000000000
Old World warbler and Jay,IP1 3NQ,52.060369052072100,1.146323927562720
Philippine hawk-owl and Tit-tyrant,IP33 1QG,52.241058757573000,0.713864535271136
Chipmunk and Fulmarine petrel,IP33 3TN,52.246856389117600,0.670236658071421
Solitaire and Perching duck,IP32 6PG,52.256074054698400,0.696332176837177
Triller and Elephant,IP4 3DN,52.071664988195200,1.183153239786900
Mockingbird and Solitaire,IP32 6PE,52.255667164271200,0.697216021258379
Black jay and Vole,IP4 3PB,52.068682117144800,1.200293159087440
Parakeet and Thicketbird,IP4 3NZ,52.068458737680700,1.188966905246090
Kākāriki and Jerboa,IP33 2LT,52.237100384720800,0.708452315807878
Fox and Coati,IP4 2ES,52.059852864434100,1.162571123926980
Fulmarine petrel and Jackal,IP7 7RH,52.125353266500000,0.971232724141271
Ground sloth and Fulmarine petrel,IP14 5SU,52.239847000000000,1.057884000000000
Logrunners and Jackal,CO10 0UP,52.068257484181200,0.765752377833419
Duck and Pratincole,IP23 8HA,52.304314293570600,1.083013372540530
Black jay and Wader,IP3 0FJ,52.050070032875600,1.166825059366610
Old World warbler and Scimitar babbler,IP4 4HG,52.062882483208400,1.177654536898290
Peafowl and Fulmarine petrel,IP1 1TJ,52.055638517674500,1.152366934578330
Armadillo and Wader,IP32 7BS,52.239769419275500,0.747961000000000
Dorcopsis and Diving bird,IP33 3BD,52.245644355988600,0.703713326155947
Civet and Magpie,IP8 4DZ,52.070596000000000,1.109465337622000
Viscacha and Tattler,IP33 1SN,52.248898445437500,0.711998923332046
Civet and Badger,IP33 3UA,52.240101000000000,0.696067000000000
Francolin and Masked owl,IP32 7EQ,52.241178472474600,0.740972628580162
Civet and Crow,IP4 1HN,52.056589000000000,1.159968454176250
Hawaiian honeycreeper and Nukupuʻu,IP14 5BH,52.188898883593800,1.006081772641970
Cloud rat and Kākāriki,IP1 4BU,52.065911709259500,1.138819025403900
Tattler and Thicketbird,IP33 3AD,52.248006000000000,0.706250973456512
Vulture and Hawk,IP4 5HF,52.052802368776300,1.190214485749780
Parakeet and Maya,IP32 6QU,52.255079194666100,0.696579537928565
Siskin and Old World warbler,IP23 7NS,52.321602874836600,1.172713000000000
Goose and Kite,IP1 4AP,52.065714426838500,1.133055619642540
Dolphin and Recurvebill,IP4 2AX,52.058981897346600,1.157326000000000
Stilt and Towhee,IP33 9JR,52.242181000000000,0.753134000000000
Chicken and Lemming,IP30 9JF,52.232516224460200,0.782546907387248
Logrunners and Chicken,IP28 6LX,52.289431486019200,0.670876217076455
Mole and Dolphin,IP4 1BQ,52.053882207613100,1.156824157570390
Black jay and Cuscus,IP2 0TT,52.045241931730100,1.110078947765310
Stilt and Triller,IP7 6LH,52.062074763480500,0.951927010880726
Snipe and Viscacha,IP14 9DQ,52.186362000000000,0.997645000000000
Philippine hawk-owl and Kite,IP14 3LA,52.179312664856900,0.943318126118178
Puffleg and Maya,IP1 9EN,52.052638000000000,1.146583000000000
Viscacha and Wallaby,CO10 8BU,52.089453020868900,0.633948268679601
Hawaiian honeycreeper and Elephant,IP6 8HA,52.146069911985200,1.055120376482620
Logrunners and Stilt,IP33 3RG,52.247689517270600,0.703940280136070
Badger and Jay,IP6 8HB,52.149834221847800,1.057702828624560
Jerboa and Macaw,IP28 6DT,52.294636396844600,0.694304034175586
Condor and Armadillo,IP14 1BE,52.183998082446400,0.998640309661247
Black jay and Stint,IP14 5UY,52.190016477582200,1.015829672598490
Greenbul and Peafowl,IP32 6QZ,52.262559513172000,0.693897158527973
Old World vulture and Mole,IP1 4BB,52.066656814175600,1.128393466691670
Egret and River dolphin,IP33 3UZ,52.244823071591200,0.684544898062125
Herring gull and Grosbeak,IP6 8GL,52.156032483259100,1.048959809620770
Moluccan boobook and Meadowlark,IP31 1HS,52.290182125610500,0.720694952907317
Minke whale and Chicken,IP1 6EE,52.079685634532700,1.128516780403890
Wader and Nukupuʻu,IP28 6RX,52.257907000000000,0.644391000000000
Polecat and Wallaby,IP14 2LX,52.144434905688200,0.948413064094139
Pheasant and Mink,IP3 8GP,52.049818557423100,1.185815098700190
Parakeet and Crow,IP4 2RU,52.057352601878700,1.170929650780900
Parrotlet and Wader,IP14 2HE,52.148884701251900,0.988837651648058
Badger and Flameback,IP4 1BW,52.053662000000000,1.158705000000000
Scimitar babbler and Diving bird,IP4 4DB,52.068695980073600,1.175528216186050
Jackal and Grackle,IP33 1YH,52.248529977471300,0.722921088481691
Tattler and Minke whale,IP32 6JR,52.263829000000000,0.701757000000000
Petrel and Chicken,CO10 3EH,52.044786000000000,0.754882000000000
Masked owl and Vulture,IP4 5AX,52.055821183208400,1.179691665580350
Kākāriki and Greenbul,IP8 4HQ,52.076195770680200,1.101786000000000
Hawk and Recurvebill,IP31 3HN,52.265043018381000,0.934045115868838
Kestrel and Mink,CO10 1WG,52.049720742637700,0.735799005527372
Philippine hawk-owl and Dolphin,IP32 7WY,52.242165000000000,0.753105000000000
Wader and Treepie,IP2 9SY,52.043365704653200,1.141453213567400
Triller and Badger,IP1 9XF,52.052638000000000,1.146583000000000
Philippine hawk-owl and Solitaire,IP14 6ED,52.181803115643500,1.200806245201570
Puffleg and Nukupuʻu,CO10 7UT,52.099909799230100,0.669201532803499
Fish eagle and Tit-tyrant,IP4 2TN,52.069710981225100,1.164216791763670
Pheasant and Shearwater,IP33 3ND,52.240454000000000,0.708554000000000
Dorcopsis and Crow,IP7 7DR,52.123425784472500,0.971391000000000
Warbler and Peafowl,IP8 4JU,52.100033133039700,1.096732071832670
Rabbit and Mamo,IP31 2JX,52.270511496467500,0.820049767630196
Macaw and Stint,CO10 9AJ,52.101620000000000,0.694085000000000
Booted eagles and Zebra,IP2 0PZ,52.048237307712500,1.124669880233190
New World blackbird and Pheasant,IP30 9PN,52.235648455751500,0.860638529516074
Treepie and Parakeet,IP29 4RA,52.167253198460400,0.738794187032622
Jerboa and Mink,IP8 4PN,52.094975467562700,1.049625471531300
Jerboa and River dolphin,IP14 3DW,52.182393707644600,0.922497853885479
Francolin and Vole,IP28 6EL,52.298422694850600,0.657644000000000
Prion and Guillemot,IP4 2BW,52.058799592970100,1.158921970320340
Boto and Grosbeak,IP4 3PR,52.069766352123800,1.197130800943930
Partridge and Bronzewing pigeon,IP6 8PX,52.161064000000000,1.066531000000000
Dorcopsis and Masked owl,IP4 1RA,52.055443809481400,1.155271118832310
Bronzewing pigeon and Mamo,IP7 6EB,52.058580665683700,0.916739341755745
Piping shrike and Duck,IP1 1EE,52.057652124796200,1.153748966623700
Parrotlet and Grosbeak,IP7 6RF,52.052263679510600,0.953686893306643
Nukupuʻu and Black jay,IP33 2ND,52.239737518111400,0.722031035167303
Zebra and Triller,IP4 5NP,52.058192016164800,1.176825328519770
Night heron and Jerboa,IP6 8AW,52.154452547381100,1.051485000000000
Pitohui and Tattler,CO10 9ED,52.075019894504900,0.720197587722038
Myna and Minke whale,IP30 9BF,52.233412000000000,0.827363000000000
Dorcopsis and Treepie,IP4 3EX,52.067443478771200,1.191915383632880
Chicken and Fox,IP4 1DS,52.057732935320500,1.156439269739270
Hawk and Boto,IP4 4BT,52.065766628491200,1.174094441766930
White ibis and Herring gull,IP5 1DX,52.072717426677500,1.197895000000000
Old World vulture and Mockingbird,IP29 4LG,52.137480330758300,0.637041000000000
Lemming and Quetzal,IP32 6ST,52.258550640588400,0.693419626753431
Wallaby and American sparrow,IP1 4NW,52.075371056811100,1.152706943230500
Partridge and Jerboa,IP32 6RP,52.258689673967300,0.696388314799871
Peafowl and Kangaroo,IP4 1HE,52.057150897480500,1.160702283998370
Condor and Pitohui,IP14 4PR,52.227528752298500,1.028463549318950
Thrasher and Maya,IP3 0FL,52.050430937615500,1.168119745035750
Quetzal and Maya,IP29 4JN,52.133003730990100,0.668008984049234
Thicketbird and Diving bird,IP30 9GQ,52.235247364184100,0.833280477589402
Skunk and Ice seal,IP29 4UH,52.188371559501900,0.616167000000000
Bronzewing pigeon and Cuscus,IP2 9LS,52.046189808396200,1.127940170026050
Wallaby and Dorcopsis,IP23 7EQ,52.295428146921600,1.201913659057090
Siskin and Tahr,IP31 1NZ,52.308489102760200,0.737134677236623
Rat and Elephant,IP33 2BJ,52.237039412770400,0.723989784626059
Magpie and Rabbit,IP7 6LU,52.080019140133000,0.992630000000000
Mouse and Vole,IP33 1LY,52.243823110597700,0.716054970883218
Linsang and Warbler,IP8 4QG,52.098577449710900,1.039707460033990
Old World quail and Vulture,IP30 0SP,52.189030920720200,0.892219808072776
Chickadee and Kākāriki,IP29 4BH,52.182051498394200,0.633976460822009
Macaw and B,IP4 1NR,52.055923563408300,1.168887949388020
Lemming and Black jay,IP4 4LS,52.063354820897300,1.181146434746730
Nukupuʻu and Dorcopsis,IP33 3DE,52.244615347676500,0.709759853032180
Fish eagle and Chickadee,IP32 7HP,52.250432932558300,0.747125804876364
Black cockatoo and Dorcopsis,IP6 9LF,52.141239192505900,1.169580331062910
