name,postcode,lat,lon
Flameback and American sparrow,NG18 1JG,53.143422676076700,-1.196226666303610
Linsang and Crow,NG5 9JH,53.009808050869700,-1.161390391096990
Pheasant and Greenbul,NG16 9FL,53.020100000000000,-1.318705000000000
Grouse and Magpie,S42 5UF,53.180709769223400,-1.393778159925120
Armadillo and Shearwater,S44 6BU,53.233400694862100,-1.319969276198280
Scimitar babbler and Greenbul,S40 2EX,53.216743105914900,-1.427609080336960
Zebra and Peafowl,DE55 5TD,53.130132349943700,-1.343659870209470
Hawk and Jerboa,NG16 5PY,53.060289422366000,-1.347481920202610
Grouse and Thicketbird,NG17 8HE,53.107960219945900,-1.273161472469690
Perching duck and Siskin,NG18 5HJ,53.135977794699900,-1.223047381592650
Guillemot and New World blackbird,NG16 2AX,53.009191362053600,-1.294956404450100
Masked owl and Grosbeak,NG20 0JH,53.206049482540200,-1.163479288773570
Flameback and Siskin,NG17 7NB,53.096874340096600,-1.225752994893620
Thicketbird and Coati,NG16 3QD,53.020876627138600,-1.294810708065900
Diving bird and Condor,NG18 4FT,53.130682916874000,-1.180249000000000
American sparrow and Mamo,NG17 3LH,53.151608000000000,-1.278227000000000
Perching duck and Mole,NG5 7FX,53.005335115842000,-1.123266579855230
Grosbeak and Ice seal,S41 0AG,53.222531697784100,-1.410936619434690
Philippine hawk-owl and Black cockatoo,NG15 9BH,53.084212276882000,-1.166410020220230
Ice seal and Night heron,NG17 7LE,53.109307193010500,-1.241230155277920
Rat and Gull,DE55 4AY,53.067647000000000,-1.367998231831500
Black cockatoo and Meadowlark,NG17 5LL,53.119156600496600,-1.241847000000000
Badger and Duck,DE75 7QR,53.015128774018500,-1.360997052678740
Petrel and Civet,S42 5SE,53.187428683348000,-1.363527921530450
Marsh harrier and Warbler,S44 5LP,53.187259119621200,-1.284497583665620
Hawk and Tahr,NG5 9QD,53.014260092847100,-1.160439574700730
Wallaby and River dolphin,NG5 8HT,53.013244000000000,-1.152679000000000
Magpie and Gull,NG15 6BL,53.027285420471600,-1.200861789481200
Tree warbler and Puffleg,NG19 9JG,53.159045826572300,-1.194888041027770
Old World vulture and Linsang,NG19 7SJ,53.170244147306600,-1.241128326785520
Black jay and Peafowl,NG16 6FJ,53.078505000000000,-1.303409000000000
Piping shrike and Partridge,NG5 8BD,53.007818058262400,-1.115019321849700
Perching duck and Tahr,NG16 2LD,53.004221758443500,-1.259570000000000
Badger and Cloud rat,DE55 5PF,53.137064498365800,-1.345572248385620
Egret and Polecat,NG5 5AB,53.010845296554300,-1.183861254211900
Herring gull and Chicken,NG20 0SR,53.213755097226200,-1.162475667095140
Mouse and Francolin,NG15 6BE,53.028354689799800,-1.199455349795210
Parakeet and Coati,NG18 1BW,53.136776000000000,-1.198189000000000
Chicken and Piping shrike,NG17 4PP,53.129246670600000,-1.245213408500000
Jerboa and B,NG5 6JP,53.002217136958400,-1.132032280691480
Jay and Darwin's finches,S42 5AY,53.200408297919500,-1.399817724688370
Thicketbird and Crow,NG17 1JT,53.122642826549300,-1.276649670859780
Guillemot and Black cockatoo,S42 6PT,53.203851300255500,-1.427271766554410
Cloud rat and Petrel,DE55 5AB,53.121218431109700,-1.369227793387270
Boto and American sparrow,S42 5AD,53.199252000000000,-1.400343000000000
Bronzewing pigeon and Kite,NG19 7TS,53.149944971545700,-1.202731000000000
Greenbul and Quetzal,DE55 4JZ,53.074471961416700,-1.361955139017950
Guillemot and Francolin,NG16 1HL,53.001493526955000,-1.253224222081940
Recurvebill and Moluccan boobook,NG16 3RT,53.019680087896700,-1.316207518907120
Triller and Stint,DE55 1LW,53.074873000000000,-1.367845000000000
Pheasant and Hawaiian honeycreeper,NG15 6RX,53.028411716394300,-1.235463294313840
Tahr and Skunk,DE55 7PG,53.095260000000000,-1.435536072255020
Darwin's finches and Bunting,NG18 3GL,53.136448319118200,-1.171483372639400
Puffleg and Flameback,S44 5AG,53.234572941186600,-1.388717989904890
Nukupuʻu and Siskin,S42 5XD,53.173118000000000,-1.387362000000000
Puffleg and Kite,DE5 9QQ,53.044300098423700,-1.378181600469030
Peafowl and Argus,NG5 8AD,53.005393400615300,-1.109331346319050
Chicken and Chickadee,NG5 8AU,53.010926713282500,-1.113584521375270
Magpie and New World blackbird,DE55 1BA,53.074758815007700,-1.394505431927970
Snipe and Pitohui,NG18 6BF,53.120179000000000,-1.176575000000000
Old World vulture and Duck,NG17 5HX,53.116630496212700,-1.235154728957540
Treepie and Peafowl,NG21 0WG,53.111865000000000,-1.120310000000000
Linsang and Lemming,DE55 1BB,53.072659834672900,-1.390101933635880
Scimitar babbler and Duck,S40 2RX,53.226886281222400,-1.430245048221390
Treepie and Masked owl,NG6 8AP,53.008134000000000,-1.192166474088860
Polecat and Zebra,NG17 7DS,53.098848572558200,-1.246238094829690
Philippine hawk-owl and Cloud rat,NG20 9BA,53.211310285466700,-1.218091903129150
Tahr and Diving bird,NG17 9BU,53.079883172590100,-1.246539438295900
Herring gull and Grosbeak,DE5 3GF,53.052391966939100,-1.415749758830970
Fulmarine petrel and Condor,NG6 8JD,53.003687129545600,-1.202027718595670
Grosbeak and Quetzal,S41 0PY,53.222377710632100,-1.416180917773650
Grosbeak and Snipe,S45 8BD,53.155886327448400,-1.363575608739500
Ibex and Parrotbill,NG20 8LE,53.208717756358500,-1.218902712194840
American sparrow and Thrasher,NG15 6DN,53.026134597064100,-1.206205847063330
Gull and Myna,DE55 6HF,53.139112298022200,-1.401001082404720
Chickadee and Minke whale,NG20 8LZ,53.202978262047900,-1.222227000000000
Kangaroo and Dolphin,NG16 4AQ,53.018323809860000,-1.329034053673510
Elephant and Chickadee,S44 6JQ,53.224144480975600,-1.306141000000000
Pitohui and Marmoset,NG19 6HU,53.144078825486700,-1.223319856364990
Dorcopsis and Herring gull,NG17 3FG,53.146326787712000,-1.268880912907850
Grackle and Scimitar babbler,NG18 3EA,53.144671798314900,-1.162099000000000
Wader and Polecat,NG5 9HN,53.000230464718200,-1.165956798773130
Nukupuʻu and Kangaroo,NG6 8UE,53.022901238100000,-1.173182949400000
Old World quail and Capuchin,DE55 7GN,53.088828000000000,-1.378809000000000
Myna and Kākāriki,DE5 4TE,53.050462255735800,-1.408391600118180
Tattler and Buzzard,NG16 3RS,53.019542434941900,-1.317283027985830
Thrasher and Civet,NG15 7LY,53.031970012478500,-1.203712843260810
Linsang and Puffleg,DE55 1RN,53.080260099498300,-1.387456753806920
Parrotbill and Condor,DE55 5QD,53.142442494663800,-1.339510576310340
Stilt and Mamo,NG16 3LB,53.016207297233100,-1.303308854948230
Kākāriki and Cuscus,NG19 7QW,53.173002154680000,-1.249382820896870
Argus and Hawaiian honeycreeper,DE75 7DG,53.002368661869700,-1.350247733721650
Cuscus and Scimitar babbler,NG18 4SY,53.122538730248400,-1.187979054930090
Scimitar babbler and Elephant,DE75 7NA,53.007088284148300,-1.343738754363810
Diving bird and Tit-tyrant,NG15 7TD,53.037436255174400,-1.194470075867970
Greenbul and Old World vulture,S44 6SL,53.233214999198600,-1.300301452167080
Chipmunk and Hawaiian honeycreeper,S44 9AS,53.229056115615200,-1.293193760749990
Chipmunk and Tattler,NG17 2JR,53.124875755164600,-1.302883495974020
Ibex and Vulture,NG15 9DA,53.090155000000000,-1.153618000000000
Gull and Shearwater,NG15 6LN,53.036228227490000,-1.214118444708270
Cuscus and Parrotbill,NG18 4UF,53.154587059344600,-1.187119000000000
Bunting and Old World warbler,DE75 7AZ,53.012520002657700,-1.360648043820090
Minke whale and Bronzewing pigeon,NG20 0FP,53.206167186233100,-1.157218595049480
Shearwater and American sparrow,NG20 8RU,53.193132340923200,-1.210968680029990
Tahr and Fish eagle,NG16 6NZ,53.087122108807000,-1.321723922917690
Minke whale and Kākāriki,DE5 3EY,53.047379931803500,-1.394948704440340
Fox and Parrotlet,NG18 4EH,53.139687285179900,-1.179687927806490
Black jay and Fox,NG16 3NJ,53.021752349302800,-1.290905394890750
Skunk and Marsh harrier,NG16 5FP,53.048850126190200,-1.299172714313430
Myna and Polecat,NG16 4GU,53.024735885554100,-1.334316816197380
Tree warbler and Mouse,NG19 8GA,53.195712278700000,-1.182526083800000
Perching duck and Hawaiian honeycreeper,S40 9NX,53.235358000000000,-1.434581000000000
Greenbul and Buzzard,S44 6HN,53.224593107801900,-1.283411334505180
Mockingbird and Condor,NG5 6NB,53.000158129046200,-1.120957480439000
Hawaiian honeycreeper and Civet,NG20 8EE,53.199047920519900,-1.224781917782820
Guillemot and Rabbit,DE55 7FT,53.091803218845600,-1.378975615786460
Snipe and Philippine hawk-owl,NG15 6BJ,53.027860868652000,-1.200880977289840
Tit-tyrant and Chipmunk,NG16 5DQ,53.042049611700000,-1.314809829300000
Minke whale and Zebra,NG5 5DD,53.012747053395900,-1.172870065883610
Macaw and Jay,NG16 3RD,53.016982367961600,-1.312925996595970
Bronzewing pigeon and River dolphin,NG6 9JX,53.003716659092400,-1.187795697340410
Chipmunk and Guillemot,NG21 0EF,53.119220579228600,-1.123163276315430
Kangaroo and Capuchin,NG19 7RW,53.166743985089300,-1.233576204599630
Pitohui and Mole,NG16 1HG,53.001334441565000,-1.250798071600890
Jackal and Parakeet,NG19 8TH,53.183672847837500,-1.253775668509050
Duck and Elephant,NG15 6SE,53.023591659847400,-1.229614754572110
Parrotbill and Kangaroo,NG18 4HT,53.133163420172400,-1.173519530059570
Partridge and Philippine hawk-owl,NG15 8HL,53.044834872300000,-1.186158229100000
Siskin and Fish eagle,DE75 7UN,53.003157805364100,-1.348253958708650
Grosbeak and Magpie,S45 8JG,53.157010000000000,-1.369824000000000
Pitohui and Moluccan boobook,NG5 7GR,53.006647170402400,-1.125654312450170
Chipmunk and Magpie,DE55 1AQ,53.073068674243000,-1.390946931706410
River dolphin and Badger,NG15 8DS,53.045347291689400,-1.201199112510270
Grackle and Capuchin,NG5 7BX,53.005552758970900,-1.135810304209100
Zebra and Fulmarine petrel,NG17 4GQ,53.129826990265600,-1.252197641900850
Myna and Snipe,NG5 7FU,53.005237683310000,-1.124684306948600
Ibex and Capuchin,NG16 5FS,53.053577000000000,-1.294167369470970
Old World vulture and Old World warbler,DE55 6EX,53.148915000000000,-1.409371000000000
Vole and Cloud rat,NG16 6LT,53.091503511043000,-1.320788984904440
Asiatic leopard and Shearwater,S44 5RQ,53.192724086504900,-1.345428800994460
Macaw and Logrunners,S40 2TN,53.222146705520300,-1.427866576758130
Mole and Chickadee,NG20 0TF,53.215174605885300,-1.155874000000000
B and Viscacha,NG19 6JT,53.145642256298100,-1.228748820302690
Magpie and Booted eagles,S40 1LU,53.236102703369400,-1.434602486460700
Moluccan boobook and Magpie,DE55 3BH,53.099546894959600,-1.333895000000000
Skunk and Marmoset,S42 6FS,53.181703000000000,-1.415729000000000
Vole and Zebra,DE5 3GJ,53.046481695052000,-1.424078538372460
Quetzal and Duck,S40 2RT,53.225767806843000,-1.433210719765960
Chipmunk and Asiatic leopard,NG18 5BS,53.131658728051900,-1.204696501033450
Partridge and Philippine hawk-owl,NG17 5LQ,53.121703668258000,-1.235662420380580
Wallaby and Nukupuʻu,S42 5UL,53.185534462686600,-1.364230000000000
Petrel and Zebra,DE5 3UQ,53.060103880760900,-1.401112095840280
River dolphin and Flameback,NG17 8NZ,53.108698036824200,-1.260137803872470
Wallaby and Marmoset,DE55 2HX,53.102270097843000,-1.333076078219760
Linsang and Rabbit,NG19 8JW,53.167868477399600,-1.184939855428250
White ibis and Ice seal,NG16 6GX,53.071664268012800,-1.315833000000000
Goose and Ibex,NG16 6NS,53.088057000000000,-1.313691000000000
Chipmunk and Fish eagle,S45 9HA,53.167080000000000,-1.393043000000000
Petrel and Mouse,S44 5QG,53.188939000000000,-1.276705045600000
Eagle and White ibis,NG18 2PR,53.143585824165400,-1.179284761076230
Civet and Kestrel,NG5 6NF,53.000848375080400,-1.128021513343280
Wader and Polecat,S44 6HJ,53.224610534843600,-1.286316884755170
Pratincole and Magpie,NG15 7QB,53.021251768421700,-1.188644246563880
Tit-tyrant and Parakeet,DE7 6AW,53.000858738352700,-1.418024870180920
Treepie and Coati,NG16 3RN,53.026120201882700,-1.289238453171380
Siskin and Chickadee,NG15 8JT,53.047567000000000,-1.194099000000000
Crow and Darwin's finches,NG16 6NX,53.088913606421700,-1.322188501573730
Jay and Civet,NG19 9PH,53.166140562054000,-1.175503983167400
Pitohui and Skunk,NG17 8PT,53.094337531456000,-1.271031522397220
Duck and Old World warbler,S42 5DU,53.202750510762800,-1.374574103415350
Pitohui and Hawk,NG20 8BD,53.200550588431600,-1.219500261854780
Buzzard and Cuscus,NG16 6EA,53.069793456480200,-1.301952162057670
Tree warbler and Cloud rat,NG17 4LH,53.126467818411300,-1.248355432767150
Mouse and Kite,S45 9RA,53.170189190524400,-1.427630133611550
Dolphin and Fulmarine petrel,DE7 6BG,53.002028000000000,-1.414284000000000
Dorcopsis and Jerboa,NG16 4AB,53.018802218282600,-1.329384406107790
Elephant and Puffleg,NG20 8EU,53.198737000000000,-1.225252000000000
Ground sloth and Linsang,DE55 4BJ,53.067218596586300,-1.363808382941340
Lemming and Solitaire,NG16 5JH,53.061728038384100,-1.331344483515500
Linsang and Maya,NG14 6RZ,53.041590678700000,-1.098980391900000
Mole and Marsh harrier,NG18 4HP,53.134183000000000,-1.171319774765160
Moluccan boobook and Civet,NG17 8LW,53.094601110506300,-1.275925217694910
Fulmarine petrel and Rat,S40 1SF,53.236191000000000,-1.424623000000000
Badger and Peafowl,DE55 4TL,53.077972589879700,-1.360992826213740
Flameback and Night heron,NG17 2ER,53.127048885971400,-1.275395091074210
Argus and Maya,NG20 9DR,53.224026757227200,-1.210805529125400
Badger and Duck,NG15 8JW,53.050468000000000,-1.213916000000000
Greenbul and Old World warbler,NG15 6TW,53.031379294918700,-1.238437877132500
Viscacha and Badger,S40 2TD,53.218562978895200,-1.432227493630970
Asiatic leopard and Diving bird,NG17 4LY,53.127321775299200,-1.242676478673970
Mamo and Jerboa,NG5 9JP,53.004305780599300,-1.165118257458510
Grackle and American sparrow,NG5 8GH,53.014748000000000,-1.121973000000000
Bronzewing pigeon and Stint,DE55 5HT,53.118640449058500,-1.326876067486940
Booted eagles and Polecat,S41 0DZ,53.233793383624400,-1.414287816977510
Wallaby and Snipe,NG16 3EH,53.017710474587600,-1.299051122191270
Shearwater and Chicken,NG16 3FS,53.012200861059000,-1.311511423923630
Ground sloth and Chipmunk,NG19 7BY,53.152969150880900,-1.198889648153640
Myna and Lemming,NG15 9AL,53.079663181132000,-1.146046064825220
Jackal and Dorcopsis,NG16 6RF,53.093788364819500,-1.325815324110120
Old World quail and Moluccan boobook,NG21 0LN,53.116554105887600,-1.105482371592450
Thicketbird and Boto,NG18 4JH,53.130985918508900,-1.162919679307850
Warbler and Rat,NG17 8AL,53.097704521041700,-1.250126114339750
Magpie and Bronzewing pigeon,DE55 7LF,53.092844873268100,-1.371912397435730
Black cockatoo and Hawaiian honeycreeper,NG20 9RS,53.209959701610700,-1.213654375084810
Triller and Scimitar babbler,NG19 6SA,53.147703124482900,-1.209902483698940
Coati and Eagle,NG15 6UD,53.040081000000000,-1.220283000000000
Thrasher and Moluccan boobook,NG21 0QE,53.096149652132700,-1.121347368832770
Peafowl and Bunting,S45 9RH,53.168257152933400,-1.418471117323940
Fulmarine petrel and Flameback,NG5 7EB,53.003544920481200,-1.127982094630010
Grosbeak and Linsang,NG17 9HJ,53.077678985306500,-1.253384868733040
Capuchin and Thrasher,NG17 4AU,53.126719097667300,-1.256884377454960
Dorcopsis and Logrunners,NG19 7QE,53.173371469340200,-1.250932294342640
Tattler and Mink,NG15 6LY,53.041105473574200,-1.217609365507890
Dorcopsis and Tree warbler,NG5 5QD,53.007298022017200,-1.153495545752020
Skunk and Thicketbird,DE5 3HN,53.048289675128700,-1.407660000000000
Parrotbill and Dolphin,NG17 9GF,53.083508943215100,-1.267198370042660
Pratincole and Mink,NG17 5GP,53.126049134200000,-1.244208366800000
Wader and Kestrel,NG16 4BG,53.018243000000000,-1.340052000000000
Mouse and Condor,S44 6NA,53.222416964961700,-1.277321726031200
Tattler and Hawk,NG16 2HT,53.000394790314500,-1.257206805421450
Scimitar babbler and Ibex,S40 2JJ,53.215334163316200,-1.435639587233950
Cuscus and Capuchin,NG17 3JY,53.136233557011400,-1.246062458769070
Jerboa and Myna,DE55 3BU,53.099313000000000,-1.352177000000000
Parakeet and Tattler,NG21 9GY,53.167962000000000,-1.123216000000000
Greenbul and Zebra,NG18 5AH,53.130471899436500,-1.203313494844020
Capuchin and Booted eagles,NG17 5GN,53.121897181035200,-1.243444224697350
Black cockatoo and Piping shrike,NG18 4LN,53.127413062217000,-1.157235313584200
Argus and Gull,NG20 0EF,53.195672505891800,-1.162977728043640
Jay and Night heron,S44 5BQ,53.235788126932600,-1.389045280517380
Stint and Kestrel,NG19 9DT,53.168265958735800,-1.178679449784360
Tattler and Nukupuʻu,NG15 6HW,53.026500103608800,-1.227594845732980
Night heron and Chicken,NG5 9DB,53.002276050035800,-1.161551215975140
Parakeet and Buzzard,NG20 9RE,53.218875226989600,-1.223001307692570
Puffleg and Mouse,S45 8AL,53.173412110914100,-1.363032141459120
Old World warbler and Perching duck,NG19 7DH,53.151812305118200,-1.199299959805390
Parrotbill and Booted eagles,NG17 8AD,53.096147202685600,-1.249779834531820
Greenbul and Night heron,NG19 6NP,53.153590557478600,-1.225002000000000
Wallaby and Argus,NG19 8HB,53.171057265965300,-1.195171923403140
Stilt and Minke whale,NG17 5DL,53.118903669924700,-1.256272023432480
Parrotbill and Petrel,NG5 5NB,53.001593471939200,-1.161638943483770
Francolin and Dolphin,S42 6EG,53.188691710470100,-1.411654701318140
Old World quail and Stilt,NG19 0GS,53.157459152600000,-1.171497898800000
River dolphin and Wader,NG17 2HS,53.130521918330500,-1.280373432098900
Philippine hawk-owl and White ibis,NG15 7RG,53.031684811292900,-1.198722674203080
Mink and Goose,NG19 7QG,53.164322402564800,-1.245705076559310
Philippine hawk-owl and Parakeet,NG6 7FE,53.003775876447800,-1.214007352794140
Asiatic leopard and Dorcopsis,NG15 5EU,53.037954000000000,-1.204345000000000
Partridge and Stint,S41 0TR,53.225814854613900,-1.416868155959840
Pitohui and Peafowl,NG15 7GS,53.036162614439800,-1.208288560836180
Fox and Boto,S42 6GB,53.206810000000000,-1.417799000000000
Parrotlet and Zebra,DE55 7FR,53.093186201074000,-1.378716787412040
Egret and Prion,NG21 0AL,53.115804852826500,-1.117106992831700
Chicken and Myna,NG18 2QQ,53.143424199065700,-1.183234747038610
River dolphin and Linsang,DE75 7FR,53.017229050228000,-1.367122451405760
Buzzard and Viscacha,S44 5BE,53.235197354372800,-1.389533117811090
Puffleg and Kākāriki,DE5 4DF,53.050208000000000,-1.408169000000000
Flameback and White ibis,NG17 1FS,53.121926397358000,-1.275615694796990
Ground sloth and Triller,NG20 8RP,53.198274994453300,-1.213823257352190
Viscacha and Chickadee,NG21 0PW,53.099540374568700,-1.120367250182160
Capuchin and Egret,NG19 7LD,53.159922462122800,-1.225426963132840
Parrotlet and Recurvebill,NG6 9HU,53.000605324250700,-1.186334168865040
Polecat and Chicken,NG15 0BP,53.068759000000000,-1.226162466138510
Polecat and Quetzal,DE55 2HQ,53.101881140203600,-1.337473230927210
Rabbit and B,NG17 9BH,53.078402962709500,-1.249864316256080
Ice seal and Ibex,DE5 8RE,53.011990000000000,-1.431424000000000
Quetzal and Grouse,NG16 5HB,53.059354068437100,-1.292332566694570
Solitaire and Mink,DE75 7NH,53.009760457881200,-1.342535724300970
Cloud rat and Magpie,S42 6DA,53.181804756632900,-1.400556178328850
Mouse and Vulture,NG19 6SJ,53.147942579376500,-1.212125929043900
Quetzal and Jackal,NG17 8DB,53.099906000000000,-1.252701000000000
Chicken and Tit-tyrant,NG17 8JD,53.107449776530300,-1.266149293500820
Polecat and Shearwater,NG16 6GY,53.076514989800000,-1.302693000000000
Maya and Egret,S45 9DL,53.162273034242400,-1.402637990722270
Polecat and Kite,NG6 9AA,53.000030085684200,-1.195598379958160
Pheasant and Minke whale,NG21 9DS,53.162536000000000,-1.128623000000000
Tattler and Minke whale,NG6 8HW,53.002211650732700,-1.201846295580590
Goose and Macaw,NG14 6ND,53.041006000000000,-1.094384000000000
Jerboa and Stilt,NG19 8RR,53.183173284728900,-1.205689486140680
Crow and Bronzewing pigeon,NG17 8PF,53.110479453953500,-1.258942004659100
Jay and Towhee,NG17 2GY,53.125617986707800,-1.279573616768820
Chicken and Macaw,NG17 3JT,53.141013312324400,-1.282036946044440
Goose and Pratincole,NG6 8AG,53.012444763605000,-1.190344609889160
Triller and Scimitar babbler,NG19 0NB,53.156205119497600,-1.176456994377550
Dolphin and Philippine hawk-owl,NG18 1RD,53.146653039468600,-1.206094168006830
Tree warbler and Logrunners,NG20 8TP,53.206211740258500,-1.209650523648210
Rabbit and Night heron,NG15 5DY,53.037937236500000,-1.204348777100000
Fulmarine petrel and Songlark,S42 6PZ,53.201263256443100,-1.434971045303300
Piping shrike and White ibis,NG17 7BS,53.088779000000000,-1.241425000000000
Stint and Crow,NG21 9HW,53.179558372249000,-1.114930922027000
Chicken and Triller,DE5 9TB,53.043278312574200,-1.389174137740390
Viscacha and Towhee,DE56 0PE,53.009075369847200,-1.423652334208870
Vulture and New World blackbird,NG21 0GL,53.116064000000000,-1.102280000000000
Elephant and Capuchin,DE5 9QU,53.046955541857300,-1.378874323808910
Old World quail and Flameback,NG18 4NU,53.124136731191100,-1.160452512344670
Piping shrike and Badger,NG18 5GP,53.135227547322700,-1.215557259151950
Tahr and Badger,S44 5AL,53.236578091457200,-1.387086292534130
Maya and Zebra,NG21 9AU,53.169203560225900,-1.119886088836520
Towhee and Crow,NG18 6AE,53.120195000000000,-1.178861000000000
Grackle and Armadillo,NG17 8GH,53.104335671078500,-1.262617458334740
Greenbul and Mouse,NG17 2JP,53.122228340042000,-1.300565331535220
Night heron and Hawk,NG20 8XH,53.205298106207400,-1.182148951162060
Ground sloth and Kestrel,NG20 9QN,53.221725078861200,-1.133083777007420
Hawaiian honeycreeper and Scimitar babbler,NG16 3ES,53.017665716432000,-1.294520186133180
Linsang and Pratincole,NG19 8QJ,53.174948835934900,-1.189757914844170
Thrasher and Crow,NG17 5HW,53.117378250233400,-1.239623854041100
Night heron and Chicken,S42 5SP,53.186423088494100,-1.357047914052030
Rabbit and Hawaiian honeycreeper,NG18 3EG,53.146064273619800,-1.159576525907010
Triller and Black jay,NG18 3NE,53.140805672605900,-1.159589443565830
Guillemot and Tahr,NG5 7JX,53.002418865058800,-1.111866236075490
Solitaire and Rat,NG20 8FS,53.194196000000000,-1.229090000000000
Skunk and Black jay,NG20 8DT,53.200262881775000,-1.229161220507110
Condor and Bunting,NG18 4DD,53.134139715842700,-1.190017431041380
Armadillo and Wallaby,NG19 7HG,53.158842863547200,-1.219778174536330
Songlark and Bunting,S41 0TX,53.226542876261200,-1.415015837413070
Black cockatoo and Logrunners,NG19 9SS,53.168240779794800,-1.172442014122220
Egret and Magpie,DE55 6HP,53.138149000000000,-1.378413927687530
Dolphin and Boto,S44 5SJ,53.198477778804100,-1.324608559629500
Partridge and Elephant,NG15 0BH,53.069723559707500,-1.223881756286600
Myna and Pheasant,NG5 8BA,53.006314043878600,-1.115854840158410
Perching duck and Boto,NG16 5GS,53.050217000000000,-1.299001000000000
Logrunners and Parrotlet,S41 0ND,53.215873949164200,-1.402521881343870
Ice seal and Grosbeak,DE5 3JF,53.050147854719500,-1.405501666003680
Night heron and Philippine hawk-owl,S41 0AD,53.222644593196600,-1.413780847186850
Hawk and Fish eagle,NG5 9DR,53.004825722060100,-1.163632882792090
Tahr and Hawaiian honeycreeper,NG17 4GW,53.130108509510300,-1.248366654511640
Magpie and Parakeet,NG18 2LY,53.147534821653200,-1.180988763307710
Black jay and Philippine hawk-owl,NG16 3DD,53.019432762384700,-1.303018398247410
Grackle and Elephant,NG15 7JL,53.035823538038300,-1.205968322096240
Marsh harrier and Kangaroo,NG16 3AQ,53.018706356252600,-1.308039000000000
Old World vulture and Black jay,S44 6LB,53.223606821834800,-1.286827846756240
Guillemot and Mockingbird,NG17 2TN,53.136806509700000,-1.271180214900000
Buzzard and Masked owl,NG15 9EF,53.084944694863900,-1.159348844616030
Kite and Vole,NG15 6BP,53.026904271274700,-1.198990164931580
Parakeet and Tattler,NG18 5GJ,53.131877884852900,-1.219324000000000
Tattler and Black cockatoo,NG21 0DN,53.118380000000000,-1.120013000000000
Stilt and Scimitar babbler,DE75 7DX,53.010428689785000,-1.351274364398800
Parrotbill and Triller,DE55 7RH,53.103475000000000,-1.377717000000000
Chicken and Scimitar babbler,NG17 4DG,53.133185629641400,-1.257415559026250
Mamo and Peafowl,S45 8EX,53.155456102333200,-1.367185981482930
Viscacha and Jerboa,NG18 1NQ,53.145594758048800,-1.194406939383100
White ibis and Egret,NG5 9LH,53.006062202474400,-1.177230242935750
Mockingbird and Kite,NG17 1LX,53.118599081778700,-1.270979915920450
Fox and Kestrel,NG5 7LE,53.000030150826500,-1.115819275178070
Parrotbill and New World blackbird,NG17 7FW,53.091770665704600,-1.245704716140410
Macaw and Lemming,NG19 0RP,53.156468487400000,-1.154602913800000
Egret and Meadowlark,NG15 8DN,53.045139430160400,-1.199696402953850
Vole and Treepie,NG16 5EQ,53.051554161583200,-1.297353563999090
Cloud rat and Armadillo,NG18 2QL,53.142244129166600,-1.184184025903650
Chipmunk and Parakeet,NG21 0JQ,53.117540417979000,-1.114770455771370
Chipmunk and Petrel,NG19 7PP,53.172210213159700,-1.250668266644530
Towhee and Bunting,DE5 3NA,53.046969424590900,-1.397311306346570
Thicketbird and Logrunners,NG19 9QY,53.175730637050100,-1.177400000000000
Tahr and Elephant,S42 5NT,53.185955246002700,-1.368742590100880
Badger and Elephant,DE55 6AE,53.121878000000000,-1.411760000000000
Crow and Dolphin,NG19 7LE,53.159784676349900,-1.226356717204430
Buzzard and Tattler,DE55 6LW,53.137424435704200,-1.375164283066160
Grouse and Hawk,DE55 7QP,53.091414000000000,-1.397301000000000
Civet and Jerboa,NG15 7SJ,53.035643000000000,-1.197680000000000
Ibex and Gull,NG17 4DN,53.137140812363900,-1.257407173576680
Siskin and Myna,NG20 0EN,53.183890000000000,-1.160558000000000
Peafowl and Warbler,NG6 8BX,53.014550404375500,-1.189336332217520
Partridge and B,NG17 2NB,53.117443000000000,-1.299836000000000
Partridge and Philippine hawk-owl,NG6 7FH,53.005263332573800,-1.216007094014640
Meadowlark and Condor,S42 5AQ,53.197443642616400,-1.399349000000000
Diving bird and Eagle,DE55 7NE,53.102441998339900,-1.434010926282670
Moluccan boobook and Tree warbler,NG19 0PE,53.155185114907200,-1.174547378576210
American sparrow and Jerboa,S41 0JP,53.219001862839200,-1.400681193191640
Jay and Vole,DE55 5LG,53.146406829198600,-1.333080528305740
Lemming and Ice seal,NG17 5AX,53.117878930341300,-1.260607784789280
Night heron and Coati,NG17 4JF,53.132955749538000,-1.242323355966310
Ibex and Pitohui,NG15 7AB,53.040243429201900,-1.206886421908480
Fox and Hawk,NG21 0AH,53.115975047291300,-1.118239018877270
Snipe and Ibex,NG16 4FN,53.026675786586500,-1.332393409849980
Mockingbird and Egret,DE5 3SF,53.052068566582200,-1.410323776504360
Condor and Lemming,NG19 9AA,53.155630157794000,-1.193591054220550
Snipe and Herring gull,NG19 9RH,53.160259405270600,-1.184321189370360
Skunk and Greenbul,NG17 8QG,53.098332023754300,-1.269113000000000
Vulture and Parakeet,NG19 6SS,53.146456674719300,-1.219912901978410
Darwin's finches and Peafowl,NG19 8HN,53.168612216265200,-1.200513193991660
Argus and Solitaire,NG18 4PF,53.124316040854300,-1.171940789550580
Recurvebill and Piping shrike,NG17 4PA,53.128993596036500,-1.231423149447930
Darwin's finches and Moluccan boobook,NG17 1FP,53.122823539678700,-1.279769757681980
Booted eagles and Francolin,NG16 3BT,53.018144093880800,-1.304008108582980
Marmoset and Diving bird,NG20 8ST,53.203255000000000,-1.204134000000000
American sparrow and Duck,NG19 9ET,53.171961062503500,-1.177456963488860
Ice seal and Kestrel,DE55 7HQ,53.097246000000000,-1.384749438588390
Parrotbill and Pitohui,DE75 7DJ,53.003301898589800,-1.353243887672900
Eagle and Grouse,NG19 6QH,53.139614465280300,-1.226584502412350
Pheasant and Peafowl,NG19 8TZ,53.183679568108500,-1.251979832750830
Pitohui and Kestrel,DE55 4NR,53.075878580162500,-1.357739915122770
River dolphin and Tattler,DE55 5AL,53.112840110122100,-1.372547439302940
Civet and Prion,S42 5AH,53.196362400687700,-1.399649682191530
Parakeet and Thicketbird,NG15 8NA,53.078454000000000,-1.192932021494500
Ground sloth and Macaw,S41 0NP,53.217692000000000,-1.404608000000000
Chicken and Mink,S41 0XZ,53.216977096011100,-1.416538857506910
Greenbul and Tattler,S41 0ER,53.224634601778900,-1.410832883049070
Lemming and Towhee,NG18 5EQ,53.137535740660200,-1.213885859306420
Argus and Macaw,NG17 4PD,53.133765065783900,-1.249468727842900
Pitohui and Condor,DE55 2DN,53.110510398227800,-1.339028747783320
Partridge and Vole,DE55 5NN,53.151693426872000,-1.334867787858520
Dolphin and Boto,NG18 3DH,53.140976072311300,-1.180171666583750
Perching duck and Tit-tyrant,NG19 8RA,53.175923365303600,-1.186343254702040
Bronzewing pigeon and Parrotbill,NG16 2BA,53.007031355587100,-1.293009474111060
Perching duck and Parakeet,NG5 8QJ,53.007837000000000,-1.106598000000000
Moluccan boobook and Moluccan boobook,NG19 6TB,53.147441129900000,-1.209249557900000
Kestrel and Meadowlark,NG18 4BL,53.129206765803700,-1.192979690838270
Stint and Duck,NG5 7NX,53.001265000000000,-1.119502000000000
Macaw and Puffleg,NG18 2DS,53.148243185704400,-1.178119443088240
Siskin and Peafowl,NG20 8FF,53.198380032535200,-1.231305683532000
Tit-tyrant and Flameback,NG6 8NU,53.000578000000000,-1.198047000000000
Linsang and Nukupuʻu,NG18 5BR,53.131627180712200,-1.210765272382050
Ground sloth and Diving bird,DE55 7QH,53.092991747157200,-1.369087971818850
Warbler and Darwin's finches,S42 5JR,53.181219671024000,-1.393292146311460
Hawk and Thicketbird,S40 1PQ,53.235225717458100,-1.427887052858160
Moluccan boobook and Wader,S41 0QJ,53.219822157500000,-1.398692975500000
Flameback and Boto,NG6 8HT,53.002792089102100,-1.201269327101160
Gull and Egret,DE55 6FR,53.147870673023100,-1.430947213812230
Triller and Black jay,NG17 7HE,53.103015648055100,-1.234350639822950
Tahr and Chickadee,NG16 4DT,53.018909080447600,-1.335613950225230
Stilt and Thrasher,NG16 4FT,53.019622609502500,-1.339449107603910
Egret and Scimitar babbler,NG16 3TU,53.010774000000000,-1.307016000000000
Ground sloth and Chicken,S40 9PW,53.235358000000000,-1.434581000000000
Rabbit and Parrotbill,S42 6XP,53.189912296491500,-1.405831052164890
Francolin and Maya,NG19 6FF,53.153981000000000,-1.210221000000000
Polecat and Parakeet,S45 9PA,53.165433467800000,-1.414217000000000
Bunting and Fulmarine petrel,NG15 0WP,53.037934205675300,-1.204348688508800
Old World vulture and Hawaiian honeycreeper,S40 1PN,53.235334152662900,-1.428005465259490
Grosbeak and Fulmarine petrel,NG16 2EJ,53.010318099057000,-1.295474602190610
Pratincole and Cloud rat,DE55 5LD,53.120565453428200,-1.348123873211650
Petrel and Buzzard,NG21 9AT,53.168100816233800,-1.120282622098480
Wallaby and Mouse,DE55 4TB,53.082089028409300,-1.369307045170730
Stilt and Flameback,NG19 9SR,53.166681911903300,-1.171903572330790
Egret and Stilt,DE55 2LB,53.107566688684500,-1.333427369999100
River dolphin and Piping shrike,NG21 0EH,53.121424415564200,-1.127033461535870
Marsh harrier and Buzzard,NG18 3SN,53.132106704605000,-1.152345676722530
Argus and Buzzard,NG19 6RZ,53.137303142882600,-1.223651303088160
Dorcopsis and Hawk,S44 5JD,53.224010193346500,-1.339694642844520
Fulmarine petrel and Pitohui,NG5 7AT,53.004681656549000,-1.137168918213320
Darwin's finches and Kite,NG21 0AZ,53.114458229064700,-1.114923389485480
Old World vulture and Recurvebill,S41 0RN,53.228610167174500,-1.418821000000000
Marmoset and Elephant,DE5 3JS,53.045490905951100,-1.387666158351160
Stint and Logrunners,NG17 8QD,53.110307480129700,-1.263097955642290
Piping shrike and Fulmarine petrel,NG18 6AS,53.119423000000000,-1.173856000000000
Vulture and Fish eagle,NG19 6QT,53.137377673829800,-1.218552602855090
Puffleg and Pitohui,S45 8DX,53.164998765522600,-1.373283048410020
Mink and Peafowl,DE5 3NP,53.045599395270400,-1.405519473852560
Booted eagles and Grosbeak,NG19 8JJ,53.168237951690800,-1.182449658851150
Chickadee and Meadowlark,DE75 7DL,53.003831901186000,-1.353176361705150
Old World quail and Mole,NG6 8DD,53.014755000000000,-1.191524000000000
Tree warbler and Marsh harrier,NG16 2JG,53.000541443923900,-1.269274027078150
Ibex and Tit-tyrant,NG18 5PJ,53.144204195479800,-1.205526336104380
Asiatic leopard and Mole,NG18 3NA,53.142469577231500,-1.160992183449020
Moluccan boobook and Goose,NG16 1JD,53.011069751884000,-1.256501935734680
Fox and Piping shrike,NG15 6DU,53.028384280875800,-1.205210279937590
Mockingbird and Parrotlet,DE75 7SU,53.017862366643000,-1.347898327063510
Guillemot and Snipe,NG20 8FR,53.195414405501900,-1.210792075451470
Jerboa and Fish eagle,DE55 1BR,53.075185278383200,-1.404201712934130
Chickadee and Greenbul,NG19 9DX,53.167494612702100,-1.180234926334970
Jerboa and Myna,DE5 3PD,53.046586000000000,-1.408415000000000
Solitaire and Gull,NG19 9JJ,53.160291606209400,-1.193010162736500
Dolphin and Maya,NG5 8BH,53.008011662868100,-1.116878316960140
Eagle and Armadillo,S41 0BL,53.234280630620700,-1.401981083816170
Parrotbill and Night heron,NG19 0LA,53.162183989762300,-1.138471603389870
Eagle and Viscacha,NG6 8FA,53.031459151154300,-1.150636773520790
Perching duck and Gull,S42 6FE,53.193959000000000,-1.428092000000000
Tattler and Kangaroo,DE5 3LF,53.053820038342200,-1.402825375093010
Mamo and Quetzal,NG15 7GB,53.036954625791100,-1.207080976293670
Fish eagle and Pratincole,NG6 8LE,53.004082270502800,-1.206135000000000
Tattler and Elephant,NG5 9BW,53.005615060388200,-1.169802272610490
Solitaire and Hawk,S41 0UA,53.217155924212900,-1.418183772208430
Booted eagles and Ground sloth,DE5 3HT,53.042917583478100,-1.404914990452000
Polecat and Wader,NG16 3RE,53.023503940433200,-1.290682868311820
Black cockatoo and Old World quail,NG17 7QN,53.100229000000000,-1.220391000000000
Maya and Boto,DE7 6DZ,53.009115716515200,-1.376392005601260
Black cockatoo and Coati,NG18 4TN,53.128142502699600,-1.185855871008510
Asiatic leopard and Skunk,NG15 8HX,53.039457273500000,-1.195118623200000
Vole and Puffleg,DE7 6PH,53.007899000000000,-1.375590000000000
Condor and Perching duck,NG19 7QQ,53.168026225184000,-1.242917633259140
Myna and Old World quail,NG18 1TA,53.147345417651000,-1.202089288328880
Snipe and Perching duck,NG19 7FG,53.156969155200000,-1.213247005600000
Asiatic leopard and Chipmunk,NG5 6FP,53.000004249915900,-1.147990755262860
Diving bird and Meadowlark,S41 0HT,53.224434489106700,-1.410356319714220
Hawk and Meadowlark,NG20 9AJ,53.213310040204100,-1.218729365056940
Night heron and Rat,DE55 1DE,53.074288661624600,-1.404661871331370
Civet and Guillemot,NG15 7UG,53.038997564162300,-1.199377594694370
Ibex and Solitaire,NG20 8EH,53.203436899128000,-1.239090095303470
Hawk and Black jay,NG17 9BP,53.079915250849400,-1.245926817175700
Greenbul and Linsang,NG17 9HA,53.076531666316500,-1.253912232901970
Booted eagles and Dolphin,S41 0BH,53.224855988529100,-1.408343407702880
Puffleg and Mamo,NG17 2PZ,53.130807865353800,-1.305836491878190
B and Black cockatoo,DE55 7EU,53.100985625375000,-1.381561694954100
Chipmunk and Coati,NG17 8TA,53.100428000000000,-1.249793000000000
Kestrel and Linsang,NG16 3QE,53.021414343682900,-1.294413000000000
Parakeet and Jay,NG20 8QB,53.209180450383500,-1.224883000000000
Flameback and Philippine hawk-owl,NG16 2LG,53.003792145503700,-1.267252087631770
Kangaroo and Minke whale,NG17 1ER,53.122657512770700,-1.262916709559360
Grosbeak and Mouse,NG18 2EP,53.144019000000000,-1.188607729802770
Myna and Nukupuʻu,NG16 3TN,53.025645000000000,-1.287755000000000
Argus and Warbler,NG5 9EQ,53.007505057417800,-1.164982026678010
Chicken and Wallaby,S40 2JF,53.217946672793500,-1.429285344540490
New World blackbird and Rabbit,S45 9HW,53.162623694380100,-1.406252686959240
Francolin and Prion,DE55 6BP,53.125802222547700,-1.411243281544200
Night heron and Siskin,S42 5DS,53.203417007849700,-1.373112208176570
Vulture and Ice seal,NG5 8HZ,53.013155031311500,-1.129264068993700
Thicketbird and Masked owl,NG20 9BS,53.234391105536200,-1.205386250161530
Argus and Cloud rat,S42 5JN,53.179839315145400,-1.395840340202960
Songlark and Kangaroo,NG18 5SR,53.138325365029200,-1.206890452322480
Thicketbird and Prion,NG19 8HH,53.170608345783300,-1.197917970700060
American sparrow and Bunting,NG15 6SL,53.024820533793000,-1.230591791330490
Condor and Dolphin,NG15 6WJ,53.017856000000000,-1.225168000000000
Siskin and Black jay,NG16 3TX,53.017052000000000,-1.299805000000000
Piping shrike and Parakeet,NG16 4HT,53.027366000000000,-1.336466000000000
Marsh harrier and Marmoset,NG21 0RA,53.100224091049100,-1.118008435788300
Hawk and Thicketbird,NG6 8QA,53.001217515993700,-1.197051535500340
Fulmarine petrel and Grosbeak,NG19 0QE,53.152068555326300,-1.178838948680920
Tit-tyrant and Grackle,S44 6TT,53.226637607510100,-1.296154527899940
Polecat and Condor,S42 5QU,53.188967795785600,-1.362218058253430
Recurvebill and Vole,NG19 6BZ,53.155992521922300,-1.225168674018020
Civet and White ibis,NG16 5FE,53.053319940791900,-1.288925406162370
Jackal and Buzzard,NG15 7GT,53.037776502554100,-1.211719007642500
River dolphin and Buzzard,NG5 9HS,53.006008149377600,-1.169451966434630
Petrel and Mink,NG16 5QB,53.062189000000000,-1.347905783394890
Linsang and Tattler,DE5 3TP,53.040892000000000,-1.402243000000000
Marsh harrier and Egret,S41 0RU,53.228768523423700,-1.417951537575460
Marmoset and Duck,DE75 7PN,53.017212048465700,-1.358909180940730
Wallaby and Diving bird,DE5 8PD,53.014379294102500,-1.403638070024090
Lemming and Crow,NG17 4GU,53.130755942570700,-1.251254871969410
Scimitar babbler and Logrunners,DE7 6JW,53.000801896469400,-1.414911517870050
Booted eagles and Grackle,NG19 6DQ,53.156259470184000,-1.223369291091520
Vulture and Parakeet,NG6 8EW,53.001615749404000,-1.196120265637590
American sparrow and Crow,NG21 0BH,53.122644474516200,-1.126694940597130
Songlark and Eagle,NG16 3PT,53.021254729045300,-1.293388282922890
Flameback and Kite,NG19 7QD,53.162096000000000,-1.257395000000000
Pitohui and River dolphin,DE5 3RU,53.044081715884400,-1.414892551711540
Boto and Jay,NG19 6QF,53.139386159208700,-1.220519325700800
Egret and Cuscus,NG21 0AQ,53.113891617930100,-1.118520675712730
Ground sloth and Skunk,NG16 4FP,53.025547870355000,-1.331635525800910
Quetzal and Tahr,NG19 8DB,53.165224000000000,-1.201803000000000
Grackle and Ground sloth,NG20 0SQ,53.214798000000000,-1.151941000000000
Lemming and Elephant,NG6 8WN,53.008283000000000,-1.221169000000000
Myna and Triller,S42 6GS,53.198298000000000,-1.417989000000000
Night heron and Myna,NG17 4BS,53.130786024813500,-1.260386318285820
Piping shrike and Magpie,S44 6TW,53.224048000000000,-1.292857000000000
Jackal and Fox,NG17 2AB,53.126906848677900,-1.265414499942490
Hawaiian honeycreeper and Duck,NG15 7DW,53.042571089634600,-1.210347000000000
Francolin and Philippine hawk-owl,S40 2ST,53.223221078544000,-1.434502477386710
Darwin's finches and Viscacha,NG17 2SD,53.124846699039400,-1.305603743852920
Hawk and Tit-tyrant,NG15 9GR,53.093789385778900,-1.155428280389800
Thicketbird and Herring gull,DE55 7EL,53.099315693957200,-1.383691457645040
Jerboa and River dolphin,S42 6JJ,53.179890716820700,-1.424388779945460
Egret and Vulture,NG19 7LN,53.158641088203300,-1.227439122222070
Black jay and Cuscus,DE55 5HG,53.116484538748200,-1.325550105239060
Peafowl and Cloud rat,NG19 8RS,53.179635730285300,-1.217186520300440
Rabbit and Prion,NG15 8JJ,53.040901000000000,-1.190733000000000
Crow and Lemming,NG21 9GB,53.170731900200000,-1.120737597000000
Stilt and Ice seal,NG5 8EH,53.011405478513200,-1.117524486787150
Pratincole and Marsh harrier,DE75 7LT,53.027095231267900,-1.368051622384720
White ibis and Warbler,NG19 8UE,53.178014790824500,-1.188533092460070
Siskin and Solitaire,NG19 0LY,53.157872203281200,-1.169276403369240
Macaw and Elephant,NG17 2BD,53.127141567560200,-1.301442048751250
Goose and Maya,NG16 2AT,53.011227375056900,-1.292672646473600
Philippine hawk-owl and Chicken,NG16 5LE,53.060776267700500,-1.336357960005130
Magpie and Macaw,DE55 1FB,53.074759881724900,-1.400043115090180
Mink and Grackle,DE75 7WN,53.019183000000000,-1.360833000000000
Guillemot and Kestrel,NG15 8GX,53.049962852533000,-1.204485267743670
Stilt and Tahr,NG19 8QH,53.174628455166400,-1.188911158631840
Dorcopsis and B,NG17 0DX,53.123647645400000,-1.264080459900000
Petrel and Triller,DE55 4LP,53.075689598791600,-1.359369743233900
Elephant and Tit-tyrant,NG20 8AE,53.201951000000000,-1.210862387854510
Scimitar babbler and Ice seal,NG17 1LA,53.118765000000000,-1.278822000000000
Partridge and Perching duck,NG18 1AJ,53.144411734517800,-1.192276164362090
Buzzard and Marmoset,S41 0EU,53.224091857210100,-1.411963699416010
Fish eagle and Armadillo,NG16 3HU,53.012109000000000,-1.298665000000000
Greenbul and Dorcopsis,NG18 2NH,53.146796200470500,-1.174259651042650
Jay and Old World warbler,NG17 4GJ,53.129721669254000,-1.254037775153520
Parakeet and Grouse,NG15 8DQ,53.043697489900000,-1.194711517900000
Pheasant and Jay,NG17 2FU,53.133617405073600,-1.272026198714070
Crow and Bronzewing pigeon,NG18 3QY,53.139544943484600,-1.156728870774170
Egret and Tit-tyrant,DE55 7AS,53.087496123404300,-1.392669435408800
Logrunners and Pheasant,NG15 9BJ,53.083222437543700,-1.166264912773780
Bronzewing pigeon and Lemming,NG16 2AY,53.008386000000000,-1.292421000000000
Civet and Boto,NG19 6EA,53.153314471705500,-1.218397942684540
Cuscus and Black jay,NG16 6JR,53.099446658929500,-1.323367167209820
Pheasant and Parakeet,NG16 4BQ,53.018417175101300,-1.332848800331080
Piping shrike and Linsang,NG17 2EE,53.123389462237800,-1.273782959291130
Linsang and Argus,DE75 7GR,53.009769814824400,-1.360748286013010
B and Chicken,DE5 8NU,53.018995775594300,-1.422879196550320
Recurvebill and Thicketbird,NG17 7BL,53.105288960600000,-1.237925212100000
Rat and Eagle,NG19 7RJ,53.167291810643900,-1.232100500056530
Partridge and Booted eagles,NG17 4BJ,53.127890023061100,-1.255818040067370
Fish eagle and Boto,NG16 2YA,53.011997221713500,-1.281630485716320
Elephant and Kangaroo,NG15 7NA,53.033874609014100,-1.204885677901970
Grouse and Old World quail,NG18 2AF,53.149809000000000,-1.193979325238550
Wader and Ibex,NG17 2JF,53.124501679858700,-1.300408889476270
Jackal and Grouse,S42 6DT,53.190401186213500,-1.416016000000000
Gull and Fox,NG17 8SS,53.111513000000000,-1.258790000000000
Mouse and American sparrow,DE5 3SP,53.053352146401300,-1.417243596331120
Nukupuʻu and Rat,NG17 4AD,53.127368672561700,-1.257261739618090
Chickadee and Black jay,NG17 5JX,53.118733562800300,-1.236492057954920
Minke whale and Meadowlark,NG17 8ER,53.104450563753400,-1.268127172849270
Fulmarine petrel and Triller,NG21 9BB,53.165938370514300,-1.108719193795990
Capuchin and Warbler,NG19 7BH,53.151112734315300,-1.204905410790570
Old World quail and Guillemot,NG6 7DP,53.002014096553000,-1.211312372776190
Recurvebill and Ground sloth,DE55 6AA,53.121000178723500,-1.408903000000000
Dorcopsis and Stilt,NG16 5NL,53.061374842274400,-1.352001758841760
Viscacha and Elephant,NG16 3JZ,53.015146220576000,-1.303251409391380
Cloud rat and Scimitar babbler,NG18 4UU,53.109197698692400,-1.181268957642710
Recurvebill and Macaw,S41 0FA,53.219943000000000,-1.408650000000000
Petrel and Perching duck,DE75 7RR,53.023920534267900,-1.372868840172860
Philippine hawk-owl and Booted eagles,NG15 6RN,53.029433625698500,-1.232224475301020
Macaw and Flameback,NG18 4GA,53.136153793292000,-1.171787995050580
Elephant and Black cockatoo,S41 0QR,53.222377351183200,-1.419790541569560
Masked owl and Puffleg,NG21 0JT,53.119562680537700,-1.109902594421430
Jay and Capuchin,NG18 1HZ,53.144631000000000,-1.196683000000000
Herring gull and Perching duck,DE55 5LQ,53.141785635835000,-1.347548626681770
Prion and Triller,NG21 0UR,53.120112000000000,-1.118227000000000
Ice seal and Grackle,S44 6LZ,53.222389000000000,-1.280018000000000
Booted eagles and Ice seal,S40 9PU,53.235358000000000,-1.434581000000000
Gull and Magpie,NG15 0AN,53.078103652400000,-1.242345958391110
Gull and Meadowlark,NG15 8JX,53.048670000000000,-1.187127000000000
Wader and Nukupuʻu,NG15 9DX,53.089946429418400,-1.163701103365930
Chicken and Triller,DE55 5TB,53.127276356666400,-1.340281201516170
Triller and Old World quail,S42 6ER,53.183500537517400,-1.414389329510320
Solitaire and Rabbit,NG16 6FU,53.072225476198500,-1.315181711661930
Cuscus and Ground sloth,NG17 4HH,53.131993765978400,-1.247975053888190
Kite and Songlark,NG16 2TZ,53.000447425155000,-1.265684503174550
Rat and Pheasant,NG15 5DH,53.037934205675300,-1.204348688508800
Piping shrike and Songlark,NG15 7BZ,53.040455883527700,-1.210447142918880
Kangaroo and Bronzewing pigeon,NG18 3PN,53.139535861497600,-1.150390638611390
Old World vulture and Argus,NG15 6NJ,53.041267291621700,-1.213519727678620
Civet and Pheasant,S42 6PE,53.206119390552000,-1.425998864711770
Jay and Old World quail,NG6 8EQ,53.003602686435100,-1.193505315293270
Nukupuʻu and Buzzard,NG19 7PQ,53.175743897751600,-1.252252485954320
Siskin and Civet,NG18 5AU,53.132152000000000,-1.203058000000000
Scimitar babbler and Songlark,DE5 4SF,53.050458897302900,-1.408391480379380
Darwin's finches and Hawaiian honeycreeper,NG5 8HA,53.011526583456800,-1.132769661848200
Darwin's finches and Argus,NG15 7EY,53.025485223872000,-1.188564834345640
Greenbul and Fox,DE75 7HF,53.010960511129300,-1.344976725062470
Boto and Fish eagle,S44 5UE,53.233400812105200,-1.391536227695400
Pheasant and Greenbul,NG17 1LG,53.117247652532800,-1.269015586257370
Parrotlet and Fish eagle,S42 5SG,53.187596442522000,-1.361415000000000
Old World vulture and Boto,NG16 3QT,53.026080550211700,-1.293145442526580
Old World quail and Kestrel,NG17 2DD,53.128371064376600,-1.269633945624260
Hawaiian honeycreeper and Diving bird,DE55 3DH,53.098842000000000,-1.346796474999340
Linsang and Tattler,NG16 3EF,53.021112558128800,-1.302812440298520
Civet and Partridge,NG5 9EL,53.008958196578900,-1.163254943964660
Black cockatoo and Chipmunk,NG5 9ED,53.008590746227900,-1.164692811264140
Philippine hawk-owl and Ice seal,NG5 8AB,53.005865055920900,-1.111095085356140
Linsang and Jerboa,NG18 2LZ,53.147882837984000,-1.181924116674560
Jerboa and Badger,DE5 3NF,53.050678505961000,-1.400183528906810
Rabbit and Hawk,NG20 9JD,53.235757000000000,-1.194424000000000
Capuchin and Logrunners,NG16 2JU,53.000132481915000,-1.258224000000000
Kite and Boto,NG17 9EJ,53.083013901145700,-1.254068919305770
Gull and Perching duck,S44 6BB,53.234363000915100,-1.309107107673680
American sparrow and Moluccan boobook,S45 9HG,53.163362524924600,-1.410221090333310
Elephant and Ice seal,S42 6UE,53.203745000000000,-1.419682000000000
Chipmunk and Mole,NG6 8LR,53.002001519918400,-1.201343519827740
Treepie and Fulmarine petrel,NG16 2LB,53.003278229368400,-1.262641212592350
Towhee and Buzzard,NG18 2JE,53.140388001943000,-1.187493089358720
New World blackbird and Partridge,NG18 1AL,53.143983955645500,-1.192313000000000
Civet and Jay,NG17 3EA,53.146076825969400,-1.266238787642850
Badger and Fish eagle,NG20 0HQ,53.196966847539900,-1.146486563215880
Magpie and Eagle,DE5 3QY,53.064260736727100,-1.396532864657620
Coati and Meadowlark,DE55 7JP,53.098580789739100,-1.375487888800360
Marmoset and Pitohui,NG17 9HY,53.077658078742200,-1.255788563216020
Marmoset and Capuchin,NG5 8SN,53.015801772904500,-1.120013611943540
Pitohui and Night heron,NG16 3FY,53.020469717156900,-1.300497191967600
Grackle and Ice seal,NG15 9GT,53.091591469516500,-1.168835844395350
Herring gull and Egret,NG16 4FZ,53.023002953571700,-1.344391868236210
Marsh harrier and Maya,NG20 8EJ,53.196730561109700,-1.243250415412670
B and Jay,NG19 9NH,53.157803961705300,-1.196017967825180
Old World warbler and Kākāriki,DE55 5TY,53.131296954000600,-1.334838912238970
Thrasher and Kangaroo,DE56 2HW,53.049209922226500,-1.432500441237850
Flameback and Armadillo,DE5 4SX,53.050458897302900,-1.408391480379380
Armadillo and Philippine hawk-owl,NG18 9SZ,53.151112734315300,-1.204905410790570
Pheasant and Old World vulture,NG21 0FP,53.115394132894900,-1.109032459757810
Goose and Kangaroo,NG5 5RA,53.006046887672100,-1.150748073064060
Prion and Dorcopsis,DE55 5LR,53.143333083040300,-1.346149766074510
Old World quail and Philippine hawk-owl,NG16 4DW,53.019593775925500,-1.337496677216380
Guillemot and Shearwater,S44 5LE,53.187137261296500,-1.288166158512730
Badger and Parrotlet,NG18 4HW,53.128432311877700,-1.164105124390110
Minke whale and Thrasher,NG6 8BU,53.016207286936300,-1.189752479853930
Zebra and Grosbeak,NG14 6LT,53.039044329718100,-1.096676864766530
Goose and Philippine hawk-owl,NG15 0DT,53.068659000000000,-1.251198000000000
Grackle and Coati,NG18 1BL,53.141323714922300,-1.195563203898350
Thicketbird and Armadillo,NG16 2EP,53.013871459510100,-1.285355554025050
Mole and Tit-tyrant,NG19 9HW,53.174039660139400,-1.176459712430290
Zebra and Macaw,DE5 8JU,53.032477869684200,-1.407876980772460
Polecat and Condor,DE55 6HG,53.137260000000000,-1.417589000000000
Minke whale and Night heron,DE5 3AG,53.049502537071800,-1.405883484236430
Cloud rat and Egret,NG18 5AS,53.128091000000000,-1.200712000000000
Stilt and Tree warbler,NG5 9AU,53.003705322373500,-1.173102458394100
Rat and Civet,NG5 6FE,53.000831717598700,-1.145545585995930
Zebra and Pratincole,NG5 8FT,53.015137631492200,-1.117731582649350
Pratincole and Marsh harrier,NG19 8RT,53.185310000000000,-1.215976000000000
Black jay and Asiatic leopard,NG19 8BJ,53.167110480820000,-1.189785849827610
Black cockatoo and Minke whale,DE5 3HH,53.049059000000000,-1.406904000000000
Asiatic leopard and Piping shrike,DE55 5PU,53.147260274251900,-1.337821916357640
Myna and Zebra,NG18 4LW,53.130281690067000,-1.154847649632260
Kangaroo and Gull,DE55 1RR,53.079249599222600,-1.384993047676160
Grouse and Eagle,NG14 6NH,53.041388114196200,-1.092809602015380
Stint and Myna,DE5 8HU,53.040102729229600,-1.404670360127390
Scimitar babbler and Grosbeak,NG16 3DY,53.021017869164600,-1.308151004495620
Minke whale and Crow,NG18 3NP,53.135782356701900,-1.158551416809840
Badger and Macaw,DE55 5TP,53.128230518126000,-1.341103355050180
Piping shrike and Hawk,NG20 9QR,53.218855294676700,-1.134010356148890
Cuscus and Magpie,DE5 9PN,53.042433292578600,-1.383935909635960
Masked owl and Vulture,NG18 4QJ,53.123214311267500,-1.181615388506660
Capuchin and Civet,NG18 5PE,53.143993181670200,-1.203541802421590
Skunk and Jackal,DE55 2BY,53.105843946902500,-1.337218174898250
Mole and Perching duck,NG19 8TW,53.183731820389200,-1.256019296585400
Logrunners and Marmoset,S41 0LA,53.212878267806100,-1.405648261817840
Petrel and Minke whale,NG17 7DU,53.096795151612100,-1.239971753625310
Parrotlet and Warbler,NG17 8JJ,53.104162734402500,-1.271029775902640
Vole and American sparrow,NG17 1BN,53.124936175618300,-1.262175375353080
Perching duck and Buzzard,NG17 3FB,53.144630858661200,-1.269373176830800
Partridge and Mouse,NG16 5FU,53.053415905128500,-1.295995489561150
Cloud rat and Kākāriki,NG17 9DU,53.082616718079400,-1.255240264644470
Grackle and Piping shrike,NG17 2QD,53.133110704044800,-1.309207238379990
New World blackbird and Kite,S45 9RE,53.172375180981200,-1.427975061720690
Magpie and Tahr,NG17 4JJ,53.132605000000000,-1.247832173000000
Parakeet and Darwin's finches,DE55 5NT,53.143867788957700,-1.340415644388630
Mamo and Black cockatoo,NG6 8WX,53.030225877158400,-1.154180052123490
Polecat and Gull,DE5 8PH,53.013881000000000,-1.409831000000000
Chicken and Cloud rat,NG17 8LU,53.094711511844600,-1.276341500556790
Kangaroo and Mink,NG17 7JX,53.108295557275400,-1.243294482582370
Pitohui and Chickadee,DE75 7PZ,53.016152645768500,-1.352515206767810
Tit-tyrant and Mockingbird,NG16 5JP,53.063120670504900,-1.329621768603360
Partridge and Hawk,NG18 1QA,53.146988297438700,-1.202454744485870
Parrotlet and Thrasher,NG19 0AT,53.148236173631700,-1.160356499924390
New World blackbird and Asiatic leopard,NG6 8HD,53.001419983060400,-1.197643000000000
Grouse and New World blackbird,NG15 7LS,53.032369791933700,-1.203004620303090
White ibis and Scimitar babbler,NG16 6AA,53.069217901612400,-1.300379460497480
Peafowl and Kestrel,NG19 6DU,53.153455518223200,-1.215240119735280
B and Jerboa,S42 6UZ,53.198873366867800,-1.433325878860810
B and Triller,DE75 7EQ,53.008609990010300,-1.350870000000000
Meadowlark and Logrunners,NG16 2WU,53.002850000000000,-1.289499000000000
Black cockatoo and Marmoset,NG19 9EQ,53.170648301391700,-1.177407262374550
Greenbul and Pratincole,NG15 9GW,53.092251251600900,-1.159476000000000
Jackal and Flameback,NG16 2BP,53.007367761809900,-1.295164948214200
Greenbul and Scimitar babbler,NG5 7HU,53.006408194577900,-1.122499689058420
Cuscus and Rabbit,S42 5GA,53.175084330123000,-1.392346346844690
Tahr and Tattler,S44 6RZ,53.235892233523800,-1.300048057211490
Recurvebill and Tit-tyrant,NG18 3RU,53.133559252986000,-1.155620385061370
Nukupuʻu and Fish eagle,NG19 9JY,53.164345869920400,-1.189060102919480
Chipmunk and Viscacha,NG17 2LH,53.131879218631600,-1.303039224957980
B and Thicketbird,S42 5TZ,53.191084648910200,-1.364731015823490
Quetzal and Rabbit,NG16 6GP,53.075814703213400,-1.298630616482050
Old World warbler and Dolphin,NG18 1AT,53.142816538515200,-1.194324356268670
Recurvebill and Philippine hawk-owl,NG17 2DW,53.133601366805700,-1.266481168323460
Thrasher and Siskin,NG21 0GE,53.115804000000000,-1.099888950216080
Vole and Chickadee,S42 5TR,53.190521658682800,-1.360309216844640
Macaw and Viscacha,DE55 6FB,53.152615534520200,-1.412835612424620
Fulmarine petrel and Mamo,NG16 6JH,53.077666836954200,-1.295644883193850
Egret and Tree warbler,S42 5BN,53.200171803121900,-1.393937838301200
Tree warbler and Linsang,S45 8BE,53.154977892534500,-1.361794527962270
Black cockatoo and Perching duck,NG6 8BZ,53.013488921616900,-1.190548654122090
Night heron and Scimitar babbler,DE7 6PY,53.006255000000000,-1.368814000000000
American sparrow and Fish eagle,NG15 7WE,53.033561000000000,-1.200698000000000
Mockingbird and White ibis,NG21 9DY,53.162720788281500,-1.122112679846500
Masked owl and Coati,NG20 8XT,53.205635962698300,-1.201486390481950
Skunk and Guillemot,S42 6WB,53.203535190376900,-1.421377366798660
Triller and Mole,S45 9QU,53.171475253865300,-1.425892634623950
Darwin's finches and Ground sloth,NG17 7AS,53.098984530340600,-1.246414938274340
Herring gull and Wader,NG16 2EY,53.017605600701600,-1.285949776342620
Cuscus and Black cockatoo,NG16 6NN,53.095860970044000,-1.323542872345470
Flameback and Pratincole,DE55 1AX,53.076094126173300,-1.395471880537980
Rabbit and Duck,NG14 6NQ,53.035991391291300,-1.109059035742510
Night heron and Partridge,NG17 5ER,53.115870000000000,-1.256877000000000
Marsh harrier and Old World warbler,NG18 2HR,53.145764866172900,-1.189006372789700
Asiatic leopard and Guillemot,NG17 9JD,53.077690960375600,-1.258176403235550
Marmoset and Solitaire,NG5 8JJ,53.009049651860300,-1.138289055036650
Puffleg and Thicketbird,NG5 8QR,53.009976868436900,-1.109177396085670
Recurvebill and Crow,NG6 8DF,53.014856512403100,-1.189405126705810
Condor and Moluccan boobook,NG18 4JJ,53.130131999742100,-1.169348018423710
Marsh harrier and Old World quail,S42 5SJ,53.186840614904000,-1.359466055447660
Songlark and Treepie,DE55 7JQ,53.099409000000000,-1.372107678396920
Black cockatoo and Grackle,NG19 9EG,53.172217617776800,-1.165229395412050
Zebra and Warbler,NG19 0EW,53.152945028089000,-1.166545228923130
Crow and Ibex,NG17 1NH,53.116815170862300,-1.271787019255800
River dolphin and Boto,NG21 0DT,53.116660522730700,-1.122199351127000
Francolin and Siskin,DE5 3LL,53.048774125787600,-1.400448636488640
Myna and Linsang,NG19 8RW,53.179948795453400,-1.212856496560250
Badger and Bronzewing pigeon,NG16 5PQ,53.044291000000000,-1.354385635845570
Boto and Minke whale,NG19 9RZ,53.159837410878800,-1.181771693325340
Condor and Masked owl,NG18 4LU,53.127933073013100,-1.159586460673380
Stilt and Snipe,NG17 2EZ,53.129135814197000,-1.287555398546620
Gull and Peafowl,NG16 6NJ,53.094497362849000,-1.319293326874630
Fox and Cuscus,NG20 8HX,53.213010737644500,-1.223826164536150
Chicken and Tit-tyrant,S42 6FJ,53.197784000000000,-1.410331000000000
Rabbit and Black cockatoo,NG19 8HZ,53.170166504332400,-1.203072336169290
Piping shrike and Coati,NG17 2AJ,53.128447597512000,-1.263086686681310
Mink and Pheasant,NG18 4AN,53.135276966745900,-1.194674634996080
Polecat and Francolin,NG17 1DS,53.121685850888500,-1.273019696257920
Marmoset and Mouse,NG19 7PX,53.171104611549000,-1.252108717765840
Tree warbler and River dolphin,NG5 8SF,53.008801678140300,-1.150053149316520
Pheasant and Quetzal,NG17 7PF,53.102435963938500,-1.229491750703700
Moluccan boobook and Bunting,S44 6TR,53.223623911482200,-1.291201201458230
Warbler and Flameback,NG16 2BB,53.008041693562400,-1.293604013110550
Night heron and Badger,S45 9JD,53.166567510997300,-1.414859097836500
Mole and Vole,NG17 7PN,53.103640961946000,-1.229559843175630
Ibex and Old World warbler,NG17 8RS,53.092789000000000,-1.253138000000000
Rabbit and Towhee,NG16 2QF,53.002290342274500,-1.268618643550880
Fox and Dolphin,NG18 5JG,53.146935599351800,-1.210738903915090
River dolphin and Mink,NG5 7JP,53.002652000000000,-1.114097000000000
Pratincole and Vulture,NG19 0FG,53.150097000000000,-1.158838000000000
Thicketbird and Macaw,S44 6RS,53.234665359555800,-1.297775807632770
Magpie and Bunting,S42 5BB,53.201633011076900,-1.402046190908720
Francolin and Kite,NG16 3LS,53.013604215057000,-1.303961884565310
Linsang and Black jay,NG15 7PJ,53.031922528530000,-1.192664081895190
Petrel and Rat,NG5 8PU,53.022817259511200,-1.114459022804280
Jackal and Rabbit,S44 5NA,53.190656000000000,-1.300845000000000
Flameback and Darwin's finches,NG5 8GJ,53.013941835461500,-1.121348232693850
Black jay and Old World warbler,NG19 6TY,53.141650176247300,-1.230001336792480
Coati and Prion,NG19 8HS,53.171473272400800,-1.199547460286410
Goose and Tit-tyrant,NG19 9DN,53.169771198794000,-1.176661094128740
Armadillo and Mole,S41 0FD,53.236429884792500,-1.418521879146060
Philippine hawk-owl and Bunting,NG5 5RN,53.007006154836600,-1.145364079756190
Quetzal and Bunting,NG16 4GF,53.022036168758400,-1.340247118212030
Thrasher and Moluccan boobook,S45 8HT,53.156456657760300,-1.371104374869350
Quetzal and Logrunners,NG18 3RZ,53.134078027436400,-1.156521995209680
Maya and Rat,NG19 9RU,53.158604382503400,-1.184173085217160
Capuchin and Greenbul,NG5 5NW,53.001480758859400,-1.158407536471020
Bunting and Zebra,NG5 5QX,53.008658219608700,-1.156419895827580
Ibex and American sparrow,NG19 8QE,53.174373400459300,-1.189738830913430
Moluccan boobook and Parrotlet,NG16 2GB,53.008619787964800,-1.285039871702150
Parrotbill and Goose,NG19 7BZ,53.153740413958200,-1.198621078656430
Kite and Thrasher,DE75 7RH,53.011714419493000,-1.331253153518190
Egret and Linsang,NG20 8DX,53.201087096698700,-1.225957739234690
Towhee and Treepie,NG17 4JP,53.131660000000000,-1.234903000000000
Ground sloth and Wallaby,S40 1UR,53.236689382074000,-1.427567892915570
Cuscus and Linsang,NG17 2PX,53.131638267392500,-1.309514822337400
Mouse and Mamo,DE55 2BQ,53.108260787710100,-1.343484890542150
Pheasant and Mamo,NG15 0BE,53.068591343026500,-1.228095868124890
Pitohui and Perching duck,NG20 9QW,53.221280646268500,-1.132538579528760
Mink and Logrunners,NG19 9HG,53.169950205425700,-1.171361960233200
Capuchin and Badger,S42 6NE,53.201911049645000,-1.421968111585390
Treepie and Bunting,DE55 5PN,53.138933586396300,-1.345454161925090
Siskin and Treepie,DE55 5TS,53.125386164993300,-1.346945107436150
Viscacha and Duck,DE55 5HS,53.117887874174400,-1.327321118862580
Buzzard and Moluccan boobook,DE75 7DN,53.005381000000000,-1.353541000000000
American sparrow and Black cockatoo,DE55 4BR,53.067081000000000,-1.374988000000000
Polecat and Tahr,NG19 9RA,53.162796929971400,-1.178155628031540
Songlark and Pheasant,NG16 6AE,53.067337438077800,-1.292485317533860
Minke whale and Prion,S45 9JQ,53.166721424141800,-1.411431556918640
Flameback and Old World warbler,NG16 6NL,53.093996402466100,-1.319719357777120
Wader and Dorcopsis,NG17 8PW,53.109458608156700,-1.262470104897590
Meadowlark and Black cockatoo,DE55 4HN,53.078733233577000,-1.368773884558110
Parrotlet and Mink,NG16 2AL,53.012539872868800,-1.286659376060330
Perching duck and Partridge,NG17 7BW,53.101059469138700,-1.243331817128980
Recurvebill and Moluccan boobook,NG15 7TZ,53.037086438418900,-1.198577826086300
Vole and Buzzard,S44 6HY,53.222218227696900,-1.287614770636940
Cloud rat and Booted eagles,NG15 7AN,53.041177164406300,-1.204020530171080
Hawaiian honeycreeper and Mouse,DE75 7RF,53.012241252547100,-1.331200140438810
Hawk and Crow,NG16 3GY,53.013386078111700,-1.295916529835220
New World blackbird and Solitaire,NG16 2BN,53.007415290813400,-1.292571008624150
River dolphin and Polecat,S45 9HX,53.171193081993900,-1.396081425847570
Chickadee and Grackle,NG20 0FE,53.207590000000000,-1.156143000000000
Myna and Vole,NG19 6AA,53.149391720618000,-1.204159000000000
Treepie and Hawaiian honeycreeper,NG16 3EB,53.019972000000000,-1.313594000000000
Thicketbird and Scimitar babbler,NG5 5SA,53.000950568586000,-1.148329758350370
Treepie and Cloud rat,NG18 2LQ,53.143768223838000,-1.184902680410640
Old World warbler and Logrunners,NG17 8RZ,53.094950154700000,-1.248860000000000
Chicken and White ibis,NG6 8AT,53.005113109764300,-1.192210455597400
Meadowlark and Stint,DE56 0NU,53.009137120302600,-1.429001953945810
Rat and Snipe,DE5 3PP,53.043337837987300,-1.406266520252840
Asiatic leopard and River dolphin,NG18 4NJ,53.125761000000000,-1.162498000000000
Philippine hawk-owl and Boto,NG18 4SJ,53.127783125926100,-1.193813381108470
Meadowlark and Parrotbill,NG15 6RF,53.040292772900000,-1.219324491100000
Egret and Chickadee,NG15 6GS,53.020537956021100,-1.228640495264400
Nukupuʻu and Viscacha,NG15 7FT,53.040954392388000,-1.212421718526230
Thrasher and Macaw,DE55 6GR,53.137509682522100,-1.388765713801000
Parakeet and Myna,S49 1YY,53.235338620948900,-1.434597567513740
Fish eagle and Nukupuʻu,NG19 9BX,53.163178585082300,-1.181364151990880
Jay and Nukupuʻu,DE5 9TF,53.037164283155900,-1.383682888385380
Pitohui and Crow,NG17 2AZ,53.129426546939400,-1.264400091187380
Towhee and Chicken,NG5 5AY,53.012919206264900,-1.182167656190210
Mink and Egret,NG16 3SA,53.020514327992900,-1.320607025554910
Booted eagles and Peafowl,NG18 5LH,53.143055714368800,-1.205846527472940
Peafowl and B,NG17 2PE,53.129342576442500,-1.292080438465900
Mole and Maya,NG15 7JP,53.034976751935600,-1.205700529041290
Night heron and Cloud rat,S42 5LF,53.187032419869600,-1.387403576989760
Polecat and Ice seal,NG15 7QJ,53.030074352706100,-1.197186843374860
Black jay and Macaw,NG18 9SS,53.151112734315300,-1.204905410790570
Buzzard and Dorcopsis,DE55 5PP,53.144566230815200,-1.340107000000000
White ibis and Perching duck,NG18 2BG,53.153387377378900,-1.192930234567110
Macaw and Old World vulture,S44 6TA,53.213523745258600,-1.265057309724090
Solitaire and Myna,S45 9SR,53.159592053728600,-1.400401910365540
Prion and Vole,NG15 9EA,53.081811554491000,-1.162485255273140
Piping shrike and Eagle,DE55 4AU,53.069118125136700,-1.366019074677910
Pheasant and Stint,NG18 5NX,53.146259755290800,-1.206430348596690
Armadillo and Old World vulture,NG19 0PA,53.155175368335100,-1.173141843293070
Kākāriki and Dolphin,NG18 2RU,53.138545631466600,-1.188873225399020
Cloud rat and Tahr,S44 6SP,53.224218422407000,-1.288390423911790
Hawk and Elephant,NG19 6NZ,53.156080972779600,-1.219439410241490
Thrasher and Linsang,NG16 2TP,53.003297342981300,-1.259810000000000
Jerboa and Shearwater,NG16 5NT,53.065259155588100,-1.347242691408420
Skunk and Warbler,S41 0EF,53.233999342890500,-1.410479647040920
Maya and Pratincole,NG6 8FN,53.003608900999000,-1.197081687315540
River dolphin and Pratincole,NG18 3BE,53.139709006971400,-1.175023390240680
Hawk and Siskin,S44 6JW,53.222670595851900,-1.306404498698530
Tree warbler and Moluccan boobook,NG15 7RU,53.032274592002300,-1.194208347940330
Fulmarine petrel and Towhee,NG18 3AW,53.139747966543700,-1.176756743114200
Black jay and Vole,NG19 8NZ,53.173256690079800,-1.197404811233930
Night heron and Wallaby,DE5 3AX,53.051669098652600,-1.396977236638560
Pratincole and Vulture,NG18 5DQ,53.136210000000000,-1.206346000000000
Pheasant and Tree warbler,NG19 8TY,53.183567000000000,-1.252608422161980
Flameback and Dolphin,NG17 8PG,53.110608448626000,-1.259447711672250
Thrasher and Zebra,NG17 2NT,53.126409796444700,-1.293204610867120
Old World quail and Condor,DE55 4ES,53.056482143320000,-1.368248549717180
Songlark and Quetzal,DE55 4NE,53.081606255120000,-1.358027922250370
Moluccan boobook and Wallaby,NG19 8RP,53.180201547586000,-1.213016465477570
Bronzewing pigeon and Night heron,NG19 7HA,53.157553001523000,-1.215000911785920
Grackle and Peafowl,NG5 9BB,53.005033222368600,-1.175327374597700
Condor and Chicken,NG17 8RF,53.101073642501100,-1.251262396574750
Piping shrike and Stint,NG17 3HY,53.138963782275000,-1.280546333876540
Old World quail and Capuchin,NG6 9LA,53.003399637151000,-1.190081646662110
Civet and Rat,NG16 4FU,53.021722718226400,-1.343710586898110
Parrotbill and New World blackbird,NG15 9GD,53.090252435287100,-1.157378942438550
Stilt and Chipmunk,DE5 3FX,53.050592457489100,-1.411761131066400
Pratincole and Tit-tyrant,DE5 9SR,53.031674447329800,-1.375559777574980
Dolphin and Marmoset,NG15 7AT,53.038940589400700,-1.204285423984720
Cloud rat and Armadillo,NG16 4ED,53.020593000000000,-1.327940000000000
Quetzal and Petrel,NG18 5EA,53.136796430344500,-1.214915819401550
Quetzal and Marsh harrier,NG18 2HN,53.145273417450200,-1.186802874637210
Perching duck and Ice seal,NG20 9AR,53.214679969906000,-1.220651219916840
Tit-tyrant and Tahr,NG20 0DL,53.200394000000000,-1.161928000000000
Parrotbill and Masked owl,S42 5PT,53.185607067908400,-1.381198489364450
Shearwater and Logrunners,S45 9LG,53.163989536497000,-1.413413369415380
Booted eagles and Fox,NG16 6PX,53.092453760079700,-1.321908904627250
Old World vulture and Hawaiian honeycreeper,DE55 5NX,53.141576001538400,-1.345384109435790
Macaw and Vole,NG19 8QZ,53.176202095169000,-1.186352944137270
Logrunners and Dorcopsis,S44 6DZ,53.229378750563000,-1.278028460998440
Kestrel and Towhee,NG21 0FR,53.114609614279100,-1.108705042696020
Francolin and Grosbeak,NG19 6AR,53.150498715968700,-1.209896042596800
Hawk and Duck,DE75 7GE,53.013240895691200,-1.355972064879630
Rat and Viscacha,S42 6HF,53.179092460412700,-1.430369531681390
Guillemot and Scimitar babbler,NG18 3EE,53.144299374104300,-1.150281711937510
Moluccan boobook and Petrel,NG21 9FS,53.170849000000000,-1.119778000000000
Moluccan boobook and White ibis,NG5 8DS,53.009169207396700,-1.123889396060260
Crow and New World blackbird,NG16 2TJ,53.002145203223700,-1.256804234948740
Hawk and Flameback,NG17 1HN,53.116540786895300,-1.284357016257900
Asiatic leopard and Mamo,NG17 9FZ,53.082241408604300,-1.267190030778320
Petrel and Prion,DE75 7EE,53.009052488598900,-1.361086763060990
Hawaiian honeycreeper and Fox,NG20 8FG,53.198999146328600,-1.231129944334310
Parakeet and Stilt,NG17 8LQ,53.093801550897400,-1.269966000000000
Wallaby and Buzzard,NG16 2XH,53.005989888215100,-1.296260383400440
Tit-tyrant and Rat,S45 8HX,53.158528000000000,-1.371687000000000
Philippine hawk-owl and Mouse,NG16 6LZ,53.091402032734100,-1.321910499414600
Wallaby and Pheasant,S44 5TA,53.233537169135000,-1.383084678110880
Night heron and Guillemot,S41 7RW,53.233723165853200,-1.423862037104790
Vulture and Stint,NG15 8HR,53.042891265700000,-1.187194168600000
Diving bird and Night heron,NG18 2LL,53.144578048627600,-1.183706239583510
Mockingbird and Kite,DE75 7PQ,53.019638983459500,-1.355548868352720
Herring gull and Pratincole,NG18 4NR,53.125350849847300,-1.160727000000000
Condor and Black cockatoo,S41 0NB,53.217016295125400,-1.404467824415510
Partridge and Jerboa,NG17 3HG,53.141769817085300,-1.276328488515200
Prion and Meadowlark,S42 5JD,53.179500802777800,-1.398224171443390
American sparrow and Linsang,DE55 6JJ,53.127211634360500,-1.391198297191820
Eagle and Tattler,NG5 6HG,53.000296231624500,-1.142337551127340
Badger and Perching duck,S41 0PT,53.221003696754100,-1.414612011622760
Bunting and Ibex,NG21 0QY,53.100520613094800,-1.120421937432490
Parakeet and Peafowl,DE75 7DY,53.001773000000000,-1.347932000000000
Civet and White ibis,NG5 8JH,53.009556440755100,-1.138755896382600
Black jay and Asiatic leopard,NG5 8JD,53.009729640809600,-1.135369195723750
Songlark and Black cockatoo,NG18 2SA,53.137532350055500,-1.187920663263090
Grouse and Zebra,DE55 7LG,53.092581843664500,-1.371468248029440
Vole and Songlark,S44 5AB,53.234021581976100,-1.388126570394970
Parrotlet and Crow,NG20 0RH,53.213530900475600,-1.144629000000000
Chipmunk and Warbler,NG19 6PU,53.140768174471900,-1.222916123944040
Maya and Kākāriki,DE55 3BD,53.096292840117000,-1.334781340287850
Chipmunk and Armadillo,NG18 9SB,53.151112734315300,-1.204905410790570
Grouse and White ibis,NG17 5FW,53.121896388248600,-1.251857070637120
Argus and Gull,NG18 5EZ,53.131767814762000,-1.223960294662660
Thrasher and Fish eagle,NG5 6FG,53.001867705135400,-1.144601245018480
Stint and Armadillo,S42 5SF,53.190124460390800,-1.351679468076620
Old World vulture and Bunting,DE55 2DX,53.102508446738700,-1.329099398988420
Ice seal and Bunting,NG20 0LB,53.200222791256500,-1.150523734710940
Badger and Rat,NG6 8GE,53.005221597837100,-1.208347928333290
Mink and Hawk,S44 5PN,53.190642015053600,-1.304751115889690
Zebra and Kākāriki,S45 9TG,53.171471721100000,-1.406145727300000
Mink and Peafowl,NG18 4XQ,53.134459129398400,-1.180206007027510
Greenbul and Kangaroo,NG15 6HE,53.027999775385800,-1.223214223189960
Tattler and Grouse,NG6 8NS,53.008505049657800,-1.201968697033540
Herring gull and Civet,NG15 7DH,53.040695171686600,-1.208578421796300
Elephant and Myna,NG16 3QZ,53.034179878491300,-1.276683879733450
Bunting and Dorcopsis,NG17 4GF,53.128666667660000,-1.252083271324060
Buzzard and Goose,NG18 3HT,53.132646369379300,-1.160002708555130
Gull and Mamo,S40 2SN,53.228062899413300,-1.430049680836130
Macaw and Philippine hawk-owl,NG15 7TU,53.040112456872400,-1.198074289750160
Jerboa and Maya,NG17 1GG,53.120049865876700,-1.267160060242600
Mamo and Magpie,S41 0BU,53.229424410489100,-1.399756759272980
Booted eagles and Egret,S44 5JE,53.236693790288200,-1.344608657840930
Maya and Darwin's finches,NG19 7DX,53.154015344173600,-1.196731748843410
Perching duck and Wallaby,NG21 0RL,53.099850669317200,-1.111310094959250
Rat and Kite,NG21 9ER,53.167671183603100,-1.112049053199950
Diving bird and Pitohui,NG17 4BR,53.126197111677300,-1.242516910650310
Towhee and Greenbul,NG16 5JF,53.062087406120900,-1.328115751018840
Piping shrike and Hawk,NG19 7EL,53.154520873987600,-1.213216833541530
Shearwater and Magpie,NG17 8PR,53.107889258464300,-1.258732570175950
White ibis and Lemming,DE55 2JW,53.106952000000000,-1.310537000000000
Kite and Dorcopsis,NG6 8XN,53.025597000000000,-1.181063000000000
Fish eagle and American sparrow,NG17 2LS,53.129877737448600,-1.300500957663070
Thrasher and Nukupuʻu,NG18 5NE,53.143356278446700,-1.211851025452420
Condor and Hawk,NG16 9FE,53.020101811900000,-1.318645856400000
Prion and Zebra,NG19 9ES,53.171739048994600,-1.176548633148050
Snipe and American sparrow,S45 8HL,53.160214591095600,-1.371199033097290
Parakeet and Puffleg,DE5 9RX,53.038289001471000,-1.378700553491940
Marmoset and Old World warbler,NG21 9DT,53.163121597297600,-1.125275452709170
Goose and Macaw,NG20 0LT,53.204218803742700,-1.152465903549780
Chickadee and Tahr,NG17 7AQ,53.099345949621200,-1.246707325449340
Vole and Booted eagles,NG16 2HR,53.001707356295100,-1.276065000000000
Macaw and White ibis,DE55 2HD,53.104156619654100,-1.337692202088850
Thicketbird and Chipmunk,NG17 8LR,53.095766047035500,-1.275323249389430
Myna and Myna,NG20 8RS,53.198291087591500,-1.212176323030390
American sparrow and Pitohui,NG16 5BW,53.045220782624200,-1.311895481367760
Parakeet and Herring gull,NG16 2US,53.004616000328700,-1.288950793699650
Grouse and Duck,NG16 3RZ,53.020295000000000,-1.322951000000000
Nukupuʻu and Zebra,NG19 9QB,53.165200974642200,-1.172231231034090
Marmoset and Warbler,S41 7TQ,53.235338620948900,-1.434597567513740
Condor and New World blackbird,NG17 3ET,53.144969803123800,-1.266018435623740
Scimitar babbler and Peafowl,NG18 9JH,53.154698000000000,-1.187117000000000
Black jay and Goose,NG19 6DL,53.155729756939600,-1.223468575501480
Herring gull and American sparrow,NG16 2GF,53.007241077141600,-1.282991100917420
White ibis and Stilt,NG16 2UH,53.003933118144900,-1.292016931733150
Darwin's finches and Maya,DE55 4AF,53.072435569953700,-1.374597384171360
Black cockatoo and Condor,DE5 3US,53.059815383700000,-1.400280670200000
Partridge and Prion,NG18 4RJ,53.125359366020900,-1.185056635626530
Piping shrike and Vole,S41 0LF,53.220671623078100,-1.402035786845100
Triller and Songlark,S41 0HL,53.227502423324900,-1.409085877138080
Night heron and Skunk,NG5 8UF,53.014903017000000,-1.125741025800000
Mockingbird and Pitohui,S44 5PX,53.190419805630000,-1.285417818155380
Pitohui and Cloud rat,NG17 8SW,53.111494000000000,-1.259955000000000
Solitaire and Duck,NG18 5GS,53.134773187123500,-1.216178374317760
Grackle and Jay,NG20 0JQ,53.197871940561700,-1.149866638046560
Cloud rat and Puffleg,S40 1TW,53.235817353431700,-1.429422350701200
Puffleg and Ground sloth,DE5 3GP,53.050358488097300,-1.415359545076370
Towhee and Jackal,NG17 5DZ,53.119290994901900,-1.259163000000000
American sparrow and Zebra,NG19 6HH,53.152694566682200,-1.225332704398380
Old World vulture and Thrasher,NG20 0QX,53.209132412536500,-1.141932582796730
Chipmunk and Scimitar babbler,NG17 5JH,53.123448581950100,-1.241444462314140
Mink and Stilt,S41 0TT,53.226483140802300,-1.417503182715780
Parrotlet and Peafowl,NG17 2JS,53.124043492609500,-1.301985400387500
Goose and Kangaroo,NG20 9ET,53.229787000000000,-1.200974506242740
Prion and Old World vulture,NG16 2FD,53.020339638355000,-1.280194997472250
River dolphin and Petrel,NG16 6PJ,53.085565770490000,-1.324674701820740
Ground sloth and Old World warbler,NG19 6AG,53.149603586565800,-1.207759305620120
Puffleg and Rabbit,S44 5UN,53.233200347532000,-1.373651185852130
Viscacha and Parakeet,NG5 7BH,53.006354897801700,-1.131159441698920
Goose and Puffleg,NG16 2HF,53.000535714433700,-1.271270844717270
Argus and Piping shrike,NG19 8RX,53.177751000000000,-1.191828000000000
Nukupuʻu and Kite,NG19 0NS,53.158888528018100,-1.157830562326330
Kestrel and Mockingbird,S42 5LL,53.178304977283800,-1.391088904810870
Piping shrike and Civet,DE5 3GA,53.051292205314600,-1.415123139876010
Night heron and Black cockatoo,NG19 7RD,53.169615000000000,-1.240975000000000
New World blackbird and Lemming,DE5 3BD,53.050403000000000,-1.397025000000000
Fulmarine petrel and Booted eagles,DE55 5RF,53.140859000000000,-1.345349000000000
Maya and Old World warbler,NG17 4JS,53.133644000000000,-1.240084000000000
Rabbit and Egret,NG17 8DQ,53.102388410414200,-1.257378308746830
Pheasant and Pratincole,NG20 8XB,53.203181000000000,-1.189226000000000
Stilt and Bronzewing pigeon,NG18 2LN,53.145930732264900,-1.183022742405360
Shearwater and Marsh harrier,DE55 5BD,53.141178000000000,-1.344658000000000
Argus and Songlark,DE5 3LH,53.052410099020300,-1.401308234081630
Songlark and Tahr,DE55 4LX,53.081092397669900,-1.366141808881790
Maya and Thrasher,NG5 6FJ,53.001786809347600,-1.147106288196450
Moluccan boobook and Skunk,NG15 6NY,53.033390152740200,-1.231020893675050
Partridge and Greenbul,NG19 7HY,53.158480744036200,-1.215283104273020
Fulmarine petrel and Thrasher,NG19 9HE,53.170220106739900,-1.172688177406720
Tahr and Black cockatoo,NG5 9HB,53.002180361600600,-1.163281651978310
Dolphin and Towhee,NG20 8AQ,53.203180277155200,-1.213404154871950
Shearwater and American sparrow,S45 9RP,53.160235451268400,-1.406824046299380
Thicketbird and Parakeet,NG6 8BJ,53.013626618479000,-1.193616608586490
Wallaby and Ice seal,DE55 2FE,53.106736830413900,-1.323357359903640
B and Kangaroo,NG18 4QD,53.123645180471800,-1.158310215508920
Songlark and Thicketbird,NG5 6SP,53.000931000000000,-1.102777000000000
Parrotlet and Thrasher,S42 5RS,53.190165398023600,-1.354253087971490
Mink and Fox,S42 6UT,53.197411686850400,-1.432177567945540
Condor and Francolin,NG19 7RH,53.165854502621300,-1.230854706315400
Zebra and Fulmarine petrel,NG18 1TD,53.147821384761500,-1.202020660937850
Myna and Duck,NG16 6LN,53.090096000000000,-1.317793000000000
Ibex and Francolin,NG18 2NS,53.145333967191000,-1.175992111863900
Argus and Kite,S44 6SF,53.235422539809900,-1.301194372708930
Fish eagle and Darwin's finches,NG21 0QT,53.095241598791800,-1.128668468152350
Grosbeak and Myna,S40 9PH,53.235358000000000,-1.434581000000000
Scimitar babbler and New World blackbird,NG5 5NN,53.002213888911500,-1.157841924408830
Old World quail and Black cockatoo,NG16 6PW,53.092526000000000,-1.323431000000000
Diving bird and Pitohui,NG19 0RJ,53.159833861768300,-1.164422671746010
Recurvebill and Egret,NG21 0JH,53.116000996834900,-1.112052932115680
Parrotbill and Kangaroo,DE5 3DB,53.051292686960100,-1.407947436281610
Shearwater and Civet,NG18 3HU,53.133557028823100,-1.159118026767500
Maya and Black jay,S44 6FT,53.226143000000000,-1.273423000000000
Chipmunk and Asiatic leopard,NG18 1ND,53.146594049391600,-1.194627468667160
Polecat and Mole,NG14 6NA,53.039766271653200,-1.094678135904670
Vulture and Pitohui,NG18 5LS,53.142436857469700,-1.208758244921590
Marsh harrier and Greenbul,NG17 1GQ,53.115224461684300,-1.267451253438810
Mole and Wader,NG16 2GY,53.002517275999100,-1.271908059812010
Kestrel and Kangaroo,NG20 0SL,53.213450255821500,-1.149887805627160
Scimitar babbler and Skunk,DE5 9SZ,53.051226000000000,-1.368367000000000
Cloud rat and Rat,S45 9DP,53.171343015524500,-1.415332715807430
Rat and Chickadee,NG15 6SX,53.030909511142900,-1.235270021705600
Fox and River dolphin,NG16 6NT,53.089712000000000,-1.313799000000000
Nukupuʻu and Jay,NG20 0SD,53.213125208199900,-1.148577000000000
Wader and Fulmarine petrel,DE55 4LS,53.085548000000000,-1.377274000000000
Mink and Mink,NG17 2NG,53.128443169435800,-1.298073250028040
Towhee and Viscacha,NG20 0DZ,53.205127611131600,-1.161491002708580
Black jay and Marmoset,NG15 9JA,53.090036857666200,-1.165058154321310
Prion and Greenbul,NG5 9DL,53.004849672535200,-1.165763476241090
Night heron and Hawaiian honeycreeper,NG16 6HP,53.094627700196400,-1.313810730863570
Lemming and Eagle,NG17 5HP,53.119040302908200,-1.239475001294280
Ground sloth and Fulmarine petrel,S44 5LY,53.190064396436900,-1.298220093622960
Bunting and Kite,NG5 9EG,53.007086689941900,-1.165571325520580
White ibis and Thicketbird,DE5 3SA,53.053676804569400,-1.411972772327470
Shearwater and Moluccan boobook,NG18 1PL,53.146787437467100,-1.196642311576940
Asiatic leopard and Rabbit,NG5 8LZ,53.008141770610900,-1.134581218151230
Parrotlet and Kangaroo,S42 6LS,53.182780000000000,-1.420952000000000
Viscacha and White ibis,DE55 5JH,53.122207082722100,-1.352447424734610
Viscacha and Meadowlark,NG15 6WU,53.018887000000000,-1.224732000000000
Hawk and Mouse,NG17 7DF,53.107833643538300,-1.235714086120010
Moluccan boobook and Ibex,NG6 9HG,53.003364489096700,-1.187563873922960
Grouse and Herring gull,NG18 3QH,53.142503962788300,-1.154413466791070
Asiatic leopard and Thrasher,NG21 0DG,53.125296000000000,-1.132725664600740
Wallaby and Petrel,S42 6NY,53.202930932626100,-1.420966316819110
Myna and Puffleg,NG18 4JY,53.128968507575800,-1.162569000000000
Macaw and Armadillo,S42 5WA,53.184748100900000,-1.384683000000000
Moluccan boobook and Lemming,DE55 6BL,53.126455000000000,-1.406751000000000
Puffleg and Mockingbird,DE5 3SL,53.050231105056300,-1.400592522279920
Pheasant and Hawk,NG20 9PN,53.224161449174900,-1.126968269889780
Hawk and Maya,NG18 5RZ,53.139266790320600,-1.207874696358180
Linsang and Pheasant,NG17 2GU,53.125062556925600,-1.278402330790700
Goose and Prion,NG18 3GW,53.134746264309500,-1.163324930636870
B and Vulture,NG18 4EW,53.138456054022100,-1.178425789519590
Perching duck and Jerboa,NG20 8QQ,53.207261757598200,-1.228601461134760
Scimitar babbler and Marmoset,NG19 0EF,53.150935797583700,-1.167167292711120
Minke whale and Stint,NG17 7EQ,53.088368267606200,-1.243584225478470
Boto and Argus,NG21 9AP,53.162345000000000,-1.114881000000000
Guillemot and Guillemot,NG5 7HZ,53.005347547213500,-1.136023039225850
Gull and Kestrel,DE75 7DH,53.005629449741400,-1.354773884205730
Solitaire and Fish eagle,NG20 0SW,53.213920014000300,-1.156542368181730
Greenbul and Solitaire,NG16 5HY,53.059335582686000,-1.324741608136160
Badger and Tit-tyrant,NG21 0HU,53.119073662327000,-1.097480919915870
Kangaroo and Francolin,NG20 0HS,53.195590000000000,-1.148624000000000
Macaw and Piping shrike,NG17 1NA,53.115419000000000,-1.272573000000000
Solitaire and Viscacha,NG18 1TF,53.148085453754800,-1.203869814928150
Mouse and Mole,DE55 6ET,53.144655000000000,-1.413408000000000
Prion and Pitohui,NG5 9EJ,53.007956443086000,-1.163974779140050
Guillemot and Songlark,DE75 7NP,53.012695989583100,-1.333741874152850
Mole and Gull,DE55 6NB,53.121894000000000,-1.405826000000000
American sparrow and Goose,NG21 0NR,53.085993857337500,-1.120419435611490
Black cockatoo and Songlark,NG17 9AX,53.082351719484300,-1.240330602180590
Tahr and Tahr,NG17 8LH,53.097645679854500,-1.271050296326050
Fish eagle and Egret,NG18 3PB,53.137960502261400,-1.162769197572330
Old World warbler and Gull,NG15 9EW,53.090327729549500,-1.161677891888310
Herring gull and Philippine hawk-owl,S42 6DP,53.191177195819700,-1.416230467065900
Snipe and Asiatic leopard,DE55 4HD,53.080551929826100,-1.371016414519970
Cuscus and Songlark,DE75 7RW,53.025677941682200,-1.373723021212160
Jackal and Macaw,NG5 9AE,53.004686695672900,-1.173322149383030
Badger and Fulmarine petrel,DE55 6BJ,53.122645829922200,-1.403770071405570
Old World quail and Darwin's finches,NG5 5DG,53.012940873210000,-1.177486994077280
Gull and Solitaire,S44 5GA,53.192006739030300,-1.304474604970360
Nukupuʻu and Petrel,NG15 0EB,53.072517000000000,-1.248534000000000
Quetzal and Condor,S40 2FR,53.228829209428800,-1.424901398192600
Greenbul and American sparrow,NG19 6FT,53.154696000000000,-1.230170000000000
Gull and Cloud rat,NG16 6DE,53.070524421660200,-1.310149107414670
Peafowl and Cloud rat,NG18 2ZL,53.154587059344600,-1.187119000000000
Mockingbird and Civet,NG18 1EJ,53.140634459518800,-1.195994660852130
Old World warbler and Crow,DE55 5AJ,53.114295137565600,-1.372317104072810
Kestrel and Dorcopsis,NG15 0EA,53.067961607424300,-1.251955986468830
Old World quail and Cloud rat,DE55 7QL,53.092679760053800,-1.369585310231470
Snipe and Black jay,NG19 7HX,53.158722354559700,-1.213753219898740
Skunk and Thicketbird,DE55 5AT,53.118625437083200,-1.370147289096510
Meadowlark and Rat,DE5 8NP,53.019046799299100,-1.425994111222700
Kite and Francolin,NG5 5ST,53.000675722070600,-1.152641574392400
Pheasant and Meadowlark,S42 6YA,53.186791091717400,-1.410857613650280
Armadillo and Duck,NG16 3NH,53.022065323559200,-1.292137653832720
Warbler and Guillemot,DE55 4DA,53.066903000000000,-1.373558000000000
Fox and Kite,S40 9NQ,53.235341996600000,-1.434597691600000
Booted eagles and Scimitar babbler,DE55 6JL,53.126567000000000,-1.393270000000000
Egret and Meadowlark,NG15 7DZ,53.042060127312400,-1.209716822976490
Parrotbill and Tree warbler,NG15 8EA,53.040147258297400,-1.195239864695860
Elephant and Bronzewing pigeon,S40 2EQ,53.225809623682800,-1.425046688507820
Mockingbird and Treepie,NG17 3NF,53.142160581365300,-1.282974613229000
Lemming and Masked owl,DE55 7DW,53.098465299436100,-1.387870365668680
Snipe and Chicken,NG21 0RF,53.101277596215200,-1.114611390077750
Buzzard and Dorcopsis,NG18 5AJ,53.130811244563600,-1.198957933701800
Dolphin and Capuchin,NG21 0HT,53.118222757749300,-1.097887221826860
Armadillo and B,NG5 8AG,53.003219902381300,-1.104801158845770
Puffleg and Greenbul,NG17 7QP,53.095700000000000,-1.210945000000000
Ground sloth and Eagle,NG18 1HT,53.154587059344600,-1.187119000000000
Wader and Old World vulture,NG17 8LT,53.093953000000000,-1.277101000000000
Macaw and Tattler,NG20 8NY,53.203300817536700,-1.227714408332690
Old World vulture and Meadowlark,NG16 6AJ,53.071574087041500,-1.288415898228650
Condor and Cloud rat,NG17 2FY,53.131138075592800,-1.278210911800780
Greenbul and Towhee,S45 9NJ,53.170022897489200,-1.408304756808990
Maya and Gull,NG18 2DG,53.150992904400400,-1.176676321428290
Nukupuʻu and Magpie,DE55 3NG,53.097218544813500,-1.344474315488510
Snipe and Condor,NG18 9AF,53.154587059344600,-1.187119000000000
Moluccan boobook and Dolphin,DE55 7BD,53.098053000000000,-1.394940000000000
Mamo and American sparrow,NG15 8FE,53.058304804587500,-1.181665000000000
Hawk and Crow,NG5 7BP,53.005323173833600,-1.130211477503110
Gull and Jackal,DE55 4RH,53.092730026725800,-1.348993000000000
Chickadee and Crow,NG5 7AP,53.003822240631300,-1.132715399013790
Mink and Rat,NG5 9PQ,53.014223212525000,-1.165418801608370
Maya and Black jay,NG19 7AQ,53.151566125759700,-1.202803589034680
Maya and Eagle,NG16 4GW,53.025293000000000,-1.335769000000000
Siskin and Macaw,NG18 5SA,53.139076449797800,-1.207534000000000
Meadowlark and Boto,S40 9LG,53.235358000000000,-1.434581000000000
Recurvebill and Kestrel,NG19 6FB,53.153883000000000,-1.209011000000000
Wader and Eagle,NG19 8HE,53.170267929813400,-1.196757459179810
Pitohui and Old World quail,DE56 0PB,53.008991972334800,-1.424994776709080
Siskin and Moluccan boobook,S41 0QZ,53.222511000000000,-1.419397381028640
Capuchin and Moluccan boobook,NG17 4LR,53.127572350663100,-1.245332255758660
Argus and Night heron,NG16 2UF,53.006685529489400,-1.286278965330030
Mockingbird and Myna,NG19 9DH,53.165926401050400,-1.178335191252620
Hawk and Parrotbill,NG6 8GA,53.005552871261500,-1.200085777423400
Coati and B,NG20 8DS,53.199859874752300,-1.230785206828570
Warbler and Parrotbill,NG16 3DN,53.022409248414700,-1.304729635920570
Hawaiian honeycreeper and Polecat,NG6 8EZ,53.002095000000000,-1.196500811961180
Nukupuʻu and Tit-tyrant,NG16 3GQ,53.017307879358300,-1.300906069429710
Kangaroo and Hawk,NG20 8AF,53.204032941139400,-1.211846487137480
Cloud rat and Mink,NG17 9FA,53.080871156444700,-1.268019438872070
American sparrow and Linsang,DE5 3DA,53.052187760980000,-1.407174325469240
Fulmarine petrel and Stint,NG5 8FH,53.009707621856400,-1.124981407266300
Stint and Macaw,NG16 5BX,53.042583543608700,-1.311311016107790
Jerboa and Black cockatoo,NG18 1HB,53.138241000000000,-1.199448000000000
Badger and Boto,NG18 4AA,53.131256872416000,-1.195721278068120
Tree warbler and Parakeet,NG15 7DN,53.041960827782100,-1.208301690374230
Mole and Snipe,S41 0AQ,53.221990250280200,-1.410509696778850
Nukupuʻu and Coati,S45 9NH,53.169938062862900,-1.407513074478660
Minke whale and Shearwater,DE75 7HD,53.012915606021200,-1.340892945128520
River dolphin and Booted eagles,DE55 4TF,53.079237081100100,-1.360287000000000
Thrasher and Darwin's finches,DE75 7HT,53.009610605273200,-1.323818610198220
Magpie and Magpie,NG21 9AY,53.177132951835200,-1.103130770418220
Prion and Pheasant,NG19 0FS,53.147817000000000,-1.150526000000000
Buzzard and Recurvebill,NG18 2BR,53.152630164983800,-1.189865000000000
Old World quail and Civet,NG19 8AE,53.164705860083700,-1.194423164128090
Rabbit and Siskin,NG19 7SQ,53.172366000000000,-1.245235000000000
Kestrel and Bronzewing pigeon,NG5 8QW,53.008109000000000,-1.109246000000000
Shearwater and Logrunners,S42 6LJ,53.194989547127500,-1.435098404181820
Marmoset and Mink,S45 8JD,53.160333913070100,-1.368265894000680
Mamo and Thicketbird,DE55 1AN,53.075024882919300,-1.397337736499570
Hawk and Fish eagle,NG16 5QJ,53.057529709751900,-1.347478838000030
Civet and Moluccan boobook,DE55 4ED,53.069957348542400,-1.359902521603390
Petrel and Rabbit,NG21 0RG,53.100659172115400,-1.112443481170220
Vole and Warbler,NG21 0PG,53.108920318713100,-1.120922835389170
Triller and Badger,NG16 3LR,53.013433256967100,-1.302399576156370
Diving bird and Magpie,NG16 5JN,53.063837224944800,-1.329162967354430
Nukupuʻu and Peafowl,NG18 9SP,53.151112734315300,-1.204905410790570
Polecat and American sparrow,NG20 9RT,53.209062082020500,-1.212487920338980
Dolphin and Pheasant,S44 6TQ,53.213317280928200,-1.256526000000000
River dolphin and Songlark,NG15 7GD,53.037515969514400,-1.207682143192410
Hawk and Argus,NG20 9AF,53.213702023098800,-1.216820433648190
Prion and Bronzewing pigeon,NG18 4UT,53.108996227087500,-1.178120768268360
Marsh harrier and Chicken,DE55 6AT,53.119159234778500,-1.405805549240020
Myna and Peafowl,NG15 6TB,53.033166414442900,-1.233962572901950
Mockingbird and Parrotbill,NG15 6QQ,53.043281711667000,-1.217734047604550
Hawaiian honeycreeper and Gull,NG19 9LQ,53.157321198996300,-1.192422777779620
Diving bird and Shearwater,NG19 9QX,53.175229064730600,-1.178172471092900
Hawk and Lemming,NG18 4GE,53.129383451685900,-1.148632970672150
Wader and Badger,DE55 4EH,53.067450312510200,-1.366506000000000
Lemming and Tree warbler,NG16 2BX,53.008809164637100,-1.298733273643390
Solitaire and Fulmarine petrel,DE55 4GR,53.088085502696200,-1.374549801308890
Kākāriki and Treepie,NG16 3JL,53.010272033472200,-1.307532872639130
Hawk and Triller,NG15 7SY,53.043697667805800,-1.203198490979890
Tree warbler and Marsh harrier,NG5 7BW,53.005618489828400,-1.136196464245680
Chicken and Moluccan boobook,NG5 7GA,53.006139430838700,-1.122624361960190
Nukupuʻu and Civet,NG17 1NB,53.116065139389300,-1.275160000000000
Puffleg and Badger,NG19 0LQ,53.162598516524600,-1.136129995615410
Boto and Vulture,NG15 0BF,53.069610797500200,-1.224510623667010
Civet and Pratincole,NG20 8AH,53.204467000000000,-1.213381000000000
Boto and Old World warbler,NG19 8QP,53.176343806468400,-1.190000951969010
Warbler and Fulmarine petrel,NG17 1FF,53.123321137083700,-1.269958616854270
Chicken and Pratincole,NG19 6RL,53.136077564921000,-1.225945456608810
American sparrow and Thicketbird,DE55 4JU,53.077792825534000,-1.366040976893440
Mole and Herring gull,NG17 8NX,53.108891891175100,-1.260956086717240
Shearwater and Ibex,NG18 4NY,53.123159700119200,-1.164685580366970
Capuchin and Diving bird,S44 6JP,53.223700919979100,-1.304275927837530
Bronzewing pigeon and Herring gull,DE55 2AZ,53.101331000000000,-1.349968000000000
American sparrow and Old World quail,S42 6UY,53.198303892507800,-1.432659768775660
Kangaroo and Buzzard,NG15 6HB,53.029820664348900,-1.223986712904830
Fox and Zebra,NG18 4DH,53.132736850686100,-1.192584741325290
Parakeet and Grouse,NG19 8PA,53.174222301503600,-1.199301815266100
Black cockatoo and Stilt,NG19 8EG,53.165759986456700,-1.194777384100070
Armadillo and Jackal,DE55 7JX,53.097789725012300,-1.375484405286440
Diving bird and Tahr,NG18 5AB,53.131562680343300,-1.199751061376240
Ground sloth and Grackle,NG16 2BY,53.008909138933500,-1.300445586231510
Guillemot and Stint,S40 2RY,53.224861697528000,-1.431694868521290
Armadillo and Tit-tyrant,NG19 8EU,53.169215120993400,-1.196597601704910
Warbler and Siskin,NG16 4HU,53.027366000000000,-1.336466000000000
Prion and Ice seal,NG18 4AP,53.135829981474400,-1.194036491255340
Ice seal and Egret,NG6 9HE,53.002719166192400,-1.190481823344870
New World blackbird and Recurvebill,DE5 3DW,53.056901278382300,-1.407810909147520
Towhee and Diving bird,NG18 2BQ,53.154423432369300,-1.193269712222000
Pratincole and Fulmarine petrel,NG18 5HU,53.133850011060800,-1.224834557775480
Herring gull and Boto,NG18 5JE,53.146267000000000,-1.210048000000000
Triller and Diving bird,DE55 1FH,53.078034894463900,-1.395295431416320
Darwin's finches and Kite,DE5 8NB,53.022602321908500,-1.432610983467420
Peafowl and Boto,NG16 5HE,53.057124848902300,-1.295383000987070
Cuscus and Fox,NG17 3BN,53.139886104055000,-1.253667418224680
Thrasher and Capuchin,NG17 3GB,53.141330301619500,-1.276485368825670
Towhee and Kangaroo,NG5 8RR,53.012790298786500,-1.127333723992570
Mole and Siskin,NG19 0AL,53.149760648913300,-1.164947131106200
Coati and Night heron,S42 5NZ,53.181027722554100,-1.389150024331300
Mamo and Quetzal,NG18 3FB,53.144354489166900,-1.165709797084230
Magpie and Condor,DE75 7GZ,53.010036324310100,-1.361832348837360
Moluccan boobook and Capuchin,DE55 4DL,53.067157670139800,-1.364182375548790
Diving bird and Vole,NG20 8PP,53.204781333764100,-1.223151374299310
Siskin and Boto,S42 5HU,53.174540000000000,-1.392848000000000
Wallaby and Marsh harrier,NG19 8BP,53.165188408800000,-1.189582854700000
Guillemot and American sparrow,NG15 9BS,53.082808168701600,-1.159763693727930
Chipmunk and Nukupuʻu,NG15 7UW,53.035027802429300,-1.195901843572090
Ibex and River dolphin,NG18 4JP,53.131228922725300,-1.170672026783380
Meadowlark and Kākāriki,NG19 9PW,53.166963211384100,-1.174874918098610
Guillemot and Recurvebill,NG19 7DR,53.152453552563800,-1.195744049368180
Tahr and River dolphin,NG17 2BZ,53.131894269942900,-1.269544332241410
B and Gull,DE5 3DD,53.053013000000000,-1.406548509866410
Bunting and Marmoset,NG21 9FH,53.166365669927900,-1.117820037587630
Maya and Petrel,S40 2SF,53.223146642360800,-1.428317572257000
Greenbul and Piping shrike,S41 0LZ,53.216198430023800,-1.404494138006400
Grosbeak and Zebra,DE55 7BP,53.097015985878500,-1.389220064805860
Petrel and Vulture,S40 9JR,53.235341996600000,-1.434597691600000
Towhee and Diving bird,NG19 6EZ,53.149584937887000,-1.221291667543730
Greenbul and Mink,NG19 7NN,53.160310000000000,-1.200892000000000
Quetzal and Linsang,S45 9JY,53.166074144882600,-1.409600566801530
Duck and Mamo,NG5 7DA,53.001916674923400,-1.130279926315850
Civet and Viscacha,NG16 3NL,53.020859275184900,-1.291889045643340
New World blackbird and Greenbul,NG5 9EE,53.007784632907500,-1.165110764168810
Magpie and Perching duck,NG21 9DG,53.162739858377800,-1.119823842545880
Meadowlark and Bronzewing pigeon,NG16 5QZ,53.055356560307700,-1.288265258354950
Ice seal and Argus,NG19 7DQ,53.151707806032100,-1.201141154099720
Kākāriki and Darwin's finches,NG17 9HH,53.077022466115300,-1.253336513200250
Piping shrike and Kestrel,S42 5SZ,53.181297417367200,-1.355029659985430
Jackal and Mamo,S45 9BZ,53.163610352768400,-1.398655767878740
Recurvebill and Wader,NG5 8BJ,53.007459778960500,-1.118827025681570
Fox and Peafowl,NG5 7AX,53.005749284241900,-1.133168578826950
B and Viscacha,DE55 3AW,53.097371779294100,-1.328417631809110
River dolphin and Pheasant,NG21 9FY,53.171334417000000,-1.121204000000000
Grackle and Towhee,NG16 2WB,53.004171666309000,-1.285307068144730
Zebra and Civet,NG18 3HE,53.140040877926900,-1.168454319054880
Triller and Vulture,NG19 7PD,53.174467927466500,-1.250898241431980
Grosbeak and Thicketbird,NG19 8TL,53.183539309283200,-1.256860626334610
Condor and Lemming,NG5 5SD,53.003278846139500,-1.144573358947690
Ice seal and Dolphin,S40 2FP,53.229038685509400,-1.425467832280250
Diving bird and Goose,NG17 5NB,53.118704000000000,-1.242915000000000
Siskin and Condor,NG16 2ET,53.016280567570900,-1.283854946456020
Tahr and Duck,DE55 1HB,53.076411202937600,-1.392422336529160
Marmoset and Pratincole,NG20 9EP,53.229803624546500,-1.201605000000000
Old World vulture and Jackal,NG15 7SX,53.044247000000000,-1.203144000000000
Maya and Shearwater,NG17 4PH,53.136150000000000,-1.232850000000000
Night heron and Rat,NG17 1LU,53.118636327837700,-1.277090444582280
Stilt and Thrasher,S42 6YG,53.185754347276300,-1.412069009013590
Civet and Viscacha,NG5 8AZ,53.010997984804400,-1.107487052393160
Quetzal and Lemming,NG17 7AP,53.098814796841300,-1.245163374707000
Armadillo and Stint,S45 9BW,53.165066560247300,-1.402225275322720
Nukupuʻu and Elephant,NG15 8FB,53.053766635797500,-1.185945000000000
Grosbeak and Piping shrike,NG6 8UW,53.006454000000000,-1.211082000000000
Piping shrike and Rabbit,NG15 9AR,53.079934877455500,-1.157684860925460
Cloud rat and Snipe,NG16 5BL,53.035859000000000,-1.317204000000000
Vulture and New World blackbird,DE7 6JS,53.000422318424700,-1.393638205714500
Parakeet and Magpie,NG17 7GW,53.103103851232700,-1.238292273088560
Marsh harrier and Pitohui,NG17 4JL,53.134340000000000,-1.232284000000000
Scimitar babbler and Polecat,DE55 1AH,53.069788855309400,-1.396485473034260
Viscacha and Hawaiian honeycreeper,DE55 7FQ,53.089724553885300,-1.377484000000000
Pratincole and Cuscus,DE55 5QG,53.143215113646400,-1.341053546920210
Dorcopsis and Black cockatoo,NG5 5RQ,53.006566755099700,-1.149277368737210
Mockingbird and Mamo,DE55 3NL,53.097457621477100,-1.342185733773410
Cuscus and Treepie,NG19 9HX,53.171154884395200,-1.180479345181640
Thicketbird and American sparrow,NG20 8NG,53.203702944251900,-1.224578174209790
Kangaroo and Old World quail,NG18 3PD,53.138263000000000,-1.162210000000000
Prion and Jerboa,NG19 9SE,53.167606683594600,-1.173037603482340
Night heron and Prion,NG19 7HB,53.157342000000000,-1.214197000000000
Francolin and Black cockatoo,NG17 1GY,53.115813269999100,-1.271116669007800
Night heron and Snipe,DE5 3QS,53.043572124158200,-1.411811915104590
Piping shrike and Mockingbird,S44 5UP,53.214319526280300,-1.342853561855490
Civet and Booted eagles,S44 5LX,53.189632786500500,-1.298197205524410
Goose and Parrotlet,NG17 4AX,53.126102026007200,-1.258837778578710
Tit-tyrant and Kangaroo,NG15 7QN,53.028815233983400,-1.194140000000000
Kākāriki and Eagle,DE55 5AH,53.115553679334900,-1.370625439957370
Old World vulture and Stint,NG21 9AJ,53.157526530826800,-1.128440054197390
Stint and Greenbul,NG18 2RP,53.136875193900000,-1.193957286400000
Kangaroo and Vole,S44 6PD,53.229056115615200,-1.293193760749990
Badger and Perching duck,NG15 0DR,53.073787000000000,-1.250482000000000
Jackal and Vulture,NG17 2AN,53.129015000000000,-1.261612000000000
Grackle and Kākāriki,NG5 8LE,53.013193679135800,-1.123509804269210
Coati and Parrotbill,NG14 6QB,53.035722812488500,-1.094911940982770
Hawaiian honeycreeper and New World blackbird,DE55 7NQ,53.093753663339100,-1.427360260364350
Hawk and Mamo,NG18 4YT,53.135032000000000,-1.183573000000000
Siskin and Pheasant,S44 5TJ,53.235404789640800,-1.384421223155130
Parrotbill and Puffleg,DE55 7RL,53.090171068602100,-1.374564371044090
Armadillo and Boto,NG15 9FN,53.088204742882200,-1.157642896593520
Quetzal and Masked owl,NG15 7EH,53.044100475985800,-1.211036872405500
Capuchin and Wader,NG18 4GL,53.131796406951300,-1.183397000000000
Buzzard and Jay,NG17 5JQ,53.118969447059000,-1.232632879823830
Linsang and Siskin,DE75 7QS,53.014917927351300,-1.361909418679590
Ground sloth and Tattler,S45 9BG,53.163879412739000,-1.402107147493290
Rat and Warbler,NG15 7AP,53.039848401464700,-1.204268714336100
Old World vulture and Bunting,NG21 9HB,53.164141000000000,-1.121917000000000
Polecat and Philippine hawk-owl,NG20 9LX,53.235297676387200,-1.156766575934380
Crow and Pitohui,DE5 3DF,53.050266000000000,-1.403710000000000
Masked owl and Fox,NG5 5RZ,53.002774099972900,-1.148429000000000
Polecat and Macaw,S45 9AR,53.164628184399500,-1.424563003022910
Rabbit and Flameback,NG20 9PS,53.224577000000000,-1.129521000000000
Condor and Lemming,NG21 0HZ,53.117374000461400,-1.098756000000000
Warbler and Argus,DE75 7PH,53.011593000000000,-1.332373000000000
Moluccan boobook and Snipe,NG5 5DT,53.012227526829700,-1.170554812367740
Hawk and Logrunners,DE55 1BN,53.074804022929800,-1.401669481848350
Black jay and Bronzewing pigeon,NG20 8FT,53.194184000000000,-1.227173000000000
Duck and Myna,NG5 5ES,53.011005000000000,-1.174215000000000
Kite and Cloud rat,NG17 8ZZ,53.100409000000000,-1.249795000000000
Philippine hawk-owl and Macaw,NG6 8EN,53.004401000000000,-1.193133000000000
Ground sloth and Eagle,S42 5EE,53.200777901853500,-1.394692770295930
Maya and Minke whale,NG16 2AR,53.003977252585300,-1.297947231999950
Goose and Rabbit,NG20 9FA,53.226959000000000,-1.202527000000000
Towhee and Kite,DE55 2JA,53.102552923649900,-1.338657798941190
B and Philippine hawk-owl,NG17 1HD,53.121976727079000,-1.266215784176460
Quetzal and Peafowl,NG18 1BN,53.140482000000000,-1.195833000000000
Ice seal and Diving bird,S42 6RP,53.203999899234600,-1.424530046205160
Grackle and Civet,NG5 6BH,53.000208000000000,-1.138733000000000
Piping shrike and Chickadee,S44 6EY,53.228542168531300,-1.280903696925220
Marsh harrier and Parrotbill,NG15 8BY,53.045614512178300,-1.195496065257710
Mamo and Scimitar babbler,S45 9GA,53.166568000000000,-1.410804000000000
Old World warbler and Goose,NG16 4GT,53.021811092101700,-1.338565927146150
Francolin and Tit-tyrant,DE5 8HT,53.042232363987500,-1.428341219322470
Pheasant and Chicken,S42 5DH,53.212339000000000,-1.375617000000000
Vulture and Parakeet,DE75 7PE,53.015665470490700,-1.355503704936120
Rabbit and Gull,NG16 3NF,53.012388932725800,-1.302133216488610
