name,postcode,lat,lon
Goose and Boto,M9 8QF,53.526719147945300,-2.237409000000000
Wallaby and American sparrow,M11 3FF,53.484206000000000,-2.202812000000000
Warbler and Goose,OL12 8EU,53.657468779000000,-2.180084938100000
Black jay and Bronzewing pigeon,M3 6DB,53.483610247941000,-2.259349601180240
Skunk and Tahr,M24 2QU,53.541074440849700,-2.174519466054800
Flameback and Buzzard,M40 3RH,53.518470570956300,-2.160355206472130
Fish eagle and Jackal,OL13 8JG,53.694216960257500,-2.207728863015020
Pheasant and Snipe,OL11 1NU,53.607813232917000,-2.154482361153960
Marsh harrier and Duck,BL1 8PH,53.599572150000000,-2.432366539000000
Duck and Pitohui,OL10 4UF,53.600989390035600,-2.228501692350920
Treepie and Guillemot,OL11 2AX,53.592601223747700,-2.143156154372420
Chickadee and Goose,BL9 9PY,53.577369580000000,-2.300912313000000
Viscacha and Vole,M6 6AH,53.490425529451600,-2.274523275862240
Tahr and Black cockatoo,OL9 9SA,53.549917409800000,-2.162904203078840
Capuchin and Black cockatoo,BL2 2NB,53.590656270000000,-2.403933829000000
Coati and Tree warbler,M9 5GR,53.506821647042100,-2.212177977912320
River dolphin and Parakeet,M45 7RP,53.555262675923300,-2.306249817090820
Condor and Duck,M4 5AG,53.482730000000000,-2.228664000000000
Bunting and Chipmunk,M30 8LY,53.486042843083600,-2.366875512528990
Stint and Shearwater,OL2 6US,53.583477756077600,-2.135769222851330
Siskin and Black cockatoo,BB4 5QF,53.706575880000000,-2.328087251000000
Minke whale and Grouse,M24 1RA,53.535736598811000,-2.196842561915390
Songlark and Puffleg,M43 6JS,53.487540911159100,-2.167291435160570
Hawk and Stint,OL16 4NY,53.595141000000000,-2.132045000000000
Triller and Kestrel,M28 1PB,53.511229129556600,-2.413476787287060
Zebra and Grackle,M27 9RE,53.521326671104700,-2.353575837336670
Scimitar babbler and Dorcopsis,BL2 4ND,53.611365870000000,-2.395712600000000
Fox and Hawk,M40 1PR,53.493968316219600,-2.173119873880040
Shearwater and Dorcopsis,BL8 4AT,53.617896000000000,-2.338933000000000
Logrunners and Ibex,BL3 2PQ,53.561854690000000,-2.410060438000000
Darwin's finches and White ibis,BL1 3NW,53.591065820000000,-2.435769513000000
Egret and Francolin,BB4 4HQ,53.691303380000000,-2.328680150000000
Warbler and Mockingbird,M7 3QB,53.513283390741800,-2.282120585528300
Kestrel and Nukupuʻu,BL2 5RN,53.587686960000000,-2.353873091000000
Kestrel and Ibex,M3 5JT,53.482883000000000,-2.263670708762970
Darwin's finches and Elephant,OL16 5HA,53.611465525704100,-2.137249721519290
Polecat and Kite,BL4 0RF,53.544371810000000,-2.425616160000000
Vulture and Mamo,M38 9UL,53.533743379072000,-2.421707530362860
Diving bird and Stint,M24 1RX,53.534210272371500,-2.178610028122380
Mole and Parrotbill,BL1 3AB,53.583083110000000,-2.440958928000000
Crow and Rabbit,M7 2EH,53.503246608338100,-2.264987487664010
Rabbit and Greenbul,OL9 8RT,53.533861368638800,-2.151406408101880
Hawaiian honeycreeper and Kangaroo,M27 5AR,53.506056972557200,-2.340632913325720
Triller and Eagle,M25 9LJ,53.526692821129900,-2.286433468081200
Lemming and Civet,M27 0DA,53.496928810803200,-2.351624090949180
Badger and Jay,M25 9PW,53.525494887786700,-2.279893910624600
Night heron and Cloud rat,BL2 2PA,53.590433990000000,-2.408509249000000
Thrasher and Argus,OL13 0LF,53.691250424638500,-2.227733795921200
Zebra and Kangaroo,OL12 9HH,53.636779000000000,-2.135759000000000
Fulmarine petrel and Hawk,OL10 4NR,53.593534720588500,-2.215952000000000
Greenbul and Guillemot,BL4 7PE,53.550513090000000,-2.396215933000000
Parakeet and Piping shrike,M26 2RB,53.564824797941800,-2.317159467987960
Philippine hawk-owl and Moluccan boobook,OL16 3DB,53.615483701217100,-2.120166314033280
Puffleg and Stint,OL13 8HP,53.697149502247700,-2.206334787874680
Thrasher and Armadillo,BL9 6AR,53.596873880000000,-2.286259000000000
Goose and Bronzewing pigeon,OL16 3BD,53.616161126607200,-2.125685756360340
Macaw and Civet,M24 6AW,53.553666157184900,-2.192684400128800
Armadillo and Old World warbler,M1 2EQ,53.481860159565000,-2.231838489982030
B and Philippine hawk-owl,M61 0QW,53.487378000000000,-2.227209000000000
Duck and Lemming,M4 5JJ,53.484670785671500,-2.233255315213230
Kākāriki and Diving bird,M6 6GP,53.492777000000000,-2.280311000000000
Masked owl and Recurvebill,OL9 8PZ,53.530489735694300,-2.144967743275050
Marsh harrier and Cuscus,M7 3TB,53.503178441688700,-2.279128627052330
Armadillo and Myna,BL3 6PB,53.566990870000000,-2.429286000000000
Minke whale and Moluccan boobook,BL2 6TL,53.573031680000000,-2.378743067000000
Gull and Buzzard,BL3 1XL,53.566989010000000,-2.368029132000000
Fulmarine petrel and Marmoset,M8 5SG,53.517030000000000,-2.237686000000000
Vulture and Fox,M27 5NS,53.504885751420400,-2.335241053273390
Asiatic leopard and Guillemot,M26 4XB,53.568550000000000,-2.329207000000000
Cuscus and Solitaire,M43 7PU,53.490016335896700,-2.151114298652460
Recurvebill and Diving bird,BB4 6LY,53.694015000000000,-2.316630104000000
Chickadee and Recurvebill,BL9 7JE,53.588836770000000,-2.255371400000000
Pratincole and Maya,M25 9GJ,53.527097326126500,-2.290147058938440
Rat and Badger,BL3 4YQ,53.588487400000000,-2.425440191000000
Vole and American sparrow,OL11 5YD,53.622291552508900,-2.203640784862470
Civet and Cloud rat,M40 3TE,53.517141205748900,-2.159671524165800
Minke whale and Solitaire,M40 1WL,53.495454245692500,-2.171151303274790
Argus and Polecat,OL11 5NB,53.612872874307100,-2.203051252531770
Civet and Boto,OL9 0DE,53.549161253236000,-2.134995081706820
Cuscus and Duck,OL1 2TW,53.553242273245300,-2.163505661337830
Piping shrike and Lemming,M45 7JJ,53.544422000000000,-2.303334000000000
Tattler and White ibis,M30 8ES,53.493454649703300,-2.370979059306390
Buzzard and Partridge,M8 5ST,53.517009533962500,-2.238621014957370
Puffleg and Lemming,BL9 5HD,53.608700450000000,-2.294636231000000
Viscacha and Kestrel,M6 5WW,53.489235917845400,-2.294696131435210
Kestrel and Wader,M24 2GD,53.559998275694700,-2.189980751114700
Mouse and Black cockatoo,BL2 5LS,53.586531630000000,-2.384543689000000
Buzzard and Dolphin,BL4 8QH,53.539877710000000,-2.374568923000000
Night heron and Black jay,M11 4NH,53.484387428166400,-2.178686697914050
Mink and Herring gull,BL0 9XG,53.625298690000000,-2.326957098000000
Asiatic leopard and Old World vulture,BL1 2AN,53.580087640000000,-2.429252557000000
Masked owl and Linsang,M6 5NF,53.486686309523900,-2.289750405359390
Pheasant and Pratincole,BL1 8XX,53.588487400000000,-2.425440191000000
Kākāriki and Old World vulture,BL4 0QS,53.545209420000000,-2.427661894000000
Mockingbird and Marmoset,BL8 3PX,53.616155770000000,-2.358692000000000
Diving bird and Eagle,BL8 3JX,53.607060640000000,-2.340146026000000
Snipe and Hawk,OL11 5RH,53.619649523450700,-2.208556436721670
Badger and Badger,M25 1DY,53.527817817198700,-2.274327772574160
Vulture and Magpie,OL9 6NP,53.545998077900000,-2.130261622600000
Triller and Jerboa,M8 5UR,53.512715000000000,-2.229187000000000
Philippine hawk-owl and Parrotbill,OL1 2EY,53.550108036395200,-2.123934982328530
Civet and Vulture,OL9 8AW,53.527724259039300,-2.156860328934580
Asiatic leopard and Capuchin,M28 2PH,53.496612930731000,-2.378513502305400
Chicken and Pheasant,OL16 5NE,53.611708603506900,-2.144535888723250
Mockingbird and Guillemot,BL0 9EX,53.648622620000000,-2.323854832000000
Songlark and Darwin's finches,BL1 7RU,53.611959280000000,-2.427021487000000
Jackal and Shearwater,M25 9RF,53.519281342292400,-2.288525077555910
Ibex and Cuscus,M3 7DU,53.485370210225800,-2.251780149568260
Puffleg and Black cockatoo,M30 9AL,53.486982239457700,-2.334707926389900
Chickadee and Marsh harrier,M9 6PD,53.524948677309600,-2.218588863236760
Polecat and Pratincole,M4 6GB,53.482526000000000,-2.221638000000000
Parakeet and Pheasant,M4 6ED,53.484819515600000,-2.223702166100000
Wader and Civet,OL9 9LU,53.542792411913500,-2.139426426225220
Vole and Mole,M30 0PZ,53.480929263379600,-2.354686199343660
Meadowlark and Hawaiian honeycreeper,BB4 4NQ,53.688354390000000,-2.338666285000000
Treepie and Gull,M25 9WA,53.519013680718300,-2.276276738307150
River dolphin and Thicketbird,OL16 4EA,53.611807643054300,-2.120034934535220
Myna and Prion,M40 5JN,53.523834118990300,-2.180979689889490
Black cockatoo and Fox,OL11 4PG,53.603934845641800,-2.177121253583590
Bronzewing pigeon and Tattler,BL2 3AX,53.595331000000000,-2.406350581000000
Viscacha and Songlark,BL4 8RZ,53.534806630000000,-2.363449861000000
Mouse and Parrotlet,M50 3YY,53.481198631961100,-2.280430780412780
Bunting and Jay,OL11 5BH,53.619024225360400,-2.178393906092380
Nukupuʻu and Kākāriki,M40 8NS,53.502129359502800,-2.212365581836520
Tit-tyrant and Recurvebill,M25 0EB,53.521290936788600,-2.254617695706320
Shearwater and Old World warbler,OL11 5WG,53.621181667705200,-2.211315527627870
Grackle and Songlark,OL12 7NX,53.625524100822100,-2.189186679246140
Asiatic leopard and Snipe,BL3 3DN,53.562385120000000,-2.435444318000000
Pheasant and Tattler,M27 8SD,53.521823040664500,-2.330910310091440
Eagle and Wader,M3 5HY,53.482466723600000,-2.258272998300000
Mole and Night heron,OL16 5LW,53.608371324212700,-2.138373000000000
Ibex and Chicken,BL8 2DT,53.584189900000000,-2.332152881000000
Ice seal and Perching duck,M26 4DD,53.564750974376000,-2.327863540480710
Old World warbler and Night heron,OL13 8GZ,53.702405837258900,-2.202073820428860
Shearwater and Ice seal,M40 7AE,53.490085167818600,-2.207075482234750
Parrotlet and Towhee,M35 9BP,53.514706069393300,-2.152242820996080
Black cockatoo and Eagle,OL10 3RA,53.590646873085200,-2.240713036935640
Herring gull and Zebra,M27 8FS,53.522319167658200,-2.333508475174490
Zebra and Tree warbler,M38 9RF,53.535203845194000,-2.425554336365820
Armadillo and Kite,BB3 3LJ,53.697155930000000,-2.440242636000000
Elephant and Black cockatoo,M24 4HT,53.557741958481900,-2.216538997909990
Puffleg and Treepie,OL12 8XE,53.684495792078700,-2.158094343854650
Piping shrike and Kangaroo,M6 8LG,53.496433134490400,-2.323461887386000
Duck and Masked owl,BL2 1NZ,53.573881710000000,-2.409889940000000
Petrel and American sparrow,OL9 6QY,53.549390000000000,-2.123978000000000
White ibis and Scimitar babbler,OL12 9RP,53.631976624436900,-2.137286158960520
Cuscus and Shearwater,M3 1SQ,53.484629822332700,-2.244738206611070
Wallaby and Polecat,M25 0EW,53.519082046011400,-2.257756562763070
Stilt and Flameback,M28 3RT,53.529070981554000,-2.405670397854260
Mamo and Maya,M43 7LJ,53.493932016068300,-2.131081180459950
Guillemot and Parrotbill,BL9 6AE,53.596105270000000,-2.284576334000000
Prion and Scimitar babbler,M9 5UP,53.510771848567200,-2.214806393731180
Parrotbill and Recurvebill,BL9 7AY,53.592865060000000,-2.286427960000000
Crow and Lemming,M35 0EB,53.505180570035900,-2.157470492826980
Herring gull and Jay,OL16 9PD,53.611534000000000,-2.148783000000000
Marsh harrier and Triller,OL10 1AX,53.588677528068100,-2.217754765465230
Ibex and Jerboa,BL0 0TA,53.658224010000000,-2.319782427000000
Thrasher and Eagle,OL12 6SF,53.617890545341800,-2.166748948038510
Badger and Meadowlark,BL2 4LW,53.594906520000000,-2.393518974000000
Minke whale and Duck,OL12 0QQ,53.624434256411400,-2.159971031649360
Treepie and Thicketbird,OL9 6RN,53.548731325935900,-2.133650483609280
Mamo and Skunk,BL9 6PW,53.609511960000000,-2.289911155000000
Petrel and Minke whale,M27 8XQ,53.504559051644700,-2.306275932273590
Mouse and Parakeet,M26 2XT,53.568110948995300,-2.311687893861740
Armadillo and Civet,M24 5JJ,53.562818592366900,-2.217516096085390
Flameback and Parrotlet,M45 7LG,53.544766882528600,-2.308724379947530
Masked owl and Songlark,M6 5EL,53.485716374045700,-2.278064456546150
Parrotlet and Pitohui,BL9 6PZ,53.612050780000000,-2.291908634000000
Cloud rat and Fish eagle,BL3 3EF,53.561614620000000,-2.442109338000000
Parakeet and Towhee,M28 7UY,53.511189761385900,-2.411862929141620
Lemming and Fox,M40 0GN,53.514151000000000,-2.177636000000000
Puffleg and Grosbeak,BL2 6NG,53.575234900000000,-2.386827220000000
Ibex and Moluccan boobook,BL8 1LG,53.598013530000000,-2.312285890000000
Gull and Songlark,M3 5BE,53.483517689281800,-2.252206179395630
Vole and Mockingbird,M25 0HR,53.520983980880600,-2.267571817085760
Tree warbler and Stint,OL13 0QX,53.692553292125100,-2.223182535025020
Diving bird and Petrel,BL2 4EJ,53.600046000000000,-2.380193698000000
Dorcopsis and Myna,M26 2QG,53.569771458739600,-2.305629920148420
Gull and Snipe,OL9 8HP,53.524457690992400,-2.152851029359820
Linsang and Badger,BL7 9SY,53.630322190000000,-2.441920350000000
Peafowl and Mamo,OL16 2QH,53.634132623229200,-2.130306390120400
Gull and Macaw,M35 9NR,53.497661789615500,-2.146875500192310
New World blackbird and Mamo,BL9 5AW,53.599504130000000,-2.291504731000000
Asiatic leopard and Fish eagle,M45 8HW,53.546579020599600,-2.273256941438070
Wallaby and Parrotbill,BL8 2DX,53.587030900000000,-2.325362303000000
Grackle and Boto,OL11 5HW,53.607884687759400,-2.208105442872600
Towhee and Fulmarine petrel,OL11 2WJ,53.586902000000000,-2.176821000000000
Fulmarine petrel and Black cockatoo,M25 9UG,53.520478776877800,-2.291413967323390
Parakeet and Marsh harrier,M40 8JP,53.499138576297700,-2.216059029669070
Black cockatoo and Linsang,M26 4FW,53.576889442549300,-2.326176000000000
Kangaroo and Civet,M5 5NQ,53.487498907359400,-2.302777070900440
Macaw and Polecat,OL9 0DD,53.548586000000000,-2.135869000000000
Recurvebill and Wallaby,BB4 5ND,53.703400730000000,-2.318973863000000
Siskin and Ice seal,OL16 5QT,53.612078698195500,-2.150537819594840
Thrasher and Grackle,OL13 9TE,53.693175532387900,-2.190822947839370
Condor and Fulmarine petrel,M6 6AF,53.490570726933300,-2.273921341395230
Old World quail and Gull,M35 9GW,53.510177566008300,-2.150944870365070
Zebra and Coati,M35 0GX,53.502241771041000,-2.150177910413800
Asiatic leopard and Coati,BL3 6TS,53.565946300000000,-2.442305524000000
Prion and Thrasher,BL0 0EJ,53.655910200000000,-2.303848000000000
Goose and Shearwater,M24 2UH,53.552946000000000,-2.188470000000000
Lemming and Fish eagle,M9 6NF,53.530734509780100,-2.220051867114930
Fox and Warbler,BB4 8UR,53.711128140000000,-2.284246692000000
Wader and Quetzal,BL2 1EH,53.574572000000000,-2.423488000000000
Rabbit and Lemming,M40 1QB,53.497319245580100,-2.174324404191360
Peafowl and Guillemot,M5 4BA,53.483299311452400,-2.281544701814780
Boto and Recurvebill,OL12 6EU,53.630186163758500,-2.160658000000000
Fulmarine petrel and Flameback,OL16 5JZ,53.607417619571600,-2.140002316061670
Viscacha and Marmoset,OL10 1BZ,53.588548795450700,-2.214385321281730
Ibex and Linsang,M35 9AR,53.509504061642800,-2.135441771024210
Elephant and Old World warbler,M28 3FG,53.520443424099400,-2.402616671698910
Ibex and Shearwater,OL11 4PP,53.604375267720200,-2.177123098926330
Rat and Egret,OL9 0BE,53.554432090538400,-2.147102561826180
Grackle and Chicken,OL10 4RH,53.594910938235600,-2.243366251484700
Condor and Egret,M43 6PG,53.481056207399700,-2.157140000000000
Mole and Grackle,BB4 9BH,53.694662590000000,-2.247515955000000
Hawaiian honeycreeper and Mamo,M8 4WH,53.520556076115000,-2.244975595501530
Philippine hawk-owl and Macaw,M27 8TT,53.508412772827100,-2.307178271057440
Pitohui and Fulmarine petrel,OL9 0DT,53.548409629379900,-2.139852414837280
Mouse and Skunk,OL1 9SA,53.542321920988500,-2.116895000000000
Mole and Jerboa,M1 1LW,53.482448211540200,-2.234132000000000
Tattler and Vole,OL12 8RW,53.640283000000000,-2.178257000000000
Dolphin and Fulmarine petrel,BL2 5LY,53.584366770000000,-2.381321719000000
Lemming and Dorcopsis,M28 1YS,53.509728919477600,-2.418392906724310
Guillemot and Pitohui,BL1 2QQ,53.584137780000000,-2.442571059000000
Vulture and Kite,BL1 7JX,53.611964270000000,-2.428140055000000
River dolphin and Tahr,M30 0SS,53.484283000000000,-2.339147000000000
Warbler and Snipe,BL9 7DJ,53.593680990000000,-2.279679985000000
American sparrow and Siskin,BB4 8HJ,53.707081580000000,-2.288794420000000
Old World quail and Old World vulture,OL11 5PE,53.608537095993000,-2.210239696626410
Dolphin and Old World quail,M24 1TB,53.538882291552400,-2.185766792955340
Old World vulture and Bunting,BL9 5PS,53.632193240000000,-2.316727297000000
Hawk and Parrotlet,M4 7JH,53.486578000000000,-2.218572000000000
Rat and Snipe,BL2 6AL,53.579098280000000,-2.406285419000000
Eagle and Perching duck,M25 1QD,53.537046383754400,-2.271490520457150
Recurvebill and Recurvebill,BL2 5PH,53.584662000000000,-2.376342091000000
River dolphin and Francolin,M26 3RD,53.566257038612000,-2.345238753382440
New World blackbird and Jerboa,OL2 6XX,53.565139859081100,-2.120672489352670
Masked owl and Kangaroo,M26 4DN,53.564191697390700,-2.331845085671090
Magpie and Masked owl,OL8 4DA,53.530780593596300,-2.126307283178170
Black cockatoo and Viscacha,M6 7FW,53.497287615941400,-2.302665969925090
Treepie and Boto,M30 8AG,53.490947071895200,-2.362124970344880
Parrotbill and Kākāriki,BL1 3UB,53.589961890000000,-2.437782520000000
Mouse and Lemming,M28 2JU,53.508831945936600,-2.359864977368780
Cloud rat and Warbler,M26 1HR,53.548079766674000,-2.373086883471390
Jay and Eagle,M5 4HL,53.480916267577800,-2.282011099262630
Bunting and American sparrow,OL2 5HH,53.560992460287100,-2.132707910193250
Herring gull and Quetzal,M7 2LL,53.503424633326700,-2.261701948238960
Tattler and Old World quail,M2 4WQ,53.480775854357000,-2.243721492752850
Prion and Marmoset,OL1 2NF,53.549906117326100,-2.119210326738520
Darwin's finches and Perching duck,M25 9NB,53.522908041642900,-2.286709579294440
Old World warbler and Nukupuʻu,M26 4HB,53.573681543420600,-2.338911385598510
Bronzewing pigeon and Duck,BB4 8HS,53.709418710000000,-2.288704389000000
Duck and Songlark,M24 5GX,53.556668849401700,-2.208397153581100
Stint and Treepie,OL11 1HF,53.611108952243500,-2.156761612356570
Songlark and Myna,M40 7EA,53.487485749044900,-2.213181514035210
Flameback and Pratincole,BL0 9DS,53.650340940000000,-2.323277988000000
Mockingbird and Fish eagle,M9 6DG,53.527118255621000,-2.206592565393350
Parrotbill and Civet,M45 7LW,53.543918247699100,-2.313607613429030
Stilt and Polecat,M30 9PL,53.489175024864200,-2.353564401401670
Asiatic leopard and Night heron,BB3 3PA,53.706279270000000,-2.435232745000000
Black cockatoo and Meadowlark,BB4 7RE,53.705779950000000,-2.280544648000000
Old World warbler and Treepie,M24 2DJ,53.551617790077400,-2.180555017913440
Viscacha and Cloud rat,OL16 2ST,53.636041578680800,-2.118349529298840
Capuchin and Macaw,M26 4FN,53.577906534331400,-2.319326000000000
Mouse and Black jay,BL4 0DY,53.553438590000000,-2.416122362000000
Polecat and American sparrow,M27 9SD,53.518130345321100,-2.352372838425710
Songlark and Zebra,M28 2GD,53.501234143723700,-2.380981871628020
Solitaire and Vulture,OL1 2RL,53.555302000000000,-2.155194000000000
Lemming and Night heron,M40 3PW,53.514840621320300,-2.166087000000000
Stilt and Diving bird,M8 0AE,53.500466149700000,-2.229814000000000
Cloud rat and Polecat,OL16 9EJ,53.611534000000000,-2.148783000000000
Cuscus and White ibis,M40 1RJ,53.493495384488900,-2.170721364755250
Nukupuʻu and Diving bird,M25 3JA,53.530677269551200,-2.292781439291910
Mamo and Francolin,M25 1GY,53.530023946460100,-2.272592086494660
Herring gull and Zebra,OL9 0LN,53.547225453185500,-2.152526000000000
Bunting and Kestrel,BB4 5LR,53.705568880000000,-2.321580677000000
Fox and Civet,BL1 8HQ,53.589167705771200,-2.427607621505140
Asiatic leopard and Diving bird,M30 8LN,53.485540054355400,-2.363751664583410
Black cockatoo and Rat,OL11 5NS,53.624471726815700,-2.216139972901970
Thicketbird and Goose,M43 7UQ,53.484858783199300,-2.149679379133340
Armadillo and Moluccan boobook,M4 7DU,53.480671002312900,-2.214021270866850
Hawaiian honeycreeper and Polecat,OL16 1SX,53.614342943113600,-2.151165636913450
Condor and Wallaby,M24 2GN,53.564537067852400,-2.184445023628680
Puffleg and Rat,BL0 0AS,53.644733860000000,-2.309076432000000
Marsh harrier and Petrel,M28 7UH,53.513011437655600,-2.410116261165570
Bronzewing pigeon and Grosbeak,OL8 1DL,53.539021051206100,-2.119390925651350
Duck and Myna,M5 5AP,53.484127559424800,-2.321771000000000
Cuscus and Puffleg,M45 7ES,53.544376517579600,-2.292393138441550
Rabbit and Guillemot,OL8 4QH,53.523284507810200,-2.134339470459780
Songlark and Thrasher,OL13 0DS,53.697913904361400,-2.200810324243180
Thrasher and Songlark,M45 7AZ,53.541597697304500,-2.289280533188400
Minke whale and Philippine hawk-owl,M9 6QS,53.534299778312100,-2.211832691210370
Mink and Chicken,OL10 4RP,53.595761759000800,-2.240439956507000
Zebra and Dolphin,M24 5AE,53.561414000000000,-2.204073000000000
Fulmarine petrel and Rabbit,BB4 6HB,53.693819262423400,-2.289006726787290
Chickadee and Old World warbler,OL16 5LX,53.608491000000000,-2.137573000000000
Duck and Peafowl,OL2 6BL,53.559911299780200,-2.118030800597350
B and Snipe,M38 0EA,53.529504524458200,-2.425738537285030
Viscacha and Puffleg,M9 0GR,53.533478145947200,-2.242153536520280
Nukupuʻu and Chicken,M35 9BB,53.515578112546300,-2.152110226180960
Armadillo and Civet,M5 0PE,53.481217000000000,-2.280430000000000
Recurvebill and Songlark,OL1 2QT,53.556812737681000,-2.148122220476510
Ice seal and Petrel,M40 7UX,53.489847227561800,-2.224346316706820
Duck and Eagle,M45 8XR,53.555039267529000,-2.291349699543910
Badger and Myna,OL9 9TG,53.544688226690000,-2.167924489730050
River dolphin and Parrotbill,M8 8BX,53.496453809530500,-2.251378579408960
Condor and River dolphin,BL8 4AY,53.620142670000000,-2.341868890000000
Kite and Marmoset,OL12 6NW,53.631570786491200,-2.166636622989070
B and Tit-tyrant,M27 9PX,53.514120721460900,-2.349579870428790
Zebra and Mamo,M2 7AT,53.481311264606400,-2.245306000000000
Maya and Fulmarine petrel,BL1 8QR,53.602433000000000,-2.431655299000000
Elephant and Moluccan boobook,M8 0NN,53.509057014858200,-2.237505731592110
Partridge and Wader,BL1 2NY,53.583404620000000,-2.431672758000000
Stint and Badger,OL16 2JZ,53.621254639559900,-2.144099889450380
Fox and Tattler,M9 5PD,53.509125063975100,-2.210832441367920
Perching duck and Solitaire,OL2 6ST,53.577190251905900,-2.123531056520420
Darwin's finches and Black cockatoo,OL16 2NT,53.629556845507900,-2.138971871683180
Tit-tyrant and Piping shrike,BB4 7RR,53.702698560000000,-2.283705114000000
Petrel and Recurvebill,M38 9WB,53.530487904418900,-2.409259342211570
Magpie and Bunting,M26 4HJ,53.572928871929600,-2.334888464085480
Mockingbird and Thicketbird,BL1 7LN,53.613684990000000,-2.441882540000000
Marsh harrier and Myna,BL9 8JE,53.565362250000000,-2.274314208000000
Thicketbird and White ibis,M40 9WE,53.512992000000000,-2.199708000000000
Jackal and Kangaroo,M3 6DU,53.484630614147700,-2.261329963442030
New World blackbird and Vole,M45 7JN,53.552575062306800,-2.302758807244790
Coati and Jay,BB4 8SH,53.700797190000000,-2.289493553000000
Rat and Viscacha,M60 1HX,53.487361026924400,-2.227196609855210
Fulmarine petrel and Partridge,OL16 4JN,53.611283187615800,-2.123116849956300
Dolphin and B,BB4 7RB,53.704687700000000,-2.282536943000000
Nukupuʻu and Parrotlet,BB4 5QT,53.705882670000000,-2.325203605000000
Mole and Egret,M26 1BW,53.551567732250600,-2.323580647952450
Grosbeak and Philippine hawk-owl,BL8 2HT,53.588286040000000,-2.333061206000000
Rabbit and Macaw,OL11 1JN,53.608829641823300,-2.153911750024260
Kite and White ibis,M24 1JY,53.539204360627400,-2.197899813870720
Grouse and Buzzard,OL12 0EN,53.628086480242300,-2.150746090851830
American sparrow and Petrel,M3 5NE,53.483785000000000,-2.249375000000000
Bronzewing pigeon and Darwin's finches,M45 8HS,53.548509230661700,-2.270311275960350
Myna and Old World vulture,OL2 5QT,53.568543000000000,-2.124986000000000
Pitohui and Myna,BB4 6QR,53.698442480000000,-2.314362252000000
Diving bird and Moluccan boobook,M28 7DU,53.518237308712400,-2.401117736609890
Mamo and Towhee,OL11 1QL,53.603614984004900,-2.161826562030920
Egret and Puffleg,M35 0JN,53.504378675032300,-2.171895908000770
Kangaroo and Cuscus,BB4 8JD,53.711692490000000,-2.288795724000000
Pitohui and Parakeet,OL16 4PL,53.599344486614800,-2.141260000000000
Maya and Boto,M43 7JY,53.485851710888200,-2.130815097209300
Dorcopsis and Boto,OL11 2TW,53.587588480127200,-2.174877492007190
Mouse and Scimitar babbler,BB4 7TB,53.701722700000000,-2.266385337000000
Philippine hawk-owl and Cloud rat,M6 8DS,53.487827382847200,-2.314790891875890
Siskin and Puffleg,M7 1ND,53.497936020737300,-2.264275993306200
Pheasant and Myna,BL1 6QA,53.598647760000000,-2.434457432000000
Stint and River dolphin,OL11 1NJ,53.605136709326500,-2.152946210226710
Grosbeak and Old World warbler,OL9 9RU,53.549729375075700,-2.162375231727510
B and American sparrow,M25 1NP,53.531559758950300,-2.277022266190110
Polecat and Grouse,M11 4JW,53.487698993536300,-2.182106631477750
Greenbul and Tahr,M6 6AS,53.493807867432300,-2.273354375568320
Armadillo and Kākāriki,M6 6ST,53.502982132068200,-2.289499000000000
Elephant and Chipmunk,BL9 8HG,53.560714420000000,-2.289909245000000
Cuscus and Snipe,BL4 9LZ,53.541389950000000,-2.401578148000000
Tahr and Hawaiian honeycreeper,M24 4JU,53.554716239052400,-2.224463286374190
Magpie and Warbler,M38 9NH,53.529287312498100,-2.408131423746650
Rat and Polecat,M11 3RR,53.482242272873500,-2.205033000000000
Stint and Hawk,M6 6TZ,53.502143398694500,-2.291001656869600
Diving bird and Jay,M9 6NB,53.527368697122400,-2.222297130420310
Night heron and Dolphin,M27 8QZ,53.520116642586500,-2.320505277533850
Triller and Bunting,M28 7XS,53.510189330458200,-2.404766166222410
Zebra and Rat,BB4 5HQ,53.706930260000000,-2.326681148000000
Badger and Jackal,BL9 6LU,53.601145660000000,-2.289173813000000
Dorcopsis and Mouse,M30 9PE,53.488954326060500,-2.352206149035670
Diving bird and Ibex,M8 8QF,53.492042349401500,-2.237289975312940
Nukupuʻu and Scimitar babbler,OL11 5JS,53.613098613492300,-2.191534401891190
Dorcopsis and Piping shrike,M6 8QH,53.494790647408400,-2.312430767835950
Myna and Vole,M9 4LJ,53.507296426222000,-2.202756767113830
Ground sloth and Asiatic leopard,M7 4RZ,53.503886911745000,-2.247231319472680
Perching duck and Maya,BL2 2QY,53.587569000000000,-2.405370000000000
Black jay and Philippine hawk-owl,OL12 0ND,53.623807238109200,-2.158350900564630
Civet and Argus,OL13 9QY,53.698030926928700,-2.200704861263600
Night heron and Mouse,BL8 2HH,53.586624790000000,-2.342051313000000
Fish eagle and Myna,BL8 2DS,53.584675420000000,-2.332096269000000
Marmoset and Kestrel,BL9 7NW,53.598327930000000,-2.267909676000000
Jay and Piping shrike,M45 7FP,53.539856989228200,-2.291728216783340
Old World quail and Recurvebill,OL10 1RN,53.594455579140400,-2.203249892213680
Marsh harrier and Lemming,OL9 7EH,53.537671854500000,-2.132997210800000
Shearwater and Dorcopsis,BL2 4JT,53.597395920000000,-2.376891047000000
Maya and American sparrow,M40 3GN,53.516120130833500,-2.163242000000000
Ground sloth and Recurvebill,M40 3ST,53.514974590092200,-2.159980055262860
Vulture and Chipmunk,M25 0FE,53.523591229505600,-2.254963341278760
Stint and Myna,M35 0UE,53.504213166155400,-2.174458264994100
Warbler and Tattler,M5 4AF,53.484026990236900,-2.277872564612870
American sparrow and Grosbeak,M40 0JX,53.524026891215700,-2.172186734251690
Armadillo and Diving bird,M50 1AY,53.483601000000000,-2.322520000000000
Chickadee and Chicken,BB4 5DY,53.703834590000000,-2.328050763000000
Tree warbler and Mamo,BL9 5HR,53.612077230000000,-2.295778274000000
Mockingbird and Mole,M8 9EH,53.510820384474700,-2.245582864420060
Greenbul and Gull,M9 6HL,53.530595165178700,-2.196894118330110
Old World warbler and Hawaiian honeycreeper,M27 6WW,53.531223241243700,-2.350414774618970
Bronzewing pigeon and Chipmunk,BB3 2FR,53.672339000000000,-2.437605000000000
Skunk and Mockingbird,M43 6QQ,53.483011375909200,-2.153440142541440
Egret and Chipmunk,M4 7JG,53.484570094381700,-2.220008512211530
Marmoset and Skunk,M27 5UF,53.510161010392000,-2.338765916595350
Snipe and Grosbeak,BL3 6QP,53.566364390000000,-2.431197145000000
Ibex and Goose,OL11 2JX,53.601404376151100,-2.147553112152670
Vole and New World blackbird,OL11 5HT,53.609689227613500,-2.209308346829400
Bunting and Stint,M3 6DW,53.486230000000000,-2.262122729624410
Guillemot and Old World vulture,M6 8FB,53.491823456205600,-2.322944469343390
Old World warbler and Argus,BL0 9TB,53.630455050000000,-2.331276417000000
Argus and Logrunners,M24 5WP,53.560625259644600,-2.207510820374710
Buzzard and Treepie,OL11 3RN,53.606299761393900,-2.163816640034500
Maya and Condor,M40 5QJ,53.519558000000000,-2.186163608009120
Cuscus and Mockingbird,M7 1BN,53.491940779900000,-2.262294630300000
Hawaiian honeycreeper and Wallaby,OL9 6AF,53.541206000000000,-2.119322000000000
Booted eagles and Bronzewing pigeon,OL12 7DA,53.625076677553400,-2.176121275340380
Partridge and Night heron,M30 0LR,53.483652813301400,-2.342457000000000
Mole and Tahr,M11 4AA,53.483648021300000,-2.189006349800000
Partridge and Old World warbler,OL10 4AG,53.602283761224800,-2.223718325521770
Argus and Parakeet,BL8 4HN,53.628731700000000,-2.340033110000000
Crow and Meadowlark,OL12 0JE,53.625366614126900,-2.154985037785950
Coati and Chicken,M38 9GU,53.533000540067100,-2.423344623671250
Logrunners and Chicken,M61 0PZ,53.487378000000000,-2.227209000000000
Mamo and Thrasher,OL12 7BQ,53.622498536988900,-2.175112688930380
Flameback and Masked owl,M26 4DH,53.567357454497900,-2.331175325780450
Meadowlark and Grouse,M6 8LQ,53.495329330903200,-2.323287000000000
Stint and Prion,OL10 3EG,53.592985824701200,-2.225874952661420
Argus and Fulmarine petrel,OL10 4PW,53.595193537828900,-2.227669605226110
Skunk and Badger,M26 2AB,53.570858413700000,-2.311194982100000
Goose and Masked owl,M8 8QN,53.493019826540800,-2.238425888796600
Guillemot and Philippine hawk-owl,OL10 1QD,53.593983197780900,-2.206163578051320
Marsh harrier and Dolphin,M28 8FQ,53.513067000000000,-2.362206000000000
Jerboa and Egret,M9 7EB,53.521669415854800,-2.191543516446710
Fish eagle and Wader,M4 6BU,53.481621187855300,-2.220385022104170
Boto and Thrasher,OL9 9SP,53.547056977263200,-2.150849904759190
Stilt and Recurvebill,BL8 1WD,53.609856500000000,-2.327079534000000
Maya and Cuscus,BL7 0AY,53.647332240000000,-2.391677548000000
Mink and Parakeet,OL13 9QU,53.696953780380000,-2.199851586732570
Songlark and Pitohui,M6 6JJ,53.502769151760300,-2.288714370182250
Hawaiian honeycreeper and Recurvebill,M40 9DH,53.510131724010400,-2.195216000000000
Cloud rat and Argus,M24 1NZ,53.535571667873300,-2.204068841028520
American sparrow and Macaw,M43 7DF,53.484135481756100,-2.145834104161260
Vulture and Recurvebill,M9 6JP,53.527903784018700,-2.209718998906030
Marsh harrier and Thrasher,OL10 3DX,53.588618131310300,-2.230262783489150
Bunting and Kite,M6 6LD,53.491378803487000,-2.278191960830550
Mamo and Peafowl,M27 5RH,53.498095766067400,-2.348935000000000
Maya and Condor,OL12 8JS,53.666386570269000,-2.169650000000000
Mole and New World blackbird,OL12 7DX,53.625859170881500,-2.181779401150780
Ground sloth and Warbler,M28 7HE,53.514211324265700,-2.403537774917920
Mouse and Solitaire,M27 6ST,53.529188340703200,-2.345449900484650
Parrotbill and Asiatic leopard,M28 2NT,53.501090405176900,-2.360492000000000
Mockingbird and Solitaire,M30 0QX,53.483464409858300,-2.351512660588950
Perching duck and Grosbeak,BL3 1NG,53.564507270000000,-2.365410694000000
Linsang and Mouse,M3 6FZ,53.485934000000000,-2.265314000000000
Kangaroo and Night heron,BL7 0HP,53.627400000000000,-2.385188000000000
Magpie and Black jay,BL9 9LD,53.580617840000000,-2.303095251000000
Dolphin and Chickadee,BL2 6LH,53.576673100000000,-2.386810152000000
Masked owl and Pratincole,M8 4WA,53.527779150548900,-2.246721925056820
Hawk and Masked owl,BL3 1RZ,53.569297950000000,-2.401857760000000
Elephant and Ibex,M11 3BR,53.480647132331500,-2.196541939771300
Boto and Herring gull,BL2 3QA,53.599402350000000,-2.387501437000000
Treepie and Dolphin,OL9 0NT,53.549910214335400,-2.168096121828900
Gull and Kite,BL8 2RB,53.595434720000000,-2.315394449000000
Flameback and Elephant,M4 4GW,53.486426000000000,-2.240692000000000
Partridge and Cuscus,BL3 1PP,53.561342820000000,-2.362635748000000
Hawaiian honeycreeper and Herring gull,M43 7TP,53.490025030464400,-2.128341151463390
Songlark and Grackle,M24 4GB,53.543231253677400,-2.228084537289800
Eagle and Black jay,BL1 8UH,53.601809850000000,-2.414708990000000
Black cockatoo and River dolphin,OL2 5NJ,53.563770270642100,-2.140205128124450
Egret and Old World quail,M45 7WR,53.551092544075900,-2.302536909843120
Boto and Mouse,M8 8RF,53.494856896257700,-2.236702771520620
Hawaiian honeycreeper and Old World warbler,M28 3HH,53.522968171540700,-2.383801491047840
Hawk and Cloud rat,BL2 5EB,53.587017840000000,-2.389835265000000
Cuscus and Fox,BB4 7TZ,53.697042530000000,-2.256950417000000
Prion and Moluccan boobook,OL8 1AA,53.531468919039800,-2.121285597088700
Mouse and Macaw,BL4 9QX,53.546614480000000,-2.411482570000000
Rabbit and Night heron,M24 1SL,53.536253000000000,-2.171377951264770
Booted eagles and Gull,BL0 9EJ,53.646945460000000,-2.322510747000000
Vole and Wader,BB4 4AY,53.690245000000000,-2.328142000000000
Goose and Black cockatoo,M6 7PD,53.499165110616800,-2.320316970067630
Jackal and Egret,BL9 5DF,53.604050350000000,-2.292261447000000
Civet and Diving bird,M43 7NG,53.487004977985400,-2.144035501010720
Jackal and Dorcopsis,BL9 0BJ,53.590973990000000,-2.295268175000000
Booted eagles and Quetzal,BL0 9TU,53.630529990000000,-2.326906839000000
Philippine hawk-owl and Old World warbler,M3 6FR,53.484010820400000,-2.263089000000000
Logrunners and Warbler,BL0 0PA,53.665035310000000,-2.317064505000000
Asiatic leopard and Fox,OL16 2XS,53.620665450395200,-2.132865138225780
Stint and Civet,BL7 9US,53.627651410000000,-2.437371339000000
Hawk and Warbler,M38 9TD,53.535857128515300,-2.431369761074010
Polecat and Magpie,M28 7JP,53.514669564192300,-2.384510630932590
Fish eagle and Snipe,M30 9ET,53.488696927318700,-2.335459924128840
Old World warbler and Bronzewing pigeon,BL1 8QU,53.603017060000000,-2.431706594000000
Masked owl and Grouse,M40 1LR,53.499345547171600,-2.177769806943040
Asiatic leopard and Mink,BL3 6JW,53.569964430000000,-2.439780455000000
Condor and Masked owl,OL12 0SY,53.635446366851000,-2.165442048336950
Dolphin and Songlark,BL9 9HA,53.582504990000000,-2.284983343000000
Vulture and Recurvebill,OL12 9JW,53.648377211840800,-2.131863189217250
Vulture and Warbler,OL10 1PT,53.591996748800000,-2.213663000000000
Mink and Mamo,M45 6TS,53.542138000000000,-2.281633000000000
Rat and Lemming,BL7 0BL,53.649740920000000,-2.391730141000000
Masked owl and Armadillo,OL2 6UU,53.582537452701300,-2.132684889719690
Siskin and Diving bird,BB4 9SS,53.697316090000000,-2.246547076000000
Songlark and Ibex,BL2 3LL,53.602373210000000,-2.399723748000000
Dorcopsis and Fox,M9 6LN,53.526957230976700,-2.200874673440110
Bronzewing pigeon and Elephant,M6 8GE,53.492057000000000,-2.312907000000000
Capuchin and Piping shrike,BL0 9JH,53.645041740000000,-2.321845756000000
Stint and Civet,M35 9SA,53.502505073986300,-2.140635721394810
Parrotbill and American sparrow,OL10 2DZ,53.588394015512700,-2.210441717564500
Dorcopsis and Tattler,M30 8LD,53.494640674209100,-2.371125077681670
Petrel and Rat,M26 6BL,53.558767000000000,-2.326456000000000
Mockingbird and Solitaire,M1 1DU,53.482063012595400,-2.233828678068990
Old World vulture and Parrotlet,M25 9NT,53.524179383424500,-2.277411495092770
Civet and Old World vulture,OL13 3DA,53.703933000000000,-2.201384000000000
Old World quail and Old World quail,M24 4WL,53.552093479099700,-2.223483396370670
Tit-tyrant and Bronzewing pigeon,M7 3GU,53.508502000000000,-2.282302821872650
Jerboa and Pitohui,M3 7FL,53.486103000000000,-2.253289000000000
Condor and Puffleg,OL10 4QZ,53.595197035135500,-2.235148589017540
Philippine hawk-owl and Fulmarine petrel,OL12 6JJ,53.628479718161700,-2.166004469628860
Thicketbird and Bronzewing pigeon,M8 4HU,53.519322405559700,-2.254651126940170
Parrotbill and Condor,M9 8FJ,53.524403525801900,-2.226550307240410
Old World warbler and Songlark,OL12 6LD,53.625762000000000,-2.168744963938590
Booted eagles and Mink,OL1 2JX,53.552657141517300,-2.118614321982390
Tree warbler and Grouse,M50 1DX,53.481473798447100,-2.307405404429080
Rabbit and Kite,M8 0LT,53.502698039464900,-2.244028258576890
Meadowlark and Tattler,M8 0BH,53.509912765779400,-2.227212000000000
Gull and Wallaby,OL12 8DL,53.666823109867900,-2.172527037455780
Guillemot and Chicken,BL9 9AX,53.583264770000000,-2.297782212000000
Chipmunk and Night heron,OL9 9LZ,53.541193000000000,-2.132103464520940
Marmoset and Skunk,M26 2GY,53.563791598822500,-2.316985656269790
Jackal and Fox,BB4 9TF,53.698885250000000,-2.243996559000000
Polecat and Tahr,BL2 2HE,53.589048290000000,-2.419327529000000
Buzzard and Rabbit,M28 7GA,53.512635712912400,-2.398968724249960
Linsang and Crow,BB4 6BN,53.694144980000000,-2.289902204000000
Moluccan boobook and Snipe,M38 9SG,53.539908474585900,-2.421980084788490
Armadillo and Hawaiian honeycreeper,OL13 0NH,53.691400643681400,-2.238289587251980
Kestrel and Darwin's finches,M45 6GG,53.549144704319200,-2.294282426396860
Argus and Black cockatoo,BB4 7EF,53.682905200000000,-2.243570996000000
Linsang and Buzzard,M9 7DS,53.522976292539800,-2.194897912108400
Tit-tyrant and Vulture,BL7 9DS,53.614763750000000,-2.426989339000000
Ibex and Grackle,M27 6GD,53.521574991284400,-2.336051627728220
Hawaiian honeycreeper and Puffleg,M26 2XR,53.570692740414200,-2.314304148244580
Duck and Myna,M8 0TX,53.500712000000000,-2.239917086235250
Ibex and Quetzal,M24 6JD,53.566125835586200,-2.197059314870110
Rabbit and Darwin's finches,OL9 7HD,53.526685752004000,-2.139011396155310
Thicketbird and Goose,M27 9GE,53.517018836700000,-2.355998476800000
Jay and Black jay,M9 8QL,53.515855000000000,-2.222734000000000
Jay and Tree warbler,M45 7WE,53.548736060138600,-2.299577053333680
Partridge and Meadowlark,OL8 3DE,53.526187991800500,-2.117046839207100
American sparrow and Maya,BL0 9AU,53.642811000000000,-2.316217000000000
Asiatic leopard and Tattler,BL7 0BR,53.641809230000000,-2.384668503000000
Mamo and Marsh harrier,OL12 7BU,53.622903845376300,-2.174539850948690
Maya and Prion,M40 0FZ,53.518135410195100,-2.174998146763320
Nukupuʻu and Greenbul,BL9 0SW,53.590171260000000,-2.299991144000000
Recurvebill and Herring gull,BB4 6JH,53.693568910000000,-2.304709314000000
Chicken and White ibis,BL2 3LD,53.603308350000000,-2.391466327000000
Treepie and Rat,OL12 7RN,53.628081233726100,-2.208129316397970
American sparrow and Cloud rat,M40 3NS,53.518518819859900,-2.170927667087530
Scimitar babbler and Rabbit,M28 1YE,53.499146995769800,-2.424198030405530
Snipe and Ibex,OL9 7BU,53.532408000000000,-2.134776000000000
Nukupuʻu and Egret,M5 4NE,53.482612000000000,-2.264196000000000
Old World quail and Diving bird,M28 3SL,53.520840655459300,-2.404762173104370
Philippine hawk-owl and Ground sloth,M30 8WP,53.487145958451900,-2.361791158572470
Piping shrike and Solitaire,M7 2AH,53.503285230245500,-2.259680860733650
American sparrow and Thicketbird,M7 4AF,53.506041671405100,-2.252701854622900
Meadowlark and Chipmunk,BL2 6BD,53.582234000000000,-2.414635427000000
Duck and Chipmunk,BL78 7NA,53.588487400000000,-2.425440191000000
Myna and Duck,BL2 4ER,53.599957610000000,-2.376883643000000
Scimitar babbler and Old World quail,BL0 9QP,53.636188500000000,-2.331654089000000
Peafowl and Buzzard,OL11 3BG,53.590266436366600,-2.181278929931730
Kestrel and Fox,OL9 9SN,53.546395655470400,-2.147799043258470
Tit-tyrant and Viscacha,M1 2AE,53.481184000000000,-2.233477000000000
Zebra and Kākāriki,OL11 2HR,53.598927198685900,-2.151866018966940
Thicketbird and Booted eagles,M24 2HZ,53.552825886385300,-2.184046860956420
Stilt and Wallaby,M30 9JA,53.490225929047200,-2.347695171571400
Shearwater and Guillemot,OL16 2DP,53.621184181194900,-2.150222551262690
Towhee and Songlark,M40 7PD,53.490460835976700,-2.223068458275390
Cuscus and Condor,M24 4HD,53.556446639035600,-2.226766927340890
Magpie and Pitohui,M3 7AF,53.489358611524800,-2.252949219386830
Myna and Grouse,OL12 0HX,53.625124481459800,-2.154560797959890
Jackal and Partridge,M38 9AQ,53.536104000000000,-2.422589000000000
Ice seal and Old World vulture,M7 4GY,53.516571924454500,-2.254664780469650
River dolphin and Bunting,BL1 3NP,53.590427890000000,-2.435702517000000
Thicketbird and Polecat,BB4 4QS,53.687730382284300,-2.335330281585300
Mink and Stilt,M38 9NY,53.531431815317000,-2.417022854637350
Thicketbird and Diving bird,M7 4NE,53.513783563533400,-2.263846878630090
Petrel and Myna,M3 6BW,53.484872000000000,-2.258287000000000
Dorcopsis and Peafowl,M11 4NW,53.483680552499700,-2.176528805689460
Argus and Mamo,OL10 2PY,53.583362474025500,-2.224222476724550
Flameback and Myna,BL0 0AJ,53.647479830000000,-2.303786695000000
American sparrow and Night heron,BL0 9JD,53.643939630000000,-2.320566735000000
Ice seal and Polecat,M9 4FX,53.515741201387100,-2.199992114342920
Linsang and B,M45 8HL,53.546269578031900,-2.274930114549390
Recurvebill and Coati,M26 1HJ,53.548444087775800,-2.371550662865130
Tattler and Crow,BL2 3NS,53.595167740000000,-2.390605351000000
Lemming and Chicken,M45 8ER,53.548101000000000,-2.276195000000000
Hawk and B,M38 9RL,53.534269243385100,-2.425499697700380
Goose and Dolphin,M34 5GY,53.482777079704300,-2.131348104601070
Pitohui and Fish eagle,M24 5SF,53.554242411184400,-2.202936130783120
Jay and Thicketbird,M40 1NZ,53.499207044778100,-2.174166335810570
Black jay and Lemming,M7 2GU,53.507324737426400,-2.257971632426370
Warbler and Civet,OL13 9HR,53.705453794879800,-2.190515004962600
Egret and Solitaire,OL11 5UR,53.618373316879400,-2.228172381687220
Parrotbill and Kangaroo,M6 6RX,53.500367000000000,-2.290266000000000
Pitohui and Peafowl,M28 1DN,53.504847607434800,-2.433964000000000
Hawk and Argus,OL12 6DE,53.633240574162100,-2.168079858835500
Egret and Fox,M9 4WX,53.510425270938700,-2.196860812729870
Zebra and Macaw,M35 9GR,53.508752360693700,-2.147788445955340
Rabbit and Coati,M8 8HE,53.497235031614800,-2.251744985084140
Nukupuʻu and Maya,M27 8JR,53.521968461447800,-2.320428768115700
Vulture and Boto,M7 1RY,53.492941738445900,-2.258668027535940
Snipe and Jerboa,BB4 9BL,53.694655100000000,-2.246788970000000
Ice seal and Jay,OL9 6PW,53.544868599105800,-2.131616088552420
Moluccan boobook and Black jay,BL4 9HT,53.545348680000000,-2.403109684000000
Stint and Mouse,BL4 7HU,53.555415730000000,-2.413620921000000
Bunting and Logrunners,OL9 8QG,53.538052974939600,-2.141613767785560
Tit-tyrant and Darwin's finches,OL12 8SL,53.644801530690000,-2.179002011822730
Marmoset and Solitaire,BL7 0AL,53.643738050000000,-2.394079579000000
Marsh harrier and Masked owl,M28 3FY,53.524234079815600,-2.387040879223540
Rabbit and Stilt,M24 5AD,53.559955000000000,-2.209740000000000
New World blackbird and Egret,M8 4LP,53.525856798191500,-2.250481826831480
White ibis and Scimitar babbler,BL1 4SN,53.577433420000000,-2.437426462000000
Darwin's finches and Recurvebill,M24 2NU,53.559399484608000,-2.182007244955320
Jay and Old World warbler,BL1 1DF,53.579248720000000,-2.427582677000000
Dorcopsis and Masked owl,BL1 3HS,53.590826090000000,-2.442308617000000
Snipe and Macaw,BL8 2HL,53.587813600000000,-2.328389604000000
Shearwater and Hawk,BB4 7AT,53.693028780000000,-2.250853193000000
Maya and Jackal,BL7 0JR,53.659484190000000,-2.386191405000000
Tit-tyrant and Treepie,M45 8HQ,53.547466049084300,-2.270546095079560
Badger and Viscacha,M7 4SG,53.504902404117900,-2.247327695824890
Buzzard and Herring gull,M40 0FY,53.518954341693100,-2.174322842402780
Pratincole and Parrotbill,M25 3HH,53.532042508408300,-2.289501995942440
Bunting and Civet,OL2 6UA,53.571651190451700,-2.125704465526530
American sparrow and Parakeet,BL4 9SU,53.540024720000000,-2.401278520000000
Triller and Black jay,M50 1DH,53.482226212759300,-2.308149000000000
Minke whale and White ibis,BL2 1PE,53.572082750000000,-2.407637605000000
Songlark and Maya,OL16 5AL,53.616612893109200,-2.131839573612420
Badger and Grouse,M6 8QJ,53.493225835442900,-2.305802306599060
Partridge and Linsang,M30 0LJ,53.483575079138800,-2.338086763863610
Tattler and B,M35 0GP,53.501224618488100,-2.151335128248480
Partridge and Towhee,M8 8XB,53.504258788172200,-2.232126664757990
Lemming and Kangaroo,M40 3RP,53.521294524866800,-2.159159272088050
Mink and Triller,M27 4EB,53.508752764072500,-2.324762018339890
Fox and Bunting,OL10 1JZ,53.592871729880100,-2.219574229110930
Parakeet and Tree warbler,BL0 9LE,53.639026880000000,-2.315750048000000
Goose and Ground sloth,M9 8NN,53.519435658223600,-2.220294887028040
Piping shrike and Rabbit,M7 1SP,53.492999000000000,-2.253318000000000
Pitohui and Armadillo,M60 3LX,53.487361026924400,-2.227196609855210
Rabbit and Mamo,OL11 2DA,53.594460000000000,-2.152545000000000
Kite and Triller,M35 0AG,53.508576828041200,-2.165127738519200
Old World vulture and Parakeet,M43 7AG,53.484532694507600,-2.144418921997430
Hawk and Booted eagles,M9 7EF,53.523370191334400,-2.211672509627960
Asiatic leopard and Scimitar babbler,M25 9XB,53.518996575143500,-2.283576272847250
Rat and Shearwater,OL9 7HA,53.528096340269900,-2.139513832163060
Pheasant and Shearwater,BL1 7DR,53.612106470000000,-2.438510485000000
Mockingbird and B,BL2 3NF,53.598414650000000,-2.389955361000000
Rat and Wallaby,M45 8HU,53.549117898665900,-2.271432011829830
Prion and Marsh harrier,M24 5UD,53.552866350444800,-2.198084387558980
Armadillo and Wallaby,M26 3LR,53.569913991677800,-2.351369000000000
Diving bird and Piping shrike,M8 8UJ,53.504353774611400,-2.234117308525370
Solitaire and Philippine hawk-owl,OL13 0HP,53.689506461157400,-2.218229863779430
Masked owl and Gull,M1 2EF,53.481626257316100,-2.231822000000000
Dorcopsis and Coati,M7 2ES,53.506347840354500,-2.264886228890710
Stint and Myna,BL9 8LJ,53.561000640000000,-2.282996846000000
Parakeet and Grosbeak,OL10 3JQ,53.592563239901900,-2.239787238977730
Kestrel and Petrel,M27 5NT,53.505804707806000,-2.334479369763260
Logrunners and Gull,BL1 7DL,53.611996650000000,-2.441487024000000
Moluccan boobook and Pheasant,M27 8RX,53.517431503035700,-2.319610277312760
Night heron and White ibis,M3 5BF,53.483517689281800,-2.252206179395630
Partridge and Hawaiian honeycreeper,OL12 8DN,53.666943000000000,-2.171408000000000
Grackle and Armadillo,M9 6GU,53.535559047897100,-2.211325999689900
Masked owl and Fish eagle,OL2 5SA,53.575562879420500,-2.132376071489260
Egret and Condor,BL9 5BA,53.600830680000000,-2.293024978000000
Grouse and B,BL9 9HZ,53.583285920000000,-2.292858198000000
Coati and Recurvebill,OL9 7DL,53.531604154117900,-2.137488725007570
Marmoset and Magpie,BL0 0GZ,53.677909340000000,-2.305565063000000
Magpie and Fox,M28 7FN,53.518240198708100,-2.383819059409690
White ibis and Argus,M28 2NG,53.501012998958000,-2.374165728710250
Stint and Skunk,M9 8ZS,53.514633886756700,-2.216454625428390
White ibis and Fulmarine petrel,BL1 3UW,53.591553530000000,-2.432647217000000
Tree warbler and Boto,BL3 1DG,53.564789680000000,-2.378639187000000
Logrunners and Lemming,M25 9RT,53.521956251781900,-2.282525165357220
Goose and Eagle,M29 8PJ,53.515189429300900,-2.439665177781240
Elephant and Cuscus,OL11 2LW,53.598534599345700,-2.156594098208520
Egret and Piping shrike,M30 9RD,53.486360161100000,-2.340249202700000
B and Goose,OL11 5SR,53.626537833764400,-2.211780802702790
Marmoset and Maya,BL9 8HZ,53.559872230000000,-2.285042425000000
Parrotlet and Grosbeak,BL2 2HX,53.589562000000000,-2.413439000000000
Grackle and Argus,OL2 6ZB,53.569920000000000,-2.123162000000000
Old World quail and Fox,BL1 3DX,53.589197190000000,-2.440418332000000
Pheasant and Parrotlet,BL1 2JG,53.587114820000000,-2.432466000000000
Macaw and Coati,M27 8LL,53.521461000000000,-2.315719000000000
Maya and Armadillo,M4 7FN,53.480549000000000,-2.217260000000000
Towhee and Solitaire,M25 3DA,53.537143873722500,-2.279880272769380
Parrotlet and River dolphin,M40 2EB,53.502068000000000,-2.190611000000000
Chipmunk and Maya,OL8 3SG,53.519532860314000,-2.129365580583180
Duck and Francolin,M40 8PJ,53.500141669375400,-2.207968754087920
Zebra and Night heron,M40 9PS,53.515382606525900,-2.193973262971800
Marsh harrier and Grackle,BL9 8BZ,53.571037030000000,-2.288258458000000
Mouse and Grouse,BL1 3TQ,53.589618310000000,-2.435875469000000
Bunting and Rat,OL10 1JP,53.593788534622300,-2.224413712679640
Old World quail and White ibis,OL1 2JS,53.553798295844900,-2.118979782161670
Fox and Buzzard,M27 5SU,53.507557233902500,-2.340916352776680
Pheasant and Songlark,M6 6DJ,53.497181482425500,-2.279842912326100
Goose and Night heron,M6 8AU,53.490556677585600,-2.316001793089260
Myna and Elephant,M9 6NR,53.527638346029100,-2.222298543996750
Jackal and Zebra,OL10 4QB,53.593841754988300,-2.229520679928290
Logrunners and Old World warbler,M8 9LN,53.509192905858400,-2.241457037742670
Wader and Linsang,BL4 8PY,53.536419870000000,-2.367914688000000
Tree warbler and American sparrow,M24 4DE,53.545250009727800,-2.200010637842430
Guillemot and Jerboa,M8 0EF,53.501541341508700,-2.242649719945950
Kangaroo and Mole,M9 0WF,53.534703247941100,-2.227057968072410
Argus and Chipmunk,BL7 9EN,53.621036660000000,-2.437197086000000
Grouse and Recurvebill,M24 2PS,53.559302094507900,-2.192528888377610
Maya and Rabbit,BL2 2JZ,53.592996030000000,-2.411026848000000
Rat and Towhee,BL9 0RZ,53.589776040000000,-2.292631180000000
Marmoset and Warbler,M24 4BJ,53.552173387064700,-2.203937495587740
Fish eagle and Dolphin,OL10 2JF,53.587805524435900,-2.207734748922210
Ibex and Masked owl,OL10 2EP,53.587090696091600,-2.205284047467110
Diving bird and Ice seal,OL12 7SL,53.627121849373100,-2.211904693579230
Fox and Wallaby,OL11 5RR,53.620680568538800,-2.210043100340110
Hawaiian honeycreeper and Masked owl,BL1 2JQ,53.586910280000000,-2.431617865000000
Kestrel and Skunk,M26 3RH,53.564301764706600,-2.337477519532330
Argus and Thrasher,OL11 1RY,53.602382000000000,-2.163393000000000
Pheasant and Solitaire,M28 1AL,53.509226261926100,-2.430842804624110
Civet and American sparrow,OL10 3AG,53.590279233743700,-2.226464793011320
Thicketbird and Kākāriki,M43 7WR,53.488299197885600,-2.144130319424250
Minke whale and Ibex,M27 9QW,53.518353905858100,-2.358799506237900
Solitaire and Kestrel,M24 5RH,53.557519596697000,-2.205019928221100
Grouse and Masked owl,BL9 6SX,53.626628000000000,-2.285508000000000
Partridge and Warbler,M40 9GH,53.516500304211300,-2.192032925595630
Chipmunk and Bronzewing pigeon,BL3 1JA,53.562332510000000,-2.368200047000000
Kestrel and Towhee,M27 4JD,53.506221121316700,-2.313509993177610
Goose and Maya,BL3 3HP,53.558438040000000,-2.438226717000000
Skunk and Duck,BB4 9SA,53.712340640000000,-2.234923311000000
Chickadee and Quetzal,BB4 4AF,53.682979810000000,-2.328872674000000
Songlark and Grackle,BL9 5NQ,53.628584590000000,-2.311544000000000
Asiatic leopard and Flameback,OL2 6PY,53.569899647622100,-2.124581862204810
Jackal and Hawk,M6 6JS,53.503761951009100,-2.290741374153030
Stilt and Chipmunk,M6 5US,53.485414000000000,-2.280307000000000
Buzzard and Flameback,M30 9HX,53.487901777403000,-2.340638000000000
Mamo and Night heron,M9 0NL,53.533732713992100,-2.226947160303960
Cloud rat and Black jay,BL8 9RY,53.592643000000000,-2.310205000000000
Rat and Warbler,M30 8WW,53.488532588812600,-2.363958139815340
Hawaiian honeycreeper and Condor,M7 4BL,53.502590206494600,-2.256872457905870
Recurvebill and Partridge,M7 4GJ,53.507001782682200,-2.249209557543800
Recurvebill and Chipmunk,M45 7QT,53.558861000000000,-2.325795000000000
Eagle and Quetzal,OL9 7HT,53.529109337890700,-2.141795072869120
Ibex and Partridge,OL16 1PJ,53.612192055211800,-2.160136290734020
Goose and Stint,M7 3BG,53.511989285935200,-2.278191332212590
Warbler and Masked owl,M38 9UB,53.537837936688100,-2.430439320424080
Towhee and Cuscus,BL8 9TU,53.592643000000000,-2.310205000000000
Mockingbird and Kestrel,M35 0AZ,53.507477436439900,-2.167143882558670
Nukupuʻu and Zebra,M2 6AG,53.481200731339700,-2.246918450939870
Condor and Piping shrike,M9 4DT,53.513616758765400,-2.207130008124430
Nukupuʻu and Petrel,OL2 7LX,53.582949714227800,-2.116614860740280
Piping shrike and Perching duck,M7 3RB,53.507349079401300,-2.279125897129030
Triller and Tree warbler,OL10 4QT,53.593329627018200,-2.234050407593730
Snipe and Kangaroo,BL4 8AJ,53.547743730000000,-2.391043616000000
Cuscus and Quetzal,M43 7EB,53.481311049525600,-2.139902000000000
Coati and Shearwater,BL3 6DT,53.575464320000000,-2.432664073000000
Myna and Mamo,M24 2EZ,53.547689607023500,-2.173852000000000
White ibis and Kite,BL7 0EG,53.635753150000000,-2.403170001000000
Black cockatoo and Armadillo,M43 7SE,53.491357322386200,-2.156756027445520
Tattler and New World blackbird,BL2 6QF,53.580353360000000,-2.374247211000000
Logrunners and Armadillo,OL11 2TX,53.586931674998000,-2.175327958254680
Rat and Rat,OL9 6PY,53.544619088818400,-2.137666795588900
Chicken and Fish eagle,BL1 8TG,53.600466970000000,-2.425968623000000
Ground sloth and Lemming,M6 8SD,53.491348827200000,-2.296353930400000
Thicketbird and Jay,BL2 3GF,53.604088000000000,-2.392577000000000
Argus and Linsang,OL12 7TR,53.630324627143700,-2.229764203385730
Condor and Mockingbird,M27 0YE,53.504460054199000,-2.345836666946090
Meadowlark and Skunk,M45 7EA,53.543218364908300,-2.291841891277210
Dolphin and Duck,M27 9UT,53.520794247170800,-2.348171836698420
Stint and White ibis,M25 0FJ,53.524872611448400,-2.256811290743220
Towhee and Guillemot,M27 6BA,53.513950983224900,-2.343018607438180
Guillemot and Kangaroo,BL0 9DY,53.648193920000000,-2.319494683000000
Chickadee and Stint,BB4 7EQ,53.681698950000000,-2.244472427000000
Chipmunk and Grosbeak,BL0 0RA,53.667883780000000,-2.299937907000000
Skunk and Parrotlet,M27 5PN,53.506992843097700,-2.333885623792540
Argus and Asiatic leopard,M26 3AB,53.558568758417000,-2.333718240351480
Triller and Mink,BL0 0EE,53.654915710000000,-2.302750807000000
Meadowlark and Tahr,OL10 3ST,53.589505000000000,-2.240432000000000
Viscacha and Bunting,M30 8NU,53.486011325186500,-2.365428496613240
Duck and Pratincole,OL8 1DF,53.540504170375700,-2.119349839033620
Quetzal and Civet,OL16 3BH,53.616125332739800,-2.125534485170690
Thicketbird and Chipmunk,OL16 3BU,53.615113206677300,-2.122115237035920
Guillemot and Black jay,M35 0HY,53.504604769661000,-2.170931910699440
Marsh harrier and Tattler,M8 4YZ,53.506645234027000,-2.242980000000000
Parrotlet and Booted eagles,M40 9BS,53.507236516456400,-2.195564412150770
Puffleg and Meadowlark,M24 1LS,53.540478968379300,-2.198946942953580
Fox and Grouse,OL10 3LW,53.590288332099300,-2.249004890282200
Bronzewing pigeon and Solitaire,OL9 6SJ,53.544865420083700,-2.134468290208390
Piping shrike and Meadowlark,M27 9RL,53.517287053639700,-2.351822908351340
Diving bird and Black jay,M3 6AF,53.484135000000000,-2.254244000000000
Masked owl and Egret,BB4 7JH,53.693421000000000,-2.265470385000000
Skunk and Songlark,M6 6WX,53.492129724376900,-2.283758587725500
Wader and Warbler,M30 9HH,53.487056077925800,-2.343524812137850
Parrotlet and Old World vulture,BL3 3AD,53.564900780000000,-2.440648893000000
Magpie and Ground sloth,BL9 7PQ,53.594131010000000,-2.263592243000000
Old World quail and Fish eagle,M25 3EB,53.537029108566200,-2.278989304308090
Chicken and Perching duck,OL12 0LS,53.622344613407400,-2.156485817712970
Petrel and Old World quail,BB4 5RA,53.708633060000000,-2.325194531000000
Maya and Treepie,OL12 9DJ,53.629290000000000,-2.144808000000000
Badger and Meadowlark,OL12 8AN,53.662210789866500,-2.179575265088030
New World blackbird and Egret,M43 7WT,53.488331695119500,-2.146963776766340
Rat and Magpie,M24 6EG,53.560560707032500,-2.197878830272200
Siskin and Grackle,M40 8PS,53.500672690133600,-2.207564320646010
Condor and American sparrow,OL9 7BG,53.532989724187600,-2.136301360839910
Perching duck and Marsh harrier,BL2 6RL,53.574904580000000,-2.360214756000000
Mockingbird and Herring gull,M6 5DT,53.485499000000000,-2.286773000000000
Boto and Prion,BL9 0JE,53.593635470000000,-2.305620952000000
Scimitar babbler and Nukupuʻu,OL9 6LY,53.546262000000000,-2.132842013739120
Vole and Solitaire,OL13 0SF,53.693389896132800,-2.227382000000000
Stilt and Vole,OL11 5XD,53.617157630713100,-2.204598640963690
Parakeet and Black cockatoo,M26 2AF,53.570585295800000,-2.298448343400000
Booted eagles and Dorcopsis,BL8 2LH,53.591076420000000,-2.325756000000000
Night heron and Jerboa,OL16 4UX,53.605468937767400,-2.138484593131820
Piping shrike and Perching duck,OL10 1DF,53.590767443685100,-2.215197258482670
Parrotbill and Bronzewing pigeon,M11 4XB,53.485130000000000,-2.174559000000000
Nukupuʻu and Lemming,M8 5AJ,53.514343298100700,-2.241441106022850
Chicken and Warbler,M40 5ND,53.505184057729800,-2.191936476839940
Jackal and Lemming,M6 8FX,53.492949433584600,-2.325364660560700
Mockingbird and Recurvebill,M40 0AJ,53.512027000000000,-2.179436000000000
Minke whale and Shearwater,M40 2UB,53.494727095921600,-2.182664348243070
Coati and Chicken,BL1 7LU,53.613679160000000,-2.436123392000000
Parakeet and Cuscus,M9 4QE,53.511078096008500,-2.198869359052860
Masked owl and Mink,M30 0GU,53.484446000000000,-2.351249000000000
Partridge and Thicketbird,BL2 6HN,53.575437550000000,-2.390846214000000
Tit-tyrant and Thrasher,M6 8FY,53.490914051121400,-2.326721000000000
Tit-tyrant and Prion,M2 7HA,53.482839284223100,-2.245632034865900
Badger and Tattler,M7 2GD,53.504652631541400,-2.267303017693580
Grouse and Darwin's finches,M35 0BD,53.507025514051100,-2.168921262177390
Partridge and Magpie,M7 4HY,53.515335001450900,-2.253028651216540
Parakeet and Francolin,OL13 0RQ,53.692742464594300,-2.222956377889990
Darwin's finches and Mole,BL3 6TY,53.565055200000000,-2.442643484000000
Crow and Grouse,OL9 8AJ,53.528813583909500,-2.155536848571750
Chickadee and Minke whale,BB4 5RF,53.708012960000000,-2.321841719000000
Dorcopsis and Asiatic leopard,OL11 4RD,53.603649479821400,-2.187426457400000
Badger and Ibex,BL4 9QA,53.543939140000000,-2.407925351000000
Old World quail and Wallaby,BL2 6GF,53.579587080892200,-2.406713302915560
Petrel and River dolphin,BL3 1BD,53.562549000000000,-2.374211000000000
Fulmarine petrel and Old World vulture,M43 7PB,53.490019965610000,-2.148220565558000
Triller and Armadillo,M40 9QA,53.514670093624400,-2.195462959272830
Asiatic leopard and Parrotbill,OL2 5HA,53.560611900610600,-2.135424117414440
Perching duck and Crow,OL13 8AD,53.704526016099500,-2.202674768344010
Darwin's finches and Parrotbill,BL4 8SD,53.534876100000000,-2.364250098000000
Condor and Myna,M45 7UP,53.558510688599500,-2.297864836986740
Bronzewing pigeon and Treepie,BL8 1EY,53.606902820000000,-2.312336406000000
Lemming and Rat,M25 9TW,53.522815097923300,-2.291686431200160
Mink and River dolphin,M24 4EX,53.553203731178700,-2.211021565451660
Thrasher and Civet,BL2 1DU,53.571250380000000,-2.422548000000000
Chicken and Skunk,BL3 1LR,53.561054150000000,-2.368853203000000
Black cockatoo and Ground sloth,BL7 0BN,53.649341130000000,-2.393042608000000
Argus and Prion,OL12 0AL,53.633963925000000,-2.154910996100000
Bunting and Mouse,BL2 6PF,53.581868170000000,-2.389636807000000
Buzzard and Pitohui,BB4 5RX,53.707197700000000,-2.324183611000000
Scimitar babbler and Songlark,BB4 7RQ,53.704504100000000,-2.284156566000000
Pheasant and Mole,M6 6RL,53.499229621197500,-2.287921482076680
New World blackbird and Boto,M38 9EG,53.531935295997300,-2.427165983949720
Philippine hawk-owl and Pheasant,M40 8WP,53.504266056276500,-2.208712645210320
Stint and Solitaire,M7 2EL,53.503620456736600,-2.262577589508510
Chicken and Pitohui,M27 0AG,53.503242628107400,-2.350289350418980
Perching duck and Old World warbler,OL8 1ES,53.540019702840100,-2.118443113028630
Mamo and Kākāriki,BB4 7AA,53.688019490000000,-2.247931221000000
Night heron and Quetzal,M6 7WR,53.501161953185100,-2.313005293373700
Skunk and Thicketbird,M11 4SJ,53.483362614405100,-2.172669758524670
Polecat and Tit-tyrant,M8 8NP,53.496786097300000,-2.240678264500000
Grosbeak and Old World quail,OL2 5DQ,53.559148968546700,-2.133502225437770
Asiatic leopard and Night heron,M24 6DA,53.555548000000000,-2.195785000000000
Viscacha and Diving bird,M40 8NN,53.501461531325800,-2.214654000000000
Puffleg and Dorcopsis,M11 4RY,53.482204353108000,-2.177939138602960
Grouse and Perching duck,M40 2UW,53.494200532501700,-2.186053526049610
Chipmunk and Pratincole,M24 5DH,53.557435851279800,-2.201411685169200
Nukupuʻu and Thicketbird,BL9 6NA,53.603444540000000,-2.286318252000000
Diving bird and Asiatic leopard,M25 0GA,53.525749317446700,-2.254553953588170
Rat and Goose,BB4 9JZ,53.705040180000000,-2.245410000000000
Old World quail and Fox,M24 6DF,53.555576344138400,-2.195349791055420
Viscacha and Bunting,BL1 8HT,53.587515550000000,-2.428270422000000
Cuscus and Dolphin,M26 4JU,53.579960042354900,-2.340441795163740
Hawk and Booted eagles,OL8 3WD,53.524390676542400,-2.116679862608310
Scimitar babbler and Logrunners,M27 0JF,53.509109652332900,-2.348045838919630
Darwin's finches and Civet,BL1 9YZ,53.588504000000000,-2.425423000000000
Pheasant and Stint,OL16 1LY,53.616555801669200,-2.156781823244200
Marmoset and Asiatic leopard,M50 1ZD,53.482974000000000,-2.328392000000000
Parrotlet and Chicken,M6 7PW,53.499184658596700,-2.326377226853700
Herring gull and Wader,BL9 5NT,53.630824000000000,-2.311576000000000
Kite and Argus,OL11 3AS,53.592881940386300,-2.181335465262380
Grouse and Partridge,BL9 8PG,53.554190930000000,-2.281684000000000
Thicketbird and Shearwater,M40 7TJ,53.501278826321900,-2.220426773764280
Cuscus and Shearwater,M40 8UA,53.498019743072800,-2.218404948713320
Bronzewing pigeon and B,OL10 3QH,53.586954852362000,-2.243608000000000
Pheasant and Booted eagles,M26 3BA,53.562271202189900,-2.330758133050570
Recurvebill and Parakeet,BL0 0AU,53.647316670000000,-2.307839737000000
Mouse and Ground sloth,M7 3QF,53.510183109414300,-2.285598255200540
Solitaire and Mockingbird,M25 0EN,53.524212006598900,-2.258873765875870
Mink and Duck,BL2 3FW,53.607375800000000,-2.408854195000000
Tattler and Treepie,OL16 4SF,53.584017668330800,-2.135227176058560
Wader and Chickadee,M11 4BF,53.486821000000000,-2.180852000000000
Viscacha and Cloud rat,BL8 2RJ,53.596290370000000,-2.318120526000000
Civet and Pitohui,BL1 2QA,53.582681820000000,-2.437646830000000
Moluccan boobook and Siskin,M30 9LX,53.494169663363100,-2.348450964471160
Night heron and Towhee,M40 5GT,53.520515337889000,-2.182338025551440
Tree warbler and Bunting,BL7 0PG,53.649629920000000,-2.398128485000000
Petrel and Capuchin,OL12 9TD,53.631887120471600,-2.151833330237000
Peafowl and Recurvebill,M6 5PQ,53.488048270634100,-2.295170161993490
Rabbit and Bronzewing pigeon,M9 0NU,53.537174620726900,-2.231959832315570
Piping shrike and Tahr,BL8 4NE,53.634514160000000,-2.335784677000000
Old World warbler and Fulmarine petrel,BL8 3GP,53.604010115168800,-2.340015000000000
Grouse and Thrasher,M35 0EN,53.508561958795200,-2.162865954540850
Cuscus and Zebra,BL9 9GP,53.580710060000000,-2.283838469000000
Condor and Francolin,M5 0FG,53.481203331800000,-2.280431088200000
Macaw and Wader,M28 2BY,53.511395047609200,-2.385355567334580
Maya and Jerboa,M7 2FS,53.505916635943900,-2.264777997099610
Linsang and White ibis,BB4 9BS,53.694207770000000,-2.241849000000000
Wader and Warbler,BL0 0LQ,53.667199500000000,-2.307485304000000
Black cockatoo and Greenbul,M60 3PT,53.487361026924400,-2.227196609855210
Fulmarine petrel and Towhee,M26 3NQ,53.571546000000000,-2.347290000000000
Wallaby and Eagle,BB4 9BW,53.695341640000000,-2.245111910000000
Zebra and Chipmunk,M11 4WW,53.484463009909900,-2.176215596634150
American sparrow and Darwin's finches,M26 4ST,53.568132000000000,-2.327724000000000
Gull and Polecat,M9 7DU,53.521724643186100,-2.196279782245620
Siskin and Guillemot,OL11 5EW,53.617197773562000,-2.185506236073640
Stilt and Hawk,BL1 2TJ,53.587365460000000,-2.422452973000000
Fish eagle and Ice seal,M11 4QS,53.481879856588100,-2.172437698097190
Chipmunk and Cuscus,M4 4EF,53.489901972100000,-2.240172028700000
Towhee and Coati,M35 9AP,53.515137952207000,-2.151897520053960
Bunting and Eagle,BL3 3HG,53.557074770000000,-2.442303509000000
Eagle and Armadillo,BL9 9LJ,53.579833610000000,-2.303980747000000
Petrel and Viscacha,M30 9LN,53.493444650112800,-2.350269000000000
Coati and Dorcopsis,BL1 1TZ,53.580260640000000,-2.423470000000000
Civet and Vulture,M9 6EH,53.528139063843100,-2.203610682208230
Civet and Duck,OL16 2QQ,53.633449158186800,-2.130636978437260
Cloud rat and Jay,BL4 0NX,53.546629160000000,-2.427631000000000
Wallaby and Mink,BL9 7LN,53.598579000000000,-2.272595000000000
Darwin's finches and Fox,M9 7HU,53.528053748400600,-2.189928083326140
Ice seal and Black jay,M8 5UU,53.510993368752400,-2.226267594418650
New World blackbird and Parakeet,BL2 6JD,53.580924130000000,-2.389718744000000
Kangaroo and Warbler,M40 7XF,53.489063000000000,-2.220225000000000
Shearwater and Duck,BB4 4AS,53.694230060000000,-2.352025496000000
Fulmarine petrel and Night heron,BL3 3HS,53.558183200000000,-2.441530089000000
Thrasher and Badger,M24 2FG,53.548288735405000,-2.176797939358210
Kangaroo and New World blackbird,BL8 3BW,53.604112420000000,-2.336994085000000
Capuchin and Night heron,BL8 1JB,53.610637570000000,-2.317412253000000
Ice seal and Flameback,OL2 5HG,53.560461495248000,-2.133295013209640
Thrasher and Masked owl,OL13 9EP,53.705020000000000,-2.192573000000000
Jay and Buzzard,BL4 7RX,53.552390090000000,-2.391237418000000
Asiatic leopard and Scimitar babbler,M45 7SF,53.556140095665200,-2.296927369696880
Kākāriki and Tit-tyrant,BB4 6ND,53.696906910000000,-2.310382693000000
Tattler and Marsh harrier,M30 9GD,53.491415073196000,-2.349860223005070
Fish eagle and Shearwater,M35 0WN,53.503696212771100,-2.158429875279200
Thicketbird and Parakeet,BL1 8JD,53.595384550000000,-2.427095983000000
Duck and Puffleg,M40 2SL,53.496574094771900,-2.185656934630690
Puffleg and Pratincole,OL16 5NQ,53.612077083473500,-2.144567379419030
Piping shrike and Hawk,M43 6WB,53.483442015184000,-2.167410907354530
Egret and Partridge,BB4 6SW,53.700967000000000,-2.304869000000000
Ibex and Mouse,M3 2PD,53.481429008689300,-2.249526641293360
Rat and Thrasher,BL8 1QJ,53.598958680000000,-2.321933298000000
Ibex and Old World vulture,M6 8DH,53.487741000000000,-2.310359000000000
Magpie and Coati,M4 4EH,53.489901972100000,-2.240172028700000
Maya and Petrel,BL8 3EZ,53.609532070000000,-2.337097723000000
Asiatic leopard and Flameback,OL13 9HG,53.708308450304100,-2.192588000000000
River dolphin and Vole,M25 9RD,53.522270309474800,-2.286524272419790
Old World vulture and Vole,OL16 4PZ,53.597531438060900,-2.139229185892700
Petrel and Condor,M11 4FL,53.486175039988200,-2.185294985583230
Old World quail and Greenbul,BL9 8QT,53.568752580000000,-2.265593496000000
Vulture and Kākāriki,OL10 3DY,53.587638359277100,-2.230287664309020
Zebra and Darwin's finches,M27 8XH,53.504097007573700,-2.307689802651190
Tattler and Pheasant,M11 4GE,53.484755506719400,-2.184881908011240
Buzzard and Fulmarine petrel,M9 4EX,53.516363000000000,-2.199467000000000
Pratincole and Peafowl,OL12 0EH,53.627981236110400,-2.148659057578820
Warbler and Moluccan boobook,BB4 6EA,53.693634270000000,-2.292927545000000
Jerboa and Stint,M26 2TT,53.561735082842300,-2.326330488345230
Warbler and River dolphin,M25 9UJ,53.519581898154800,-2.290608454614700
Pitohui and Grosbeak,OL10 1DW,53.589658817419500,-2.211883177716330
Chickadee and Masked owl,OL2 5YG,53.575435444516500,-2.133810357876490
Warbler and Wallaby,M11 4QH,53.487427099207400,-2.177629472871440
Condor and Wallaby,M30 0AB,53.482698000000000,-2.337114430077080
Booted eagles and Elephant,BB4 6AT,53.696630340000000,-2.287980693000000
Triller and B,M27 6FF,53.516403014350400,-2.330913289176260
Quetzal and Kestrel,BB4 6NU,53.702006960000000,-2.322553222000000
Towhee and Eagle,OL12 0PN,53.620617011823400,-2.157900516534480
Bunting and Myna,M24 4DA,53.544754616481700,-2.200627032154340
Mink and Towhee,BL8 1BU,53.608230510000000,-2.302854808000000
Condor and Grouse,BL8 3BJ,53.603465450000000,-2.340102006000000
American sparrow and Philippine hawk-owl,M4 6EY,53.483051000000000,-2.225561000000000
Flameback and Puffleg,BL1 7EZ,53.610263010000000,-2.436284659000000
Ground sloth and Grosbeak,OL11 5PG,53.609238360139600,-2.210137385910520
Old World warbler and Wallaby,M30 8NX,53.489164629175500,-2.365968046026760
Flameback and Marmoset,M6 5JA,53.488958856471700,-2.286661228053510
Old World warbler and Boto,BL0 9AP,53.635853700000000,-2.315877569000000
Viscacha and Civet,OL13 0BA,53.688265000000000,-2.214332000000000
Thrasher and Fish eagle,OL11 5SD,53.620466389967300,-2.209165189681310
Scimitar babbler and Marmoset,BL3 1UQ,53.562469310000000,-2.381894591000000
New World blackbird and Triller,M43 6GD,53.480522573584900,-2.159533780324140
White ibis and Linsang,OL16 4UQ,53.602108180652800,-2.145334184007620
Wader and Warbler,M9 0PU,53.535666522065600,-2.235557569694800
Meadowlark and Tahr,M27 9GN,53.521422739601900,-2.360529812228060
River dolphin and Towhee,BL9 7HP,53.591553820000000,-2.274483972000000
Dorcopsis and Mockingbird,M28 2PS,53.497820042192000,-2.383317932833260
Guillemot and Rat,M8 4FD,53.520256981649500,-2.246180456137570
Old World quail and Scimitar babbler,BL2 6TA,53.576230840000000,-2.376113670000000
Greenbul and Vulture,BL3 1SJ,53.568344500000000,-2.402060109000000
Marmoset and Condor,OL12 7RH,53.628821355061400,-2.206348682312560
Francolin and Goose,M27 8BR,53.510539000000000,-2.298220000000000
Hawaiian honeycreeper and Ice seal,M8 8NL,53.497304181496300,-2.244419332430210
Bunting and Darwin's finches,M35 0GS,53.501189893931900,-2.157335075678320
Mink and Piping shrike,BL8 2QW,53.588507400000000,-2.321143785000000
Thicketbird and Chickadee,M40 2FX,53.501668471449100,-2.186975735260910
Chickadee and Booted eagles,BL1 1EB,53.578788130000000,-2.425675016000000
Goose and Perching duck,BL3 3DW,53.562268890000000,-2.437737925000000
Eagle and River dolphin,BL9 6QJ,53.614668870000000,-2.290883705000000
Parakeet and River dolphin,M27 5WN,53.507700509005400,-2.334750631302450
Ibex and Viscacha,BL3 6YA,53.567271970000000,-2.431266779000000
Macaw and Tree warbler,M40 3SF,53.518530039985800,-2.156177797283540
Treepie and Masked owl,BL8 2QX,53.596045550000000,-2.315534986000000
Tit-tyrant and Cloud rat,BL4 9RH,53.542913390000000,-2.413468777000000
Tit-tyrant and Nukupuʻu,M27 4JX,53.504346402469000,-2.315456123555370
Buzzard and Recurvebill,M28 7UQ,53.515270153514700,-2.409353890808170
Vole and Boto,BL9 9EW,53.582304080000000,-2.286311182000000
Triller and Siskin,OL12 7LX,53.628032301103700,-2.188880377453310
Puffleg and Cuscus,OL12 8DP,53.666072000000000,-2.170829000000000
Siskin and Kākāriki,BL3 2HE,53.562538500000000,-2.420212549000000
Kestrel and Tattler,BL9 7NN,53.597916810000000,-2.266864483000000
New World blackbird and Capuchin,BL9 6WE,53.608253510000000,-2.289947870000000
Mockingbird and Wader,M43 7AH,53.485051966724100,-2.146108510048090
River dolphin and Skunk,BL9 9PN,53.576864190000000,-2.301724257000000
Quetzal and Duck,M27 6EX,53.519857519833500,-2.336445000000000
Shearwater and Vulture,M26 3TQ,53.568039838326800,-2.341025456318140
Vole and Fish eagle,M25 0FT,53.520174828585000,-2.259512751887710
Vulture and Booted eagles,OL12 8SZ,53.652265374535400,-2.176552448889940
White ibis and Parrotbill,OL2 6YL,53.565186963701900,-2.118513567309990
Ice seal and Chipmunk,M35 0NX,53.500173411504900,-2.157934313970840
Fish eagle and Mockingbird,OL16 2XT,53.620674808042100,-2.132532569638340
Shearwater and Parakeet,BL9 9RZ,53.579425540000000,-2.294643903000000
Thrasher and Darwin's finches,M26 1AW,53.554718241298100,-2.324646000000000
Boto and Greenbul,BB4 6SQ,53.699322020000000,-2.304432828000000
Cloud rat and Shearwater,M40 0AY,53.512454362112500,-2.181277962115740
Parrotbill and Ibex,OL1 2PW,53.551393628466600,-2.132074082536040
River dolphin and Gull,BL2 2NX,53.592828110000000,-2.410194264000000
Ground sloth and Fox,M8 8WE,53.495216000000000,-2.241950000000000
Badger and Mouse,OL12 9EE,53.632020309392700,-2.138375095734250
Darwin's finches and Jay,OL8 4NG,53.526758095285500,-2.130669833281760
Black jay and Gull,OL9 6RP,53.549666346290900,-2.133442136424690
Francolin and Partridge,M24 2WG,53.557235572344800,-2.186360537854090
Marsh harrier and Rat,M45 7QQ,53.542829568806100,-2.310581480974870
Bronzewing pigeon and Thicketbird,M8 5EA,53.516724000000000,-2.242495963722770
Zebra and Tit-tyrant,OL16 2YE,53.618295569567300,-2.138133599736870
Fox and Capuchin,M38 0JR,53.523979409186100,-2.424959081451650
Prion and Snipe,BL8 1NA,53.598560030000000,-2.316384802000000
Kite and Peafowl,OL12 0BF,53.624173418300000,-2.156704523600000
Pitohui and Eagle,M26 4WP,53.571624047068300,-2.344904983466690
Wallaby and Jackal,M11 4HS,53.486052000000000,-2.184270000000000
Minke whale and Chipmunk,OL12 8XJ,53.653213328228800,-2.167387793615870
Rat and Tit-tyrant,OL12 6DT,53.635478249713600,-2.174622072152730
Kākāriki and Vole,M9 8GJ,53.527419777714100,-2.233218856690760
Cuscus and Jackal,BB3 3FF,53.695036988549100,-2.440962912356700
Warbler and Logrunners,OL10 4RQ,53.593731916259900,-2.239688103457500
Greenbul and Old World vulture,M6 8GN,53.495115463785000,-2.308498986899120
Night heron and Polecat,OL13 8BU,53.706288000000000,-2.203365000000000
Crow and Old World vulture,OL2 5UT,53.579802585558700,-2.134851213815860
Parakeet and Pratincole,M24 2AL,53.543199275212200,-2.178180115498730
Cloud rat and Flameback,M38 0LE,53.523881568563200,-2.427190491806350
Maya and Meadowlark,M6 5QU,53.483448923687200,-2.297684919940170
Fox and Duck,BL7 9AR,53.619973870000000,-2.415098768000000
Fulmarine petrel and Macaw,M26 1LP,53.554446869254200,-2.325836622349680
Skunk and Philippine hawk-owl,BL2 5NL,53.585396560000000,-2.384865000000000
Guillemot and Rat,OL12 9AW,53.635480354397300,-2.130764252959940
Condor and Puffleg,M6 6EY,53.499559206314000,-2.285421264246530
Songlark and Mole,BL9 9PD,53.572177120000000,-2.296194157000000
Diving bird and Crow,BL8 9SQ,53.590171260000000,-2.299991144000000
Marsh harrier and Warbler,BL2 3EP,53.607918070000000,-2.400002845000000
New World blackbird and Cuscus,OL11 2RX,53.592675000000000,-2.156767665010350
Parrotbill and River dolphin,OL12 6DX,53.637238088378000,-2.175884644456450
Capuchin and Dolphin,BL9 9HD,53.581126240000000,-2.293870331000000
Piping shrike and Rat,BL4 9JP,53.542865330000000,-2.393081107000000
Francolin and Chipmunk,M8 8LW,53.496122365320600,-2.237659474838860
Polecat and Viscacha,M43 7SF,53.491115031562000,-2.156453692859830
Grackle and Hawk,M24 2UA,53.576102787436500,-2.173954094499940
Black cockatoo and Egret,BL2 5PG,53.588295190000000,-2.363848538000000
Flameback and Rat,BB4 4LH,53.687784760000000,-2.333467940000000
Night heron and Logrunners,BL1 7AN,53.604076450000000,-2.434528287000000
Francolin and Egret,OL16 2DA,53.619457000000000,-2.151076000000000
Badger and Condor,BB4 7TS,53.698050120000000,-2.260682436000000
Condor and Black jay,M6 7DF,53.494119239391900,-2.297277368689830
Cuscus and Night heron,M28 2LA,53.515735254657400,-2.360135000000000
Old World quail and Gull,OL11 2HA,53.601576639456300,-2.146344811560880
Pheasant and Chipmunk,M9 5SN,53.508256767681800,-2.218834586743270
Black cockatoo and Marsh harrier,BL1 1SA,53.577385000000000,-2.431294000000000
Macaw and Ice seal,BL7 9UR,53.629572000000000,-2.435970000000000
Nukupuʻu and Tree warbler,BL9 8LT,53.568814490000000,-2.274004377000000
Mole and Grosbeak,OL9 7LX,53.521953000000000,-2.143702000000000
Gull and White ibis,OL16 4BF,53.607297976971700,-2.117588875207210
Towhee and Pheasant,OL12 0EJ,53.628323275466500,-2.148267120256720
Mink and Mockingbird,OL10 4XJ,53.595380882468600,-2.233064557036230
Grosbeak and Black cockatoo,BL4 8HP,53.542653630000000,-2.391856824000000
Capuchin and New World blackbird,M27 9TN,53.516924394329500,-2.343630807148410
Ice seal and Asiatic leopard,BL8 1WF,53.610519470000000,-2.327870617000000
Mamo and Old World vulture,M24 2SR,53.555111785284900,-2.187981422698760
Logrunners and White ibis,BL8 3DH,53.596266040000000,-2.343171794000000
Condor and Triller,BL7 9BS,53.615327220000000,-2.420162464000000
Nukupuʻu and Egret,M5 0LF,53.481203331800000,-2.280431088200000
Moluccan boobook and Linsang,M4 5EG,53.485480884394700,-2.232672033951020
Warbler and Puffleg,BB4 8SJ,53.701084840000000,-2.289480381000000
Petrel and Grackle,OL12 0RZ,53.625037050764800,-2.159534844812960
Triller and Thicketbird,BL4 7RJ,53.551320820000000,-2.393868904000000
Black cockatoo and Flameback,BL2 6DA,53.580130100000000,-2.401507439000000
Siskin and Pratincole,OL1 2NL,53.548694866032400,-2.125847583244310
Meadowlark and Bronzewing pigeon,M40 8QW,53.499017349464000,-2.213495696565150
Parrotlet and Flameback,M4 7AY,53.481806000000000,-2.218454000000000
Masked owl and Solitaire,M26 1GY,53.544931787905700,-2.365015588018910
Flameback and Cloud rat,M45 7JQ,53.550700304006600,-2.301251188592940
Tree warbler and Tahr,OL11 2TH,53.588475513805600,-2.176784591975850
Piping shrike and Chicken,BL2 3BA,53.594763260000000,-2.406783289000000
Bunting and Zebra,M26 3NH,53.567555182913600,-2.353161320807620
Old World warbler and Bunting,BL8 3QA,53.618334500000000,-2.348626832000000
Prion and Gull,BL2 3EU,53.604463680000000,-2.400861816000000
Tahr and New World blackbird,M9 5AD,53.505540124900000,-2.212609073700000
Bronzewing pigeon and Dorcopsis,OL13 9JW,53.701894000000000,-2.191226000000000
Tahr and Herring gull,M24 2AT,53.542000015291200,-2.174674179098880
Towhee and Macaw,OL13 9JQ,53.702875452736600,-2.189730818843890
Prion and Parrotlet,OL11 3LH,53.601383431882500,-2.188066194373720
Stilt and Wallaby,M27 5NP,53.506434681557300,-2.330971281338590
Chickadee and Towhee,BL2 6HT,53.582950450000000,-2.391262972000000
Stint and Booted eagles,OL2 5NP,53.555988979080900,-2.121431334983730
Nukupuʻu and Dolphin,M9 5TF,53.503657000000000,-2.218253000000000
Zebra and Myna,OL9 0ER,53.551632026730200,-2.135893475173360
Tit-tyrant and Marmoset,BB4 9AJ,53.693520450000000,-2.252128233000000
Mouse and Diving bird,M9 6FT,53.525307380054700,-2.209012287870670
Lemming and Capuchin,M27 0BP,53.498657666946100,-2.353628269089940
Perching duck and Parrotbill,M9 0WE,53.535141690365800,-2.228101362910960
Tahr and Wader,M9 8JF,53.526696763928200,-2.230620323885380
Armadillo and Booted eagles,M40 3NE,53.508428634459600,-2.180567165345220
Egret and Hawaiian honeycreeper,OL10 4EF,53.594819357518300,-2.211168692499840
Wallaby and Vole,M45 7JR,53.550899450969700,-2.300694153448230
B and Logrunners,M28 3DG,53.521818115566700,-2.394107000000000
Dorcopsis and Duck,BL0 0RF,53.666710400000000,-2.298310164000000
Chicken and Puffleg,OL12 8QY,53.660962857200900,-2.172503068637500
Lemming and Black jay,BL3 6QY,53.565882950000000,-2.430000000000000
Armadillo and Parakeet,BL8 9PR,53.592630692031900,-2.310206849089070
Badger and Petrel,BL4 0NF,53.549683320000000,-2.428310740000000
Meadowlark and Logrunners,M27 8AY,53.513043818442500,-2.306669000000000
Petrel and Chipmunk,BL1 7EB,53.609207070000000,-2.439916270000000
Solitaire and Minke whale,BL0 0RZ,53.663336720000000,-2.295940641000000
Marmoset and Prion,M28 3BU,53.524553000000000,-2.399275000000000
Francolin and Pheasant,BL0 9QS,53.636474700000000,-2.332170545000000
Maya and Kākāriki,BB4 4HZ,53.686307880000000,-2.331245581000000
Recurvebill and Duck,OL8 4NY,53.525966342720300,-2.131376355955170
Minke whale and Jerboa,BL1 2TH,53.585886000000000,-2.419056644000000
Mink and Thicketbird,BL0 9NT,53.640615000000000,-2.327166000000000
Egret and Chickadee,BL4 8NF,53.542411408467900,-2.379284672218100
Capuchin and Thrasher,M26 2RN,53.565897788607900,-2.315884120022610
Chipmunk and Francolin,OL11 1LY,53.606792963337400,-2.151047949158270
Argus and Zebra,OL10 3JS,53.593021076704400,-2.244503607075780
Thicketbird and Solitaire,OL13 0HG,53.691152130222400,-2.217768940198980
Philippine hawk-owl and Goose,BL9 7NS,53.595540380000000,-2.268435954000000
Warbler and Coati,M9 8AE,53.514585816707700,-2.213197029917570
Grosbeak and Philippine hawk-owl,M25 2SP,53.549563327714900,-2.256975988418570
Meadowlark and Old World warbler,M27 8GU,53.521723584441500,-2.334348436389140
Parrotbill and Civet,BL9 6SW,53.618893900000000,-2.286936873000000
Wader and Cloud rat,OL16 4RB,53.595747178665600,-2.143106371457590
Jackal and Fox,BL4 8JE,53.538788290000000,-2.380836320000000
Rat and Goose,OL12 0QJ,53.625108390332600,-2.159958465391170
Maya and Chipmunk,BB4 5LH,53.705095920000000,-2.323652398000000
Tahr and Elephant,BL7 9HZ,53.618947930000000,-2.428210760000000
Duck and Masked owl,BL8 9BF,53.592625960000000,-2.310206533000000
Scimitar babbler and Vole,M8 8UB,53.500818071507600,-2.231173171397930
Dorcopsis and Lemming,M45 8FU,53.548382059385000,-2.278716907257000
Treepie and Tattler,BL3 2BG,53.562909730000000,-2.421997747000000
Chickadee and Buzzard,M24 5AA,53.558455000000000,-2.215441000000000
Wader and Stint,BL7 0NF,53.646942450000000,-2.416604194000000
Mink and Grosbeak,OL12 6NR,53.631506261538700,-2.167785638146990
Moluccan boobook and Crow,OL9 8AN,53.528048492003800,-2.156363720871750
Eagle and Bunting,M40 0EU,53.521294046653500,-2.172447124459950
Hawk and Grosbeak,M26 1AQ,53.554912441964700,-2.326504368892080
Black cockatoo and Maya,BL0 9YU,53.634617410000000,-2.317728472000000
Elephant and Zebra,BL1 2ST,53.583129320000000,-2.423196156000000
Duck and Condor,M61 0PS,53.487378000000000,-2.227209000000000
Pheasant and Goose,BL4 9LH,53.541984050000000,-2.393208748000000
Fox and Grackle,M7 4FN,53.506497524068100,-2.249643843182220
Petrel and Asiatic leopard,M25 2NQ,53.539574589483300,-2.274343484334500
Vulture and Badger,M30 9PZ,53.491814144259800,-2.351702330112270
Meadowlark and Wader,M27 4DH,53.515840798598400,-2.329446066490740
Stint and New World blackbird,M30 9FJ,53.495951877351900,-2.338200354819390
Diving bird and Parakeet,M25 1QB,53.534489627330100,-2.273269552572170
Tattler and Kestrel,OL9 8DW,53.523797000000000,-2.163558000000000
Shearwater and Chicken,M43 6TA,53.482315691059400,-2.156195230210880
Piping shrike and Ice seal,M40 1NG,53.497956272304100,-2.175110890490330
Rabbit and Black jay,BL4 9NF,53.541147780000000,-2.398738964000000
Boto and Mink,M9 4AY,53.514464609500400,-2.210587532116440
Scimitar babbler and Eagle,M4 7EX,53.481874416117200,-2.214599946169210
Dorcopsis and Asiatic leopard,M40 2FE,53.502141482094000,-2.189118597426200
Partridge and Old World vulture,OL11 5HR,53.609251233439300,-2.207915687539140
Snipe and Logrunners,M28 7EP,53.518134186662100,-2.386035103750850
Diving bird and Mouse,M27 4FQ,53.506990753300000,-2.316591802700000
Towhee and Perching duck,BL1 2DR,53.582887180000000,-2.430595048000000
Buzzard and Herring gull,M27 8DT,53.512438619530300,-2.321216354639340
Duck and Jackal,BL1 6NN,53.598018220000000,-2.434556740000000
Night heron and Badger,BL2 2PF,53.586714580000000,-2.410618420000000
Dolphin and Scimitar babbler,OL11 5PS,53.614115045244700,-2.207244287130520
Parakeet and Old World vulture,M8 9AJ,53.507467713936900,-2.245578541543740
Elephant and Nukupuʻu,M27 9UR,53.518693557536900,-2.350356549053710
Hawaiian honeycreeper and Stint,OL8 4SJ,53.521423155100000,-2.138903895500000
Snipe and Myna,M28 3LX,53.524407000000000,-2.386648875247190
Wader and B,M30 9BA,53.489175301006000,-2.331530078338860
Stilt and Stint,M28 2TS,53.503394845092700,-2.368412449731610
Ibex and Kākāriki,M24 2PQ,53.560447319262000,-2.178569719340940
Old World quail and River dolphin,BL9 8PU,53.557536430000000,-2.272995505000000
Hawaiian honeycreeper and Siskin,M6 7GE,53.496967244487800,-2.308437068665860
B and Mamo,BL9 9DJ,53.584633400000000,-2.289483939000000
Boto and Thicketbird,M26 2UJ,53.562002187429300,-2.323962281493370
Fulmarine petrel and Logrunners,OL12 8RT,53.642263638740800,-2.181139116963920
Tahr and White ibis,M28 2UJ,53.516304258838900,-2.364829655994100
Ibex and Pratincole,BL1 1RS,53.578230210000000,-2.428674000000000
Fulmarine petrel and Ibex,M9 6DA,53.527791960816100,-2.206837208159590
Ice seal and Mole,BL4 8AQ,53.548728160000000,-2.389603814000000
Siskin and Skunk,OL9 9PQ,53.525442692035300,-2.168949388190510
Kestrel and Vulture,OL12 7BZ,53.624188336535700,-2.175104574592390
Rat and Francolin,M6 8HJ,53.489259754793800,-2.326979180102480
Warbler and Piping shrike,BL0 9NY,53.637204480000000,-2.318307518000000
Buzzard and Moluccan boobook,M26 1FZ,53.544952188387900,-2.367158710598680
Maya and Prion,M25 9SS,53.515165735488200,-2.288074838492100
Darwin's finches and Magpie,BL4 8NR,53.540975710000000,-2.376977895000000
Treepie and Zebra,M35 0QP,53.500226257917100,-2.151844124109600
Black jay and Tahr,OL9 0EJ,53.552264831607500,-2.140529272278060
Shearwater and Dolphin,BL4 0BH,53.548458730000000,-2.413613412000000
Thrasher and Tahr,BL4 7NN,53.539927000000000,-2.395906847000000
Kite and Egret,M60 3JS,53.487361026924400,-2.227196609855210
Grackle and Tit-tyrant,M40 5AJ,53.497294222195900,-2.206884535914620
Bronzewing pigeon and Mink,M30 9HR,53.488158235052700,-2.347813887911350
Civet and Pratincole,M8 9BE,53.502226439427100,-2.246075876364900
Boto and Wader,BL9 7BR,53.589233830000000,-2.275376000000000
Zebra and Grosbeak,M43 7NF,53.486487001879700,-2.148630197075120
Tit-tyrant and Quetzal,M35 9GT,53.504131573226200,-2.148390485939310
American sparrow and Chickadee,M8 4QX,53.521417858628200,-2.232024482775210
Eagle and Rabbit,M26 4FB,53.574356680640100,-2.338554349434240
Grosbeak and Ground sloth,M40 2ER,53.501169063384800,-2.190169552826650
Grosbeak and Ground sloth,BL9 9AL,53.586954680000000,-2.288533026000000
Skunk and Skunk,BB4 8EP,53.713438930000000,-2.287656191000000
Goose and Chicken,BL9 6NW,53.606426790000000,-2.290811903000000
Old World warbler and Kestrel,M27 5NB,53.501103595797900,-2.324763813734740
Hawk and Marmoset,M28 1LU,53.503540997567800,-2.419492826623880
Viscacha and Wader,M4 7BB,53.481974534195600,-2.218864910744590
Stint and Guillemot,BB4 9EL,53.698522390000000,-2.254233158000000
Gull and Tattler,M4 4EY,53.490810191661000,-2.242136241063430
Chickadee and Chickadee,M28 1JT,53.502596324806300,-2.429855892928930
Jackal and Duck,M9 6SU,53.524655866850800,-2.211482836300780
Logrunners and Asiatic leopard,M4 7HY,53.483947300771000,-2.216388000000000
Pheasant and Dolphin,M4 5DL,53.484647252349600,-2.231492029834890
Grouse and Diving bird,OL12 8BD,53.672215000000000,-2.172231000000000
Capuchin and Hawk,M4 5AN,53.483531441700000,-2.230100000000000
Kite and Linsang,OL9 9HY,53.543063147067000,-2.146036924611800
Jay and Booted eagles,M28 2AB,53.504565010670700,-2.382187750454450
Prion and Songlark,M26 2TA,53.562736512330600,-2.324617000000000
Snipe and Minke whale,BL2 2NU,53.592151620000000,-2.410882676000000
Petrel and Parrotbill,OL9 7QE,53.530068743723200,-2.143759438376430
Stint and Marsh harrier,M7 2JB,53.499696760064300,-2.268749170475940
Cuscus and Rat,OL13 8AB,53.704176097740800,-2.202309532358460
Macaw and Fox,OL9 8JN,53.531140790767000,-2.141726440149220
Lemming and Herring gull,M7 2JT,53.496533993234800,-2.268231712197090
Kangaroo and Civet,M24 6DG,53.555936244993400,-2.195125025747150
Partridge and Songlark,M40 9JE,53.512005116923000,-2.192645910934560
Dorcopsis and Ice seal,M1 2EA,53.481822623174900,-2.232651995430080
Vulture and Piping shrike,M35 0QX,53.496133339394500,-2.161129988249800
Condor and Jackal,M26 4QG,53.569471663150900,-2.340085691050380
Crow and Rabbit,M40 9DA,53.509032922643500,-2.196341688327060
Quetzal and Tree warbler,M5 5JL,53.486414954951500,-2.308375520474840
Guillemot and Warbler,M27 8QP,53.518513296387500,-2.325093103677480
Philippine hawk-owl and Duck,OL10 1DD,53.589287154160500,-2.213648824364260
Chipmunk and Ibex,BL9 6YA,53.602626190000000,-2.282716130000000
Logrunners and Old World vulture,OL13 9SB,53.688647675139500,-2.183700641789140
Badger and Ibex,M30 8FD,53.491536137506200,-2.366440642606430
Shearwater and Wallaby,OL16 5LU,53.606205072016500,-2.146768889378170
White ibis and Marmoset,BL8 3LB,53.609641260000000,-2.339804038000000
Grosbeak and Pratincole,M28 0HD,53.522745684493400,-2.423076395748310
Bunting and Asiatic leopard,M8 4WB,53.528807168482000,-2.245098684177300
Scimitar babbler and Bronzewing pigeon,M2 4AH,53.481003752031600,-2.242155684257860
Stilt and Jay,OL9 9BA,53.539635705073200,-2.140955134113230
Crow and Grackle,OL9 0JT,53.546786034028100,-2.144631137743360
Black jay and Flameback,M24 5QP,53.559853680742500,-2.211824615225400
Jackal and Treepie,M43 7HX,53.486800596179400,-2.134314366732050
Tree warbler and Dorcopsis,BL2 4JW,53.616155880000000,-2.401335437000000
Old World warbler and Snipe,OL13 9QD,53.695124490001800,-2.197268300240510
Mouse and Cuscus,OL12 9RB,53.638242640627000,-2.128080674321210
Jackal and Wader,BL2 3QF,53.597782010000000,-2.385476968000000
Black cockatoo and White ibis,OL12 9JQ,53.647936106057600,-2.132482051843470
Buzzard and Tree warbler,M9 6LY,53.530200407564300,-2.201840449412160
Pheasant and Meadowlark,BL0 9SY,53.628197340000000,-2.335099415000000
Triller and Jackal,M3 1RR,53.489029143405500,-2.247174960907420
Vulture and Asiatic leopard,OL16 2QP,53.629921000000000,-2.125967000000000
Booted eagles and Nukupuʻu,BL8 2LT,53.591628050000000,-2.330413428000000
Zebra and Chipmunk,M9 6HU,53.528880551364300,-2.200989383635580
Songlark and Triller,M40 9PT,53.514404539809200,-2.192943332985540
Darwin's finches and Polecat,BL8 1UX,53.599331550000000,-2.306598951000000
Towhee and Flameback,BL2 1NE,53.571100480000000,-2.408383177000000
Fish eagle and Kite,M9 0SS,53.534591106401100,-2.224567940613250
Ground sloth and Thicketbird,OL8 3BA,53.520529316788900,-2.122023485994440
Hawaiian honeycreeper and Old World vulture,M40 2JG,53.500843000000000,-2.180987603484500
Egret and Ice seal,M3 5ND,53.483614592449200,-2.249012000000000
Diving bird and Badger,M40 2PY,53.500630831425400,-2.183745035375730
Treepie and Argus,M28 1YB,53.500088129826800,-2.412117066740540
Warbler and Logrunners,M40 7QZ,53.488607000000000,-2.213712000000000
Tahr and Myna,BL9 9QU,53.575620600000000,-2.295810488000000
Meadowlark and Rabbit,M38 9RZ,53.538346992212000,-2.426340316945780
Shearwater and Capuchin,M24 2JQ,53.551296760079000,-2.184764698243270
Boto and Darwin's finches,M6 5UP,53.482841000000000,-2.300197000000000
Magpie and Duck,OL11 2LT,53.598302300600000,-2.158935563900000
Thicketbird and Vulture,BB4 9HG,53.699384230000000,-2.258903422000000
Rat and Treepie,BL3 5HT,53.574223590000000,-2.440278000000000
Hawaiian honeycreeper and White ibis,BL2 2JL,53.591932850000000,-2.414370485000000
Booted eagles and New World blackbird,OL11 4EE,53.615087936478100,-2.171877362674120
Darwin's finches and Macaw,M30 8HQ,53.491731890907400,-2.372893265895430
Buzzard and Moluccan boobook,M8 9LZ,53.509548454385900,-2.238971100862890
Grosbeak and Petrel,OL12 9HB,53.636837726688900,-2.138602623985710
Chickadee and Coati,OL8 4AU,53.535441009313600,-2.130530653077370
Grosbeak and Thrasher,OL12 9RW,53.631455049093500,-2.137511291862460
Guillemot and Dorcopsis,BL8 1HB,53.608433710000000,-2.311229292000000
Vulture and Herring gull,M1 1EU,53.482887000000000,-2.231136000000000
Marmoset and Stint,M25 3BS,53.535123686310400,-2.282763766013590
Viscacha and Shearwater,M24 4AT,53.550439345643600,-2.202767000000000
Badger and Francolin,M24 0BR,53.547903000000000,-2.198784000000000
Lemming and Solitaire,M28 3DD,53.522533292197400,-2.401263926540260
Nukupuʻu and Masked owl,M25 9XA,53.520515919311800,-2.279634825233550
Macaw and Chicken,BL78 7WZ,53.579492860000000,-2.429684529000000
Tahr and Tattler,BB4 8HX,53.709710840000000,-2.290554696000000
Asiatic leopard and Cuscus,BL2 2UH,53.589328280000000,-2.416369329000000
B and Linsang,OL8 3TS,53.521842490180300,-2.129719537331620
Solitaire and Rat,M24 1GB,53.535008098629900,-2.197110755123040
Gull and Puffleg,BL1 9SH,53.578230570000000,-2.430774245000000
Jackal and Kangaroo,OL9 9TX,53.544373996669100,-2.167666698845460
Piping shrike and American sparrow,OL10 4TF,53.598371254328900,-2.220282736092200
Tahr and Marsh harrier,M30 0WF,53.482120949073400,-2.349874110122790
Dorcopsis and Songlark,M8 5DZ,53.516522152778700,-2.244062522199150
Wader and Macaw,M25 9QW,53.526261485952400,-2.293791790231600
Black cockatoo and Vulture,BL8 4NU,53.652359000000000,-2.331751000000000
Parrotbill and Badger,M6 5QN,53.487292000000000,-2.296339341767930
Magpie and Tree warbler,OL13 9NS,53.697550715234200,-2.197612863274300
Cloud rat and Parakeet,M27 8QS,53.515922342532200,-2.325932863578420
Capuchin and Rabbit,M35 0GL,53.502725714830000,-2.151310331237270
Jerboa and Puffleg,M40 9QD,53.515694664582300,-2.195528003531010
Pheasant and Vole,M45 6BA,53.542780019789400,-2.283508990182410
Chipmunk and Fish eagle,M40 0EB,53.520392651389400,-2.174208096490710
Solitaire and Dolphin,BL0 9RR,53.631765370000000,-2.328731050000000
Macaw and Masked owl,BL8 2QU,53.595700340000000,-2.313507775000000
Marmoset and Black jay,M28 0YN,53.525223115211600,-2.426555377613210
Fulmarine petrel and Argus,M27 0AD,53.501045952928600,-2.363492508282560
Meadowlark and Piping shrike,M3 6EA,53.484484000000000,-2.262367000000000
Nukupuʻu and Tattler,OL11 5BT,53.619868000000000,-2.173968000000000
Jerboa and Duck,OL9 0BU,53.551069882404200,-2.132224005245100
Fulmarine petrel and Jackal,M27 0NF,53.511662286122800,-2.344975504828700
Egret and Peafowl,M9 0QJ,53.536883466383600,-2.233768829496400
Armadillo and Rat,M3 7ND,53.487424297443500,-2.249531720970320
Mouse and Ibex,M40 1WA,53.495621191048300,-2.173804927467890
Herring gull and Mockingbird,OL14 7HX,53.710854746865000,-2.138952293401100
Diving bird and Buzzard,BL9 7UN,53.607748463591000,-2.248881264722630
Rat and American sparrow,BL9 6BG,53.596552880000000,-2.281542331000000
Warbler and Guillemot,BL2 5RP,53.586596690000000,-2.351734031000000
Parrotlet and Partridge,M7 2YA,53.497756886730700,-2.255727711870480
Hawk and Pheasant,OL10 3BZ,53.591751798812100,-2.231941695738580
Nukupuʻu and Badger,BL2 6EL,53.577578300000000,-2.390382682000000
Prion and Songlark,BL1 8QY,53.603309200000000,-2.430455278000000
Duck and Polecat,BL2 5RS,53.588115070000000,-2.354994554000000
Ground sloth and White ibis,M40 1GH,53.496417552944900,-2.170069869817010
Mink and Tattler,BL8 3BB,53.601818610000000,-2.340799004000000
Buzzard and Peafowl,M43 7HQ,53.487905948711500,-2.134513786403230
Zebra and Magpie,M24 2WE,53.555398965720200,-2.182473086080860
Bronzewing pigeon and Francolin,BL0 9UT,53.626424300000000,-2.326194675000000
Siskin and Dolphin,M45 8NW,53.549869182448200,-2.284628006588850
Stint and Marsh harrier,M30 8QL,53.484599478865200,-2.365642400552300
Rat and Towhee,OL8 1SJ,53.534378317360700,-2.124039823693510
Coati and Crow,BB4 7HG,53.692283030000000,-2.254983003000000
Polecat and Ice seal,BL1 2NZ,53.581758150000000,-2.436866000000000
Pitohui and Rabbit,M35 9HR,53.510477650923300,-2.140752635798040
Ice seal and Fish eagle,M27 5GT,53.500997441765100,-2.346547167748990
Triller and Marsh harrier,M26 4LR,53.585314235256500,-2.338279444536760
Hawk and Darwin's finches,BL9 9HR,53.580952790000000,-2.294956612000000
Thicketbird and Gull,OL12 7RU,53.628324730964200,-2.212772615327830
Kite and Night heron,M40 9WS,53.512822008569500,-2.198771976412910
Mouse and Cuscus,M35 9HB,53.508484918311000,-2.145993214942540
Marsh harrier and Snipe,M45 8JF,53.550096620688300,-2.271875976420380
Parrotbill and Warbler,OL10 2WA,53.579817221078400,-2.205007000000000
Rabbit and Bunting,OL10 1FY,53.591387299000000,-2.202570678100000
Hawaiian honeycreeper and Warbler,BB4 9BU,53.695868690000000,-2.242297996000000
Grosbeak and Stilt,OL10 4TS,53.598829502520800,-2.229910393026500
Cloud rat and Parrotbill,OL16 5QF,53.611381492747500,-2.139954992988890
Black jay and Bronzewing pigeon,OL13 9HL,53.706703350141200,-2.190384316671030
Bunting and Fish eagle,BB3 3QP,53.696295570000000,-2.406489957000000
Grouse and Jerboa,BL9 6QH,53.613370850000000,-2.292401444000000
Lemming and Flameback,BL9 0DQ,53.593085270000000,-2.299271496000000
Flameback and Pitohui,M27 8TW,53.509998542539900,-2.316056040939540
Booted eagles and New World blackbird,M5 5LN,53.486328017473100,-2.303718156563510
Cuscus and Scimitar babbler,OL13 9DN,53.708321730417600,-2.195633361589730
Rat and Night heron,M7 3RA,53.507857098804500,-2.280968748837730
Thrasher and Marmoset,M6 8NZ,53.489967021144000,-2.297097591227620
Grackle and Partridge,BL3 5BW,53.571277630000000,-2.439537378000000
Prion and Elephant,M29 8SG,53.511003000000000,-2.434192000000000
Rabbit and Linsang,OL12 6EL,53.630963445633300,-2.157152873013530
Buzzard and Grackle,M9 4XA,53.513654514983500,-2.216253588645390
White ibis and Zebra,M26 3GS,53.564869568743000,-2.349454957915770
Prion and Vulture,BL1 9XT,53.588504000000000,-2.425423000000000
Peafowl and Cloud rat,BL9 8EF,53.564091920000000,-2.287063749000000
Perching duck and Coati,M28 3SF,53.520356444677700,-2.407065170290440
Siskin and Songlark,M45 7WZ,53.547407203516100,-2.299009256550400
Warbler and Tit-tyrant,BB4 8EJ,53.704123070000000,-2.285638503000000
Polecat and Piping shrike,M40 9BZ,53.507355849653200,-2.194042109093570
Bronzewing pigeon and Civet,BL9 0TE,53.587449970000000,-2.299125904000000
Lemming and Hawaiian honeycreeper,OL13 0WT,53.703917003284300,-2.201384264542500
Mockingbird and Asiatic leopard,BB4 7TF,53.701247720000000,-2.269775261000000
Eagle and Darwin's finches,BL7 9SJ,53.628565350000000,-2.440601575000000
Vulture and Puffleg,M40 1NS,53.501841995654500,-2.173242452251850
Cloud rat and Badger,M24 5JX,53.563721572812600,-2.215225869080990
Vulture and Warbler,OL12 8SS,53.648216797562200,-2.179167775811250
Old World quail and Hawaiian honeycreeper,BL2 2SA,53.586874900000000,-2.403127336000000
Triller and Stint,OL16 2PB,53.629980586384800,-2.137854281564400
Diving bird and Gull,M35 5AL,53.510741000000000,-2.152634000000000
Parrotbill and Pheasant,BL2 2LB,53.590380770000000,-2.410925916000000
Guillemot and Chickadee,OL12 9SJ,53.628070149652700,-2.142066728946160
Tree warbler and Greenbul,M9 8FH,53.522734951100000,-2.224821907066180
Solitaire and Zebra,M9 5SB,53.507890203301700,-2.217762161951630
Fish eagle and Lemming,BL8 4PE,53.659066230000000,-2.330683765000000
Vole and Diving bird,M9 8QP,53.522706204300000,-2.223766000000000
Argus and Rat,M24 5AF,53.565164000000000,-2.206927000000000
Night heron and Wader,BL1 8QJ,53.599670200000000,-2.430100935000000
Vulture and Petrel,BL2 6BE,53.580161280000000,-2.402927485000000
Chicken and Chipmunk,M40 9JD,53.511212141738900,-2.193878797881010
Gull and Myna,BL8 2NP,53.591537680000000,-2.313915061000000
Eagle and Perching duck,M45 0GP,53.534457000000000,-2.287117000000000
Armadillo and Fox,OL13 9LZ,53.703999001835400,-2.195295178527800
Elephant and Dorcopsis,M24 1FU,53.544237691648800,-2.186831541839410
New World blackbird and Triller,M26 4ED,53.567723126733300,-2.335421078290420
Zebra and Fulmarine petrel,M3 1NH,53.490194000000000,-2.249442000000000
Parakeet and Tahr,M27 4DW,53.511577815877800,-2.323773320496320
Meadowlark and Jackal,OL16 2AB,53.614349000000000,-2.147447000000000
Mamo and Crow,M30 9LB,53.490785599211800,-2.343765978640330
Maya and Flameback,M40 1JF,53.499038050232400,-2.179034801850860
Rabbit and Parrotbill,OL11 5LQ,53.625547204250500,-2.217854018021770
Marmoset and Armadillo,OL9 8HN,53.525062804439800,-2.150575522878170
Jerboa and Chickadee,BL7 0QJ,53.650020750000000,-2.399524008000000
Parrotbill and Polecat,M43 7YE,53.481201803630500,-2.148506000000000
New World blackbird and Pheasant,OL10 4AB,53.599379293885500,-2.219547571512760
Greenbul and Coati,M6 7FS,53.496858375511200,-2.305331020183570
Mole and Polecat,BL7 9UH,53.627050860000000,-2.441810550000000
Dorcopsis and Mole,M45 7HY,53.543751574461200,-2.315462539636860
Prion and Diving bird,M25 0DH,53.526751402365600,-2.252493369780480
Warbler and Chipmunk,M5 0BY,53.481203331800000,-2.280431088200000
Triller and Badger,M9 7BH,53.523656415110000,-2.191190487126460
Ice seal and Chickadee,M2 6BA,53.481085314282900,-2.246224631263760
Pitohui and Eagle,OL13 0BY,53.693820633901100,-2.202986742623280
Treepie and Chipmunk,OL9 9EW,53.543562652070800,-2.141768005693820
Siskin and Kite,M6 7FQ,53.497105478219500,-2.303599269232920
Towhee and Partridge,BL4 0BP,53.548497120000000,-2.418081156000000
Eagle and Treepie,BL9 9AE,53.586250100000000,-2.289978384000000
Grosbeak and Philippine hawk-owl,M45 7LR,53.545423060650600,-2.308714067438650
Kite and Towhee,M25 0GT,53.523974907682500,-2.264528696862940
Duck and Pratincole,M30 8PG,53.481918569662100,-2.363464494707710
Argus and Meadowlark,OL10 3BF,53.590767328130600,-2.229745719935940
Zebra and Moluccan boobook,OL11 2BJ,53.587873000000000,-2.176569000000000
Cloud rat and Puffleg,BL2 5QS,53.581543800000000,-2.364228539000000
Grouse and Tattler,BL9 9NR,53.577926360000000,-2.297518121000000
Jay and Kestrel,BB4 9EF,53.698292550000000,-2.252414260000000
Pratincole and Francolin,M4 5BR,53.482993000000000,-2.232025000000000
Jerboa and Egret,M6 6SP,53.496755845556800,-2.281196769037410
Old World warbler and Crow,BL9 6PT,53.610543720000000,-2.290689069000000
Dolphin and New World blackbird,M8 8EW,53.497146386293900,-2.251156567699440
Marmoset and Tit-tyrant,M4 4AU,53.490754000000000,-2.239453000000000
Prion and Snipe,OL9 8HZ,53.525298789652100,-2.148751183446140
Elephant and Mole,BL2 3AR,53.600131020000000,-2.411534366000000
Peafowl and Civet,OL10 4PU,53.595137896971700,-2.223816511453570
Mamo and Tahr,M9 6NU,53.525372587762600,-2.207700287847090
Masked owl and Zebra,BL8 2TA,53.587578590000000,-2.335336697000000
Masked owl and Jerboa,BL2 6RT,53.573171000000000,-2.363084000000000
Fulmarine petrel and Coati,M24 1WP,53.534427229177600,-2.205768204451500
Stint and Dorcopsis,BL7 0AR,53.645558850000000,-2.389755092000000
Old World quail and Elephant,OL8 3UN,53.520502073516400,-2.130605000000000
Old World vulture and Mamo,M7 2JS,53.496285000000000,-2.267565636415700
Guillemot and Marsh harrier,M25 0PU,53.525975457729000,-2.278102039077930
White ibis and Mamo,OL12 8AW,53.662398104803500,-2.180529443345400
Hawaiian honeycreeper and New World blackbird,M45 8JS,53.548845742978900,-2.268562690062600
Polecat and Piping shrike,M27 6AG,53.514009405223800,-2.341450742100660
Capuchin and Boto,BL8 9UL,53.592643000000000,-2.310205000000000
Kākāriki and Partridge,OL13 9JX,53.700993563963800,-2.197371514962860
Egret and Grouse,M27 8BS,53.508879000000000,-2.296927000000000
Boto and Pitohui,BL1 1RJ,53.578371420000000,-2.429099233000000
White ibis and Crow,OL12 0LE,53.623250930035900,-2.157623102002870
Bronzewing pigeon and Tattler,OL16 9QD,53.611550000000000,-2.148781000000000
Mouse and Chipmunk,BB4 6SX,53.697363480000000,-2.317928570000000
Peafowl and Shearwater,M26 2JG,53.566466349848600,-2.311585199356450
Wallaby and Kestrel,OL9 0DW,53.549418270445600,-2.138180458067660
Stint and Macaw,M25 9GD,53.527637437903200,-2.282306561366690
Puffleg and American sparrow,BB4 7JP,53.695706670000000,-2.263666652000000
Zebra and New World blackbird,BL2 2JD,53.591616440000000,-2.414896162000000
Mink and Tahr,BL8 4DS,53.625089910000000,-2.337403219000000
Linsang and Mole,OL11 5QP,53.619058612906800,-2.212348021278730
Bronzewing pigeon and Cuscus,BL1 1JL,53.577809830000000,-2.427794693000000
Jay and River dolphin,M27 8GR,53.516135588151300,-2.326839356305030
Egret and Diving bird,BL8 2DJ,53.585131650000000,-2.326359771000000
American sparrow and Peafowl,M5 4WB,53.480530102026000,-2.266006000000000
Minke whale and New World blackbird,OL10 3SH,53.586634896161500,-2.237820080723830
Partridge and Capuchin,M30 8EA,53.489889379862800,-2.361151370669640
Siskin and Parrotlet,M24 5TD,53.556103561905000,-2.207835854306690
Logrunners and Guillemot,M2 1BB,53.481660726412800,-2.241752575601310
Mole and Songlark,M27 9HF,53.516122000000000,-2.353985000000000
Fox and Civet,OL12 6XD,53.614689840256900,-2.167386302710920
Shearwater and Boto,M8 9LX,53.509880569169400,-2.239199151058560
Perching duck and Mole,BL2 5SQ,53.588737100000000,-2.360392886000000
Grosbeak and Polecat,M25 1DN,53.527736910728000,-2.270390060336620
Civet and Philippine hawk-owl,OL16 2NE,53.618357000000000,-2.146537000000000
Skunk and Linsang,M35 0PD,53.496350000000000,-2.160134000000000
Moluccan boobook and Booted eagles,OL10 1LW,53.593000661349300,-2.217882776274650
Stilt and Bronzewing pigeon,OL1 2RQ,53.555609749969600,-2.154080494133800
Myna and Viscacha,OL9 9UD,53.545390457264600,-2.167112345414020
Chickadee and Scimitar babbler,M28 7XG,53.509667380256700,-2.412828273189220
Armadillo and Thrasher,OL2 5TZ,53.570153951178500,-2.130532037589050
Elephant and Flameback,M25 3HD,53.532792360507000,-2.287922998967790
River dolphin and Vulture,BL9 9SG,53.576359300000000,-2.298760603000000
Stint and Elephant,OL10 3BD,53.590317214083100,-2.225392379592250
Elephant and Eagle,BL7 9EW,53.622384300000000,-2.437362209000000
Night heron and Mockingbird,BB4 7TA,53.699611260000000,-2.270052568000000
Ground sloth and Petrel,M8 0BQ,53.506598454653800,-2.235350968221050
Herring gull and Mole,OL13 8DT,53.707798789245900,-2.202023945705040
Greenbul and Prion,OL12 7ER,53.625774639880300,-2.178225855023050
Rabbit and Diving bird,M26 2UG,53.564698930110400,-2.320540518359570
Perching duck and Scimitar babbler,OL2 6AS,53.558051718002600,-2.117014197693770
Hawaiian honeycreeper and Myna,BL2 5HX,53.589794850000000,-2.381446000000000
Black jay and Partridge,BL8 3BZ,53.606018580000000,-2.339941178000000
Kite and Jackal,OL9 8QX,53.538741631571400,-2.136863069818920
Flameback and Pitohui,M4 4JQ,53.488946510820400,-2.230053555383920
Fulmarine petrel and Bunting,BL1 8XF,53.595016880000000,-2.434344615000000
Old World warbler and Dolphin,OL11 2QU,53.596039057965400,-2.160951442767880
Tit-tyrant and Shearwater,BL4 0DN,53.551948090000000,-2.415670013000000
Triller and Vole,OL1 2TS,53.552650077047000,-2.162748682754620
American sparrow and River dolphin,M6 5JY,53.488170462941800,-2.293000789799570
Minke whale and Bunting,BB4 5SN,53.704245000000000,-2.326235136000000
Siskin and Asiatic leopard,M38 0ES,53.527946000000000,-2.434608000000000
Magpie and Towhee,BL7 9SX,53.630080250000000,-2.441721240000000
Marsh harrier and Tit-tyrant,M8 5DE,53.517407007956100,-2.246495707733190
Mamo and Viscacha,OL10 3AY,53.588945311083800,-2.223632683782640
Meadowlark and Partridge,M26 2RS,53.566833236256900,-2.315634414021940
Black cockatoo and Diving bird,OL12 8JN,53.662573666365300,-2.171162811052510
Zebra and Kestrel,BL0 9QD,53.635658810000000,-2.328171524000000
Greenbul and Greenbul,OL13 8EA,53.707612487033700,-2.200568723770670
Stilt and Jackal,OL8 4HX,53.527809972266500,-2.121953946231560
Old World quail and Ground sloth,OL9 9EG,53.542556050687400,-2.133902618193820
Gull and Gull,M27 5QL,53.504904110632600,-2.341800000000000
Parakeet and Condor,OL13 0AD,53.702040459438200,-2.200208955805070
Maya and Fish eagle,OL9 9PW,53.526839231841600,-2.166571577076700
Flameback and Guillemot,M25 0BJ,53.523033686774500,-2.271400831587270
Tattler and Grouse,M24 1JG,53.535597436101600,-2.182599048387520
Zebra and Diving bird,BL2 6HS,53.581981520000000,-2.391178000000000
Wallaby and Armadillo,BL2 6DQ,53.578992400000000,-2.397675514000000
Ibex and Gull,OL9 9DN,53.539089812859100,-2.146430629754820
Mockingbird and Moluccan boobook,BL2 3BS,53.603957720000000,-2.409591886000000
Triller and American sparrow,M6 7GU,53.499345156285000,-2.306509672604160
Meadowlark and Chipmunk,M25 0HU,53.520410855775900,-2.266618010466400
Bunting and Marsh harrier,M8 0LW,53.502736212917900,-2.238480463041880
Buzzard and Grosbeak,BL7 9AP,53.620706200000000,-2.413866264000000
Viscacha and Grouse,M24 4BD,53.550026599795200,-2.208319200737990
Armadillo and Dorcopsis,M8 0RD,53.502170359776800,-2.229084982925970
Fulmarine petrel and Meadowlark,OL11 5WB,53.621458828072500,-2.212148425151760
Tahr and B,M6 5EQ,53.487107000000000,-2.279415000000000
Crow and Rat,BB4 7LJ,53.699476950000000,-2.269824512000000
Viscacha and Herring gull,M6 7LN,53.503177867222100,-2.305090016374080
Zebra and Badger,M24 4ER,53.553731631403000,-2.212382676674730
Logrunners and Skunk,BL1 1SU,53.578202060000000,-2.433688844000000
Elephant and Songlark,M28 3NG,53.527474850526000,-2.393783257180990
Bronzewing pigeon and Parakeet,M60 1TA,53.482233298311700,-2.238621511767460
Kangaroo and Linsang,M27 0JP,53.509733305100700,-2.352996750727490
Treepie and Chickadee,OL12 8XL,53.657178000000000,-2.185455000000000
River dolphin and Grosbeak,M5 0JP,53.481203331800000,-2.280431088200000
Petrel and Capuchin,BL4 0NS,53.546397380000000,-2.432383000000000
Darwin's finches and Recurvebill,OL9 7PQ,53.525319489115200,-2.139037082668680
Bronzewing pigeon and River dolphin,M25 3HL,53.531505185285300,-2.292379823022850
Duck and Prion,BL4 9QT,53.545303930000000,-2.410971837000000
Thrasher and Tit-tyrant,OL11 5SL,53.626940878445600,-2.212342000000000
Mole and Ground sloth,OL2 6TH,53.574814696593800,-2.126061207703570
Jerboa and Chipmunk,M26 1UH,53.553459897319400,-2.321874358106590
Siskin and Tahr,M6 5HG,53.488092569623900,-2.288208000000000
Jay and Grosbeak,M30 8LL,53.484208306435900,-2.361268848362420
Ibex and Vulture,BL2 3PT,53.597685160000000,-2.382046123000000
Logrunners and Bronzewing pigeon,BL1 3NN,53.591033880000000,-2.434666328000000
Prion and Kite,OL2 5XU,53.573853305998100,-2.133986569565690
Fox and Tit-tyrant,M9 6FP,53.525982425957900,-2.208487662217670
Recurvebill and Grosbeak,M24 2NY,53.561075910746400,-2.179070000000000
Viscacha and Shearwater,BL8 1DJ,53.603292590000000,-2.311161242000000
Parrotlet and Logrunners,OL9 6TR,53.549815931472100,-2.128175211269020
American sparrow and Bunting,OL9 8QP,53.537047122055900,-2.140901255699270
Old World warbler and Minke whale,OL12 6PL,53.621263131924000,-2.165855000000000
Ice seal and Chipmunk,OL2 6BT,53.560889445921800,-2.119618689800780
Asiatic leopard and Herring gull,BL4 7HT,53.555581370000000,-2.415101846000000
Zebra and Petrel,M30 9PN,53.490673656718400,-2.351346234148670
Capuchin and Shearwater,BL8 3PQ,53.615002810000000,-2.335009959000000
Vulture and Warbler,BL4 0NB,53.550462560000000,-2.426567805000000
Coati and Jay,M35 0SQ,53.502774904808100,-2.155004155634320
Philippine hawk-owl and Myna,M27 8LJ,53.523663064529900,-2.315252813252530
Buzzard and Songlark,M9 5QQ,53.506099162376600,-2.214089184147470
Old World warbler and Thicketbird,BL1 7HA,53.610606810000000,-2.435668506000000
Songlark and Jerboa,BL2 6TP,53.572658230000000,-2.377456139000000
Marsh harrier and Hawaiian honeycreeper,OL12 6LR,53.630530151170000,-2.171577287034530
Piping shrike and Linsang,OL8 3LU,53.517900808125300,-2.134035858823820
Egret and Eagle,OL11 3NG,53.602094331390700,-2.181722539862610
Mole and Capuchin,M28 2GP,53.501543364181300,-2.356516692753770
Chickadee and Buzzard,OL12 7TW,53.629539042264900,-2.226947372166080
Petrel and Capuchin,M30 0NL,53.484177797879900,-2.341075337577030
Pratincole and Dorcopsis,BL8 1EL,53.605917940000000,-2.307387223000000
Grackle and Grosbeak,M24 1WY,53.536140114850400,-2.202789099497610
Grosbeak and Nukupuʻu,OL13 9TG,53.691147473501700,-2.182984658546950
White ibis and Grouse,M9 7AZ,53.525029000000000,-2.193414000000000
Chickadee and Dolphin,M45 7AX,53.541161970861600,-2.286818000000000
Darwin's finches and Wallaby,BL1 9ZB,53.588504000000000,-2.425423000000000
Shearwater and New World blackbird,OL12 0LQ,53.622713291758600,-2.149335979593630
Darwin's finches and Old World warbler,OL9 6AL,53.544337945696100,-2.123525728669440
Snipe and Scimitar babbler,M27 6LB,53.528781907296300,-2.346593000000000
Polecat and Badger,BB4 4RN,53.697849770000000,-2.331064000000000
Capuchin and Elephant,OL16 5TB,53.612513226209800,-2.140623810281130
Buzzard and Cuscus,M6 6DP,53.498391574440400,-2.281267900053080
Minke whale and Piping shrike,M27 6FN,53.519253341518200,-2.333786019485410
Diving bird and Magpie,BL3 3AG,53.564179340000000,-2.441290607000000
Thicketbird and Fox,BB4 4LY,53.681917340000000,-2.332800811000000
New World blackbird and Tit-tyrant,M24 2LR,53.552571771198400,-2.191320977923960
Booted eagles and Darwin's finches,BB4 7AW,53.691951710000000,-2.250135032000000
Guillemot and Fox,M9 7BA,53.523508690832900,-2.187992121766670
Fulmarine petrel and River dolphin,M8 4ND,53.528196367608500,-2.245019000000000
Marsh harrier and Greenbul,BL8 2EY,53.590840990000000,-2.341813451000000
Argus and Maya,M25 0JA,53.522502796634000,-2.267671895912980
Tit-tyrant and Marmoset,M28 7QL,53.514150811902100,-2.394745415785020
Stilt and Capuchin,OL12 8XN,53.645281183050900,-2.188564248044130
Black cockatoo and Zebra,M9 6DH,53.526877263459400,-2.205610886477890
Macaw and Bunting,BL1 6QR,53.603714810000000,-2.442458454000000
Mink and Night heron,BL2 6GE,53.583182423221400,-2.384981810567640
Stint and Jackal,M7 4RP,53.508354568678700,-2.259742032905280
Marmoset and Fox,M8 5YB,53.511785282640500,-2.225774199420550
Herring gull and Grouse,M4 5FX,53.487054000000000,-2.233027000000000
Black jay and Armadillo,M6 6AR,53.492742000000000,-2.276256000000000
American sparrow and Jay,OL12 7HQ,53.633933981405900,-2.173451227199060
Flameback and Cloud rat,BL9 8LE,53.559620910000000,-2.277251013000000
Fulmarine petrel and Pratincole,BL8 2PY,53.592699530000000,-2.316431634000000
Grackle and Rat,M28 1HL,53.506044526240800,-2.412973977349860
Wader and Chicken,BL2 4EW,53.599702750000000,-2.377893789000000
Moluccan boobook and Skunk,M40 7PW,53.492317000000000,-2.214982000000000
Pratincole and Herring gull,BL1 6PY,53.598732450000000,-2.440789549000000
American sparrow and Mouse,BL4 0PL,53.543504580000000,-2.431839912000000
Pitohui and Old World warbler,OL16 2AE,53.619418886800000,-2.149490883800000
Chickadee and Fulmarine petrel,BL8 3NF,53.616405080000000,-2.334975720000000
Skunk and Vole,M27 0FQ,53.502041430070800,-2.352239311396260
Masked owl and Tahr,M35 0BS,53.502865000000000,-2.174845000000000
Asiatic leopard and Thicketbird,OL2 5US,53.582112000000000,-2.136579915740170
Siskin and Macaw,M26 3XB,53.568859454400700,-2.364814049819040
Stint and Mamo,M8 5BG,53.514956150468300,-2.244883000000000
Songlark and Black cockatoo,BL9 7RP,53.602085500000000,-2.263656924000000
Partridge and Warbler,M26 1RL,53.555474789500000,-2.323082442200000
Flameback and Tree warbler,M28 2QD,53.498062185699500,-2.372119745282250
Night heron and Dorcopsis,M28 3AQ,53.522758194548800,-2.398520891939670
Jerboa and Chipmunk,BL4 8JG,53.540809750000000,-2.381126089000000
Darwin's finches and Kangaroo,M27 0ER,53.502811445561500,-2.362256296473320
Tattler and Tahr,BL8 9SF,53.590171260000000,-2.299991144000000
Kestrel and Asiatic leopard,BL8 1AZ,53.602224380000000,-2.310624480000000
Ground sloth and Mouse,M6 6PY,53.490502886844400,-2.279919480816710
Bronzewing pigeon and Duck,BL3 1DW,53.565561510000000,-2.381831873000000
Ground sloth and Old World warbler,M27 9QP,53.519660451128600,-2.357724636029670
Eagle and Buzzard,BB4 7NH,53.700711030000000,-2.284191579000000
Boto and Capuchin,M25 0LL,53.519648695121200,-2.269795552314150
Triller and Tahr,M30 0PW,53.484413076667000,-2.337355018146650
Dorcopsis and Pheasant,OL9 0NZ,53.550920530248800,-2.151980566571750
Badger and Thrasher,BL9 7NX,53.593578080000000,-2.265688874000000
Egret and Partridge,OL10 2NY,53.582943583610000,-2.222317071687990
Grouse and Songlark,OL9 7PB,53.526334925407100,-2.139251596991800
Polecat and Polecat,M26 4JQ,53.569767537371400,-2.333972568605970
Eagle and Armadillo,OL9 8DT,53.522857608989800,-2.159828803492760
Gull and Chipmunk,BL4 9DQ,53.544675290000000,-2.397519577000000
Philippine hawk-owl and Nukupuʻu,BL3 1AJ,53.567073590000000,-2.381196242000000
Herring gull and Puffleg,M40 8BD,53.501242393567100,-2.215768227067840
Chicken and Maya,M40 2AY,53.495928000000000,-2.202028035110430
Tahr and Warbler,OL9 6LP,53.545239234380100,-2.129685567154380
Mink and Wader,BL7 9SF,53.626471830000000,-2.437948826000000
Parakeet and Thrasher,OL2 5QL,53.566473606844500,-2.126006154650100
Jerboa and Gull,M28 0FE,53.527825041561400,-2.422825341815870
B and Chickadee,M1 2ED,53.481035710769500,-2.230553173762600
Partridge and Recurvebill,BL9 0AN,53.593259070000000,-2.298064057000000
Myna and Perching duck,OL12 9QH,53.638983617438100,-2.124347138198730
Stilt and Tahr,BL7 9JX,53.616880830000000,-2.417985957000000
Booted eagles and Francolin,OL8 3AL,53.521554865323800,-2.121166720894730
Towhee and Skunk,M4 4DY,53.487741679069500,-2.239557000000000
Macaw and Thicketbird,M25 1ES,53.529001792479600,-2.271484277851000
Asiatic leopard and Mole,OL12 9SP,53.627997216332500,-2.142928364071620
Macaw and Wader,BL2 3PF,53.598635000000000,-2.382536000000000
Petrel and Armadillo,M7 2YJ,53.501782000000000,-2.257229000000000
Solitaire and Logrunners,M6 8FP,53.490681170450700,-2.323222150555940
Mink and Buzzard,M30 9JG,53.492674487307000,-2.349508853626790
American sparrow and Minke whale,BB4 7RX,53.702668250000000,-2.281311604000000
Rat and Piping shrike,BL3 1PF,53.559095030000000,-2.356895050000000
Chicken and Coati,BB4 4JL,53.690770530000000,-2.332855535000000
Linsang and Skunk,OL16 2PY,53.632159263045500,-2.134761345907940
Grouse and Old World vulture,M6 7HW,53.496141419638600,-2.300954460174820
Guillemot and Kestrel,BB4 8UX,53.709583570000000,-2.283660572000000
Condor and Chipmunk,M28 3PR,53.526428730914000,-2.389353758980710
Jay and Puffleg,M8 4LJ,53.523409128231200,-2.247526095939490
Mink and Capuchin,OL10 1NH,53.590278000000000,-2.208200000000000
Parrotbill and Coati,OL13 9UF,53.711164431489600,-2.176723560019870
Grackle and Booted eagles,M28 8FT,53.513067000000000,-2.362206000000000
Nukupuʻu and Chickadee,M40 3WR,53.518348000000000,-2.171877000000000
Tahr and Ice seal,M28 3PH,53.527714691782600,-2.391914935730880
Grouse and Perching duck,BL9 6AT,53.607930000000000,-2.275029782212580
Recurvebill and Tattler,M9 5RT,53.509839792376800,-2.213278732460810
Nukupuʻu and Darwin's finches,OL11 3PF,53.598639713493500,-2.189519684259540
Moluccan boobook and Mouse,M45 7FT,53.544995189235500,-2.293016143377860
Bronzewing pigeon and Capuchin,M9 5RF,53.507166387672200,-2.215421405306690
Gull and Tree warbler,OL8 4BN,53.533930492800000,-2.126754458900000
Peafowl and Grouse,BL2 2EJ,53.586537410000000,-2.412474741000000
Francolin and Grackle,M28 7XN,53.509636908330000,-2.403328427899590
Vole and Puffleg,M24 1DF,53.546144292828700,-2.197343657458300
Old World warbler and Herring gull,BL8 3NQ,53.616022820000000,-2.336166000000000
Pratincole and Vole,BL4 7TS,53.558848950000000,-2.408491547000000
Moluccan boobook and Peafowl,M4 5AL,53.484280000000000,-2.231234000000000
Kangaroo and Kangaroo,BL0 9FD,53.638007130000000,-2.324000319000000
B and Bronzewing pigeon,M38 0DD,53.529528742535600,-2.431516613189910
Hawk and B,M9 0WD,53.534672365119100,-2.229109697915360
Cloud rat and Tattler,M9 6LR,53.526248768593700,-2.210374530004770
Scimitar babbler and Kestrel,BL0 9JS,53.634011080000000,-2.335689942000000
Darwin's finches and Pratincole,BL9 0HB,53.593085270000000,-2.299271496000000
Macaw and Wader,M8 9BU,53.503647400903900,-2.245692126267080
Parrotbill and Parrotlet,M24 2PD,53.558793961617300,-2.184163375060790
Lemming and Magpie,M27 0LH,53.507857525157800,-2.352046318281210
Goose and Petrel,BL2 5BN,53.590316630000000,-2.395289183000000
Nukupuʻu and Myna,M6 5FJ,53.488964333535000,-2.284370433619530
Francolin and Magpie,M5 4GZ,53.489211000000000,-2.271320000000000
Mouse and Warbler,M28 7QD,53.515861910006800,-2.396465465686480
Guillemot and Asiatic leopard,M9 4JF,53.511304001466800,-2.208702028413770
Pratincole and Kite,M26 2TW,53.567519000000000,-2.303694000000000
Black cockatoo and Diving bird,M30 8JZ,53.495784638839500,-2.373230319753060
Minke whale and Asiatic leopard,OL2 5QX,53.569755535413200,-2.124868336334180
Tit-tyrant and Nukupuʻu,M7 1LG,53.496198000000000,-2.266195000000000
Partridge and Wader,BL8 3DY,53.608503910000000,-2.332132000000000
Dorcopsis and Parrotbill,M27 5TT,53.510161010392000,-2.338765916595350
Tattler and Linsang,M27 8UG,53.510273780456600,-2.317339790986880
Egret and Triller,M7 4GP,53.512596374523400,-2.251685313309490
Philippine hawk-owl and Macaw,M8 0NG,53.509843059062900,-2.235459434818730
Partridge and Pratincole,M43 7JR,53.486012573677800,-2.131659522624170
Asiatic leopard and Vulture,BL0 9AG,53.648476870000000,-2.317878117000000
Elephant and Darwin's finches,M28 7GE,53.514925438201100,-2.396969456217130
Greenbul and Stilt,BB4 6JN,53.690664620000000,-2.301599112000000
Vole and Badger,OL13 8DU,53.708563717328700,-2.201467079601570
Shearwater and Pheasant,M4 5DU,53.485333250908900,-2.230003843436670
Kākāriki and Fish eagle,M24 6EH,53.559710699840500,-2.195519825841910
Pitohui and Goose,M25 0DJ,53.526668847274700,-2.253277278994790
Buzzard and Goose,M28 1EU,53.505513032183700,-2.410707229960440
Herring gull and Treepie,BL9 5LA,53.621172810000000,-2.299606374000000
Recurvebill and Jay,M45 6FW,53.545066422821900,-2.278257460816850
B and Mouse,M30 9ES,53.488365122984700,-2.335186024823800
Partridge and Jay,M26 3RR,53.563347422239200,-2.341199051699290
Meadowlark and Parrotbill,M4 6DE,53.481189000000000,-2.226365000000000
Guillemot and Black cockatoo,M40 5PX,53.522845608805200,-2.180839721333380
Minke whale and Pratincole,BL2 5PE,53.589332940000000,-2.371290094000000
Tahr and Jerboa,BL0 0PW,53.658368440000000,-2.316167060000000
Egret and Buzzard,M40 7RT,53.494008804981000,-2.229116309780980
American sparrow and Argus,M3 3BQ,53.481195185626100,-2.249585541859870
Perching duck and Mockingbird,BL4 7LG,53.554968500000000,-2.402446433000000
Chickadee and Magpie,M11 4RU,53.483693079483200,-2.180175642308710
Egret and Old World quail,M35 0RZ,53.503330136938100,-2.156574121260680
Parrotlet and Wader,M45 8JR,53.549377877753400,-2.267751056009250
Eagle and Meadowlark,M27 4DQ,53.513317931100100,-2.325113627414680
Elephant and Bronzewing pigeon,OL16 2QS,53.631876935512000,-2.129981862120150
Vulture and Solitaire,M7 4FX,53.510663486210200,-2.256091980422160
Condor and Parakeet,OL8 3JJ,53.516277761731000,-2.122071568240780
Puffleg and Ibex,BL9 7HR,53.591343250000000,-2.268258250000000
Dolphin and Mink,OL11 2HY,53.597761631871300,-2.156576125063820
Duck and Shearwater,M1 1DN,53.482853781439600,-2.233938514665180
Meadowlark and Thrasher,M26 3UN,53.570500788553900,-2.354031495240070
Lemming and Snipe,OL16 5NZ,53.609852680177900,-2.140645182905170
Ground sloth and Badger,OL16 1BX,53.618460304828400,-2.157544756889070
American sparrow and Maya,BB4 4BD,53.698765320000000,-2.321407604000000
Bunting and Kangaroo,M24 4BT,53.544941521688300,-2.221996931174720
White ibis and Stilt,BB4 8HB,53.705979310000000,-2.287438632000000
Triller and New World blackbird,M30 8EN,53.486925000000000,-2.360825000000000
Macaw and Myna,M45 8JB,53.548581564312300,-2.274069751470570
Rabbit and Minke whale,M35 0UA,53.505796260279200,-2.173680760760480
Partridge and Bunting,M27 9PD,53.512214231701300,-2.352957064192940
Argus and Chickadee,M35 0FW,53.507988404962800,-2.161612280776130
Towhee and Old World quail,BL2 6EJ,53.578612000000000,-2.390604000000000
Meadowlark and Black cockatoo,M45 8JZ,53.550068693729000,-2.272298400009110
White ibis and Kestrel,M26 4BL,53.563630079728200,-2.336611593831080
Tahr and Bronzewing pigeon,M28 1JQ,53.502566921568800,-2.428031380921800
Stint and Hawk,M27 8GH,53.520796881618700,-2.324899443632380
Jackal and Cuscus,M9 8DR,53.522005144165400,-2.220941717259170
Myna and Dolphin,M11 4LJ,53.486247341353400,-2.173058247515980
Shearwater and Flameback,M4 5AZ,53.484296000000000,-2.232530000000000
Tree warbler and Marsh harrier,OL12 7HT,53.635857777432300,-2.179327059362140
White ibis and Dolphin,OL12 9NL,53.647215570085800,-2.133811016354980
Piping shrike and Ibex,M40 8QE,53.500368501397300,-2.211874362603050
Marmoset and Gull,M6 5QX,53.485664130500000,-2.283173151400000
Pitohui and Capuchin,BL2 6NY,53.580253330000000,-2.383127333000000
Booted eagles and Grouse,OL13 9XB,53.693945575165400,-2.181149199932350
Piping shrike and Nukupuʻu,BL2 6NX,53.579829860000000,-2.380631407000000
Logrunners and Flameback,M1 1WA,53.481603661448600,-2.238844004381740
Pitohui and Rabbit,BL7 0DT,53.638230910000000,-2.395994396000000
Crow and Flameback,M27 0DY,53.501713478282600,-2.350668706866450
Linsang and Old World vulture,M3 6EU,53.483626000000000,-2.256848000000000
Marmoset and Duck,BL9 7LP,53.598632550000000,-2.272323801000000
Flameback and Night heron,M38 9AG,53.536433443800000,-2.420014000000000
Rabbit and Capuchin,BL7 9NB,53.616405850000000,-2.412403210000000
Nukupuʻu and Snipe,BL7 9JG,53.616956330000000,-2.422083375000000
Lemming and Ibex,OL9 8AF,53.529340106171500,-2.151495853312580
Pitohui and Pratincole,OL11 2UP,53.590698915626300,-2.174542882828220
Duck and Bronzewing pigeon,BL8 4AD,53.614723990000000,-2.341432064000000
Tahr and Partridge,M27 8BL,53.508836000000000,-2.300049000000000
Duck and Piping shrike,OL11 4BB,53.608294406369300,-2.205069608568950
River dolphin and Jay,OL16 9QS,53.611550000000000,-2.148781000000000
Triller and Badger,OL16 1LW,53.616536432241400,-2.157689000000000
New World blackbird and Kestrel,M40 8DQ,53.494581126593300,-2.211212402707230
Mouse and Dolphin,M30 0GS,53.483992757034300,-2.349120977039550
Fulmarine petrel and Partridge,M30 8PU,53.481148968052800,-2.362342841640060
Pratincole and Warbler,BL9 7DE,53.593067000000000,-2.277651000000000
Elephant and Puffleg,BL1 1QY,53.578703720000000,-2.431670149000000
Wader and Dorcopsis,M26 1JS,53.554679216949700,-2.319679805319620
Rabbit and Civet,M45 8JU,53.549455074212000,-2.269396651936830
Songlark and Shearwater,M9 5UQ,53.510633903428500,-2.211518490401790
Chickadee and Elephant,BL1 7QP,53.606110308643300,-2.430227155770900
Hawaiian honeycreeper and Chicken,BL9 0RL,53.590706050000000,-2.287183826000000
Guillemot and Ground sloth,M25 9SA,53.520659000000000,-2.280330000000000
River dolphin and Solitaire,BL9 7TR,53.601932520000000,-2.251219262000000
B and Civet,M3 2NH,53.482870284273400,-2.247847000000000
Chickadee and Fish eagle,M40 8DS,53.494074780272700,-2.212898064809480
Diving bird and Treepie,M45 7HL,53.542563618950600,-2.305660094947750
Tit-tyrant and Goose,M9 7EJ,53.521287000000000,-2.195101000000000
Dorcopsis and Night heron,OL2 6UD,53.571184355385600,-2.125174562989020
Civet and Tahr,BB4 4AH,53.679485450000000,-2.337822982000000
Moluccan boobook and Herring gull,M5 0NT,53.481217000000000,-2.280430000000000
Ground sloth and Scimitar babbler,M7 3RQ,53.505618340944400,-2.281240396501990
American sparrow and Magpie,BL0 9SW,53.629083490000000,-2.333201174000000
Francolin and Cloud rat,M9 8LT,53.528340000000000,-2.227280000000000
Grouse and Kākāriki,M40 5LD,53.504040689844500,-2.193077124866480
Thicketbird and Pheasant,BL2 1HS,53.577070000000000,-2.418605000000000
Minke whale and Jerboa,BB4 9BT,53.694734970000000,-2.242897264000000
Hawk and Linsang,BL8 2TH,53.589259120000000,-2.335440653000000
Masked owl and Greenbul,BL1 7AS,53.605099050000000,-2.435097958000000
Vulture and Warbler,M9 7DL,53.520846822644900,-2.194420566584110
Vole and Black jay,BL7 9BJ,53.613689620000000,-2.418090459000000
Jackal and Bronzewing pigeon,BB4 7DU,53.685790610000000,-2.247842407000000
Chickadee and Linsang,BL7 0LE,53.637070000000000,-2.410110847516040
Dolphin and Stilt,BL3 2PZ,53.557339490000000,-2.397653451000000
Guillemot and Mockingbird,M11 4WT,53.484019265069600,-2.178444036983570
Bunting and Grosbeak,M11 4RT,53.484836993577400,-2.172479847806230
Warbler and Marmoset,BB4 7NR,53.700613810000000,-2.283494173000000
Goose and Nukupuʻu,M25 0JN,53.521511284515500,-2.264890404334920
Parrotlet and Grackle,M27 4FD,53.508641514887500,-2.322695446362380
Kestrel and Elephant,BL8 4LE,53.632129490000000,-2.364377042000000
Eagle and Chicken,BB4 8JX,53.710001680000000,-2.285481404000000
Herring gull and Lemming,OL16 1EB,53.617622480746200,-2.158992864990830
Moluccan boobook and Shearwater,OL2 6AD,53.555694375682800,-2.119437960588110
Darwin's finches and Masked owl,BL2 6AS,53.579948330000000,-2.404768105000000
Tree warbler and Bronzewing pigeon,M38 9ND,53.528044194548200,-2.411543802652640
Fish eagle and Snipe,M40 1PW,53.500053682948700,-2.172978873348470
Night heron and Vulture,M38 9SL,53.539198041552000,-2.422078640009470
Vole and Chipmunk,M4 1LU,53.483984746633800,-2.234743425879750
Marsh harrier and Ibex,OL9 9AS,53.539636859187400,-2.139974339416450
Egret and Black jay,M40 0JJ,53.523060720426900,-2.168985145765100
Peafowl and Magpie,M26 3XE,53.569379125513700,-2.362402546327370
Thrasher and Treepie,BB4 4PX,53.691399000000000,-2.330072543000000
Peafowl and Black cockatoo,BL8 9SG,53.590171260000000,-2.299991144000000
Jay and Pratincole,BB4 6TL,53.695499720000000,-2.322488289000000
Stilt and Kākāriki,OL10 2LZ,53.581708382549500,-2.204306371396250
White ibis and Minke whale,BL9 9HN,53.582153390000000,-2.296505625000000
Parrotbill and Herring gull,OL12 0NJ,53.620743862774800,-2.157129966509280
Black jay and Magpie,BL9 6HH,53.599392770000000,-2.285505081000000
Civet and Warbler,BL9 6LX,53.601893240000000,-2.288529132000000
Vole and Minke whale,M8 8ES,53.500782646068900,-2.253077585432190
Cuscus and Mockingbird,M26 3XS,53.567911161830100,-2.345146539301940
Mockingbird and Meadowlark,M1 1FN,53.483144000000000,-2.233307000000000
Petrel and Ground sloth,M24 5QE,53.555096666315900,-2.207951671635910
Logrunners and Treepie,OL13 9DG,53.705810981247800,-2.197500127379950
Badger and Magpie,M35 9FJ,53.516239456867100,-2.147980433156930
Vulture and Duck,BL8 4PG,53.667473000000000,-2.333186000000000
Coati and Kākāriki,M45 0EP,53.534443872000000,-2.287119770100000
Tattler and Masked owl,BB4 5QJ,53.705793000000000,-2.325279486000000
Asiatic leopard and Duck,OL13 9LP,53.704733082297800,-2.191556972173340
Pheasant and Marsh harrier,M34 5TA,53.481827717653100,-2.136317833272060
Goose and Grackle,M60 9AH,53.492187160352200,-2.245686103691050
Dolphin and Kestrel,M35 9LW,53.513180223093500,-2.143219616422710
Black jay and Guillemot,BL2 6QD,53.578403460000000,-2.374063843000000
Black jay and Wader,BL9 6NT,53.609660530000000,-2.291514000000000
Recurvebill and Elephant,BL8 3JW,53.607483640000000,-2.339952953000000
Old World vulture and Badger,M43 7TG,53.491594103329400,-2.132053000000000
Stint and Myna,OL12 0PD,53.620731305925000,-2.159820944735060
Chicken and White ibis,BL4 9HQ,53.545476000000000,-2.397695524126240
Parrotbill and Kite,M7 4UZ,53.500455315745600,-2.254839446844720
Diving bird and Boto,OL10 4RN,53.595128343527000,-2.242536507203460
Thicketbird and Civet,M3 6FG,53.486501341002800,-2.260814009618380
Pheasant and Dorcopsis,OL11 2LZ,53.596783482077900,-2.168629937397760
Francolin and Armadillo,BL8 3HU,53.609722900000000,-2.342691516000000
Flameback and Vulture,M35 9WB,53.508709168805300,-2.138846909830670
Asiatic leopard and Rat,M11 4RE,53.482421754176600,-2.176915000000000
Zebra and Jerboa,BL2 2PS,53.580859240000000,-2.409141864000000
Herring gull and Old World quail,M40 8AS,53.500280645605300,-2.210728205238670
Snipe and Pitohui,M28 0HA,53.523405220590300,-2.419071000000000
Kākāriki and Snipe,BL0 0HD,53.650142180000000,-2.303064542000000
Guillemot and Flameback,M28 2NP,53.501004801775100,-2.376773729906740
Elephant and Crow,OL11 2AT,53.592547565714300,-2.142929351888280
Dorcopsis and Petrel,BL1 3NJ,53.590113140000000,-2.435744599000000
Elephant and Marmoset,BL2 6JP,53.579036930000000,-2.384052733000000
Solitaire and Triller,M40 7EF,53.489654301087700,-2.206741808393290
Scimitar babbler and Night heron,M61 0QP,53.487378000000000,-2.227209000000000
Badger and Minke whale,BL9 9AA,53.585408720000000,-2.292223347000000
Quetzal and Mouse,OL10 4SN,53.597121486597800,-2.234660666819530
Quetzal and Thrasher,OL12 6TZ,53.618239116951800,-2.161640700616400
Peafowl and Francolin,BL1 3UQ,53.591459990000000,-2.433658482000000
Mockingbird and Tree warbler,OL12 0DR,53.621346000000000,-2.150979000000000
Scimitar babbler and Masked owl,BB4 7NY,53.699396480000000,-2.273595432000000
Eagle and Wallaby,OL9 9FP,53.534388000000000,-2.166991000000000
Guillemot and Triller,OL12 6EP,53.628106000000000,-2.157398114800940
Lemming and Civet,M26 1LY,53.555563256957200,-2.315097616009920
Polecat and Tree warbler,M24 1BY,53.548246347086800,-2.192584287429180
Night heron and Cuscus,OL16 2DN,53.620444623988600,-2.152215498687080
Bronzewing pigeon and Wader,M24 1TA,53.540096321576700,-2.185379791097470
Stilt and Myna,M28 3HJ,53.522959509992200,-2.380890323023230
Armadillo and Elephant,M40 7LY,53.490088967353700,-2.215093609601910
Magpie and Recurvebill,M9 0PD,53.534601631558200,-2.237332000000000
Condor and Partridge,BL9 5QZ,53.618232660000000,-2.296593000000000
Bronzewing pigeon and Fox,OL10 1AS,53.588386699806500,-2.219505632737640
Badger and Skunk,BL4 8NE,53.537851000000000,-2.389728000000000
Macaw and Fox,BL9 0HZ,53.593428820000000,-2.302053874000000
Night heron and Greenbul,BL7 9LF,53.619111310000000,-2.422709591000000
Armadillo and Meadowlark,OL13 9AU,53.690699277500000,-2.185133306600000
Vulture and Fulmarine petrel,M27 8XE,53.503016976843800,-2.308239796744990
Masked owl and Grouse,M7 1GY,53.494553514431800,-2.257351401442220
Peafowl and Mamo,M6 6BB,53.495596000000000,-2.274118340501950
Grosbeak and White ibis,M24 4HL,53.544891132317400,-2.224909248973790
Greenbul and Pratincole,M45 6TH,53.543256258515200,-2.275891455143280
Treepie and Stilt,M11 4LU,53.487441306112300,-2.174087921231450
Pitohui and Petrel,BL2 6NZ,53.579499830000000,-2.382652307000000
Magpie and Siskin,OL13 0SS,53.692829921580700,-2.228999278022140
Quetzal and Songlark,M45 7SQ,53.559052796810700,-2.296736436003650
New World blackbird and Macaw,M27 9QN,53.519191448628200,-2.364205949859220
Dorcopsis and White ibis,BB4 4QE,53.694865460000000,-2.340551094000000
Nukupuʻu and Mouse,M40 1HG,53.500963766605800,-2.177565529462930
Kestrel and Wallaby,M6 5AW,53.486992906630800,-2.281825381839670
Myna and Armadillo,BL8 4AB,53.619937070000000,-2.341474162000000
Nukupuʻu and Fox,BL3 2LW,53.557311850000000,-2.413745095000000
Hawk and Dorcopsis,BL9 6SN,53.618782440000000,-2.288432746000000
Grackle and Night heron,OL8 3NA,53.518711595172000,-2.132394509709630
Polecat and Bunting,OL12 8QQ,53.655833729376600,-2.176521987949230
Macaw and Darwin's finches,M3 5BJ,53.483517689281800,-2.252206179395630
Kestrel and Greenbul,M28 3JW,53.524379378129800,-2.397540582160870
Pheasant and Siskin,BL1 8NW,53.600227720000000,-2.432524347000000
Pratincole and Myna,M30 0RL,53.481519460671500,-2.358714455329500
Puffleg and Egret,M7 4ZA,53.506582000000000,-2.242977000000000
Flameback and Gull,BL4 0JB,53.555735170000000,-2.419963955000000
Perching duck and Chicken,BB4 7LG,53.698349000000000,-2.268454000000000
Myna and Black jay,BL8 2AY,53.589861220000000,-2.312255947000000
Solitaire and Ice seal,M25 1NL,53.537700479831900,-2.276307958572880
Chipmunk and Ground sloth,M35 9BG,53.512408835871600,-2.156260809840090
Siskin and Mole,M3 5FS,53.482636000000000,-2.253226000000000
Rat and Chickadee,BL4 7QY,53.549985220000000,-2.390007785000000
Thrasher and Greenbul,BL4 9JX,53.543609670000000,-2.396317420000000
Wader and Marmoset,M24 4LB,53.557039019670200,-2.222287000000000
Peafowl and Kite,BL3 6HH,53.571604000000000,-2.436521000000000
Myna and Kākāriki,OL12 7BN,53.622379175483000,-2.176820608428710
Puffleg and Siskin,BL0 9NW,53.642426340000000,-2.325108155000000
Fish eagle and Perching duck,M25 3AH,53.532562437000800,-2.286352417442020
B and Goose,OL8 4RF,53.522467348558000,-2.141441023022150
Gull and Grosbeak,OL11 2EZ,53.601720710009600,-2.146133751859820
Recurvebill and Guillemot,BL8 2HQ,53.589280440000000,-2.334247373000000
Herring gull and Warbler,BL3 3DA,53.558101590000000,-2.431882963000000
Cloud rat and Meadowlark,BL1 8DU,53.594831000000000,-2.431428127000000
Mouse and Elephant,M3 7FX,53.486408000000000,-2.253773000000000
Ground sloth and Marsh harrier,BL3 6RL,53.567778450000000,-2.432887564000000
Tit-tyrant and Skunk,M40 0DP,53.515794185452100,-2.177868907938020
Armadillo and Magpie,BL9 9DZ,53.587406200000000,-2.287659941000000
Cloud rat and Myna,M40 7UP,53.492195000000000,-2.219294997096150
Tattler and Old World warbler,BL0 0BA,53.648669260000000,-2.309634719000000
Warbler and Cloud rat,OL12 6QA,53.620645317920700,-2.170025329013950
Wader and Rabbit,BL2 6ES,53.575418510000000,-2.388414611000000
Recurvebill and Warbler,M40 2TZ,53.493527460169400,-2.185372297837460
Puffleg and Vulture,OL12 9BW,53.625793530038300,-2.144236337969260
Rabbit and Francolin,M5 4FD,53.481342780598800,-2.287845462127420
Flameback and Crow,M40 3QQ,53.515665700217200,-2.160721616709120
Argus and Old World warbler,M8 0RQ,53.500796840323700,-2.223439357471950
Triller and Warbler,BL1 7EH,53.607571950000000,-2.429818543000000
Dolphin and Viscacha,OL2 6RE,53.570057982606300,-2.119161417096820
Tahr and Cuscus,BB4 5NS,53.702437970000000,-2.319360410000000
Jerboa and Grosbeak,M6 6SR,53.496455686463200,-2.278873398687850
Linsang and Stilt,M28 3BP,53.512799775260300,-2.403644994381570
Mouse and Mink,OL9 8EB,53.524150226202800,-2.161100708617170
Bunting and Old World vulture,M8 0AB,53.505588652442400,-2.241406378358630
Polecat and Black cockatoo,OL2 5SS,53.572636519650900,-2.128878593684140
Pitohui and Meadowlark,M4 4FH,53.489792000000000,-2.239629000000000
Petrel and Argus,M43 7NU,53.486697580351900,-2.145511358454930
Philippine hawk-owl and Meadowlark,OL10 2AB,53.585252338200000,-2.205260000000000
Chipmunk and Petrel,BL0 0JW,53.669691280000000,-2.303159520000000
Jay and Skunk,OL9 6BL,53.543137241408400,-2.128502074322150
Scimitar babbler and Minke whale,M40 3GF,53.514252510111000,-2.162209199749220
Mouse and Grackle,BL8 2JJ,53.586014450000000,-2.335399835000000
Fulmarine petrel and Solitaire,BL8 2UE,53.590687370000000,-2.338941794000000
Greenbul and Triller,OL10 3RL,53.590080222002500,-2.236404262008650
Thicketbird and Greenbul,M24 2RU,53.569180812814200,-2.161740000000000
Linsang and Cloud rat,BL3 2QU,53.567595990000000,-2.418496098000000
Fox and Linsang,OL11 2HB,53.600688000000000,-2.146113295937140
Coati and Grouse,OL8 3AP,53.520252788313700,-2.119941330040080
Solitaire and Siskin,BL0 0RQ,53.663648880000000,-2.289586754000000
Mockingbird and Fox,M24 6JL,53.565500863978500,-2.194489673884880
Bronzewing pigeon and Minke whale,BL7 9SU,53.630323060000000,-2.439243825000000
Tahr and Marsh harrier,M6 8AX,53.491573448697200,-2.318978580308580
Partridge and Badger,M40 9BU,53.506654366497800,-2.194280141095240
Tattler and Kākāriki,OL9 9QX,53.536267773827900,-2.153346273174450
New World blackbird and Black jay,BL4 0BT,53.548879420000000,-2.416711499000000
Thrasher and Fish eagle,M25 3DQ,53.537992362201900,-2.282179350595950
Bronzewing pigeon and Shearwater,M60 0AS,53.486429440798300,-2.239353392608440
Tattler and Viscacha,M45 6FF,53.545339788874100,-2.287858000000000
Boto and Fox,BL0 9EF,53.647611710000000,-2.322092257000000
Minke whale and Logrunners,BL4 7BA,53.549156740000000,-2.401334770000000
White ibis and Vole,M30 9JF,53.490413299510300,-2.345074212215530
Towhee and Scimitar babbler,M24 4TP,53.554456344663500,-2.224054357797320
Coati and Dorcopsis,OL16 2PP,53.631512998255000,-2.133972940407690
Siskin and Treepie,BL2 5DD,53.591853160000000,-2.392704975000000
Maya and Armadillo,OL2 6YQ,53.564234025033200,-2.118692073153160
Mink and Siskin,M38 9GF,53.535281278424700,-2.413741393205310
White ibis and Rabbit,M6 5HT,53.488803154911400,-2.287865873475310
Vole and Booted eagles,M35 0HQ,53.493787000000000,-2.162191000000000
Ice seal and Mamo,BL9 9DB,53.583219020000000,-2.287087713000000
Old World warbler and Logrunners,M26 4LF,53.581766268295800,-2.340592257521460
Philippine hawk-owl and Shearwater,BL2 5QB,53.588937290000000,-2.359578822000000
Chicken and Skunk,BB4 9AU,53.695601010000000,-2.250080964000000
Partridge and Wader,M9 0RE,53.533881361164200,-2.214999000000000
New World blackbird and Condor,OL12 0TR,53.644282024050200,-2.177789685346100
Diving bird and Kite,BL1 8RH,53.605369140000000,-2.427499027000000
Marmoset and Jackal,M7 2XY,53.499172000000000,-2.258404000000000
Linsang and Perching duck,BL1 3TU,53.590418280000000,-2.438331107000000
Towhee and Rabbit,OL9 0HT,53.547411094257800,-2.140558439663640
Mole and Gull,OL11 5YB,53.622303770460700,-2.201735888755950
Herring gull and Rat,M35 0NY,53.498671713889600,-2.158411113380660
Philippine hawk-owl and Jay,BL7 9AS,53.619048480000000,-2.414983860000000
Boto and Logrunners,M61 0PR,53.487378000000000,-2.227209000000000
Eagle and Kestrel,BL1 4TQ,53.577129370000000,-2.435491000000000
Tattler and Wader,BL9 9TA,53.565162240000000,-2.294167221000000
Stilt and Tree warbler,BL9 5BX,53.597783990000000,-2.292882996000000
Rat and Mamo,M38 9XD,53.534536000000000,-2.436516000000000
Partridge and Mockingbird,M30 0XP,53.482717000000000,-2.336872547333560
Tit-tyrant and Meadowlark,M28 1AE,53.508425265825700,-2.426115190318160
Crow and Mink,BL0 0LW,53.663585960000000,-2.307595180000000
Philippine hawk-owl and Crow,M5 0PW,53.481217000000000,-2.280430000000000
Grouse and Dorcopsis,BB4 4BW,53.698823910000000,-2.326330547000000
Puffleg and Fulmarine petrel,M60 6ES,53.482993000000000,-2.232328353164410
Grosbeak and Minke whale,OL13 9RS,53.691732548108600,-2.193860267408050
Minke whale and Ground sloth,OL16 4SG,53.584665283725600,-2.134821405688780
Dorcopsis and Recurvebill,BL0 0BS,53.645881000000000,-2.313470000000000
Herring gull and Perching duck,M26 2PS,53.562828662348800,-2.317431376686230
Snipe and Zebra,M7 4BE,53.505319000000000,-2.254884000000000
Thrasher and Old World vulture,OL10 1NJ,53.591140465993700,-2.207569834645010
Perching duck and Armadillo,OL9 9HU,53.542377563439100,-2.147906000000000
Macaw and Skunk,OL16 1XU,53.617563725343700,-2.155833193855520
Scimitar babbler and Ibex,M24 4NG,53.553364298145400,-2.226418357927200
Zebra and Badger,OL9 8LN,53.529911470818200,-2.147424742580070
Chickadee and Grouse,M26 4PA,53.566158976658700,-2.335484186630210
Francolin and Badger,BL7 9DX,53.619714990000000,-2.429866374000000
Marmoset and Armadillo,OL13 0BL,53.695715051752500,-2.204207466577900
Parakeet and Mamo,BL8 2BS,53.587143860000000,-2.316767754000000
Rabbit and Recurvebill,M26 2UX,53.569946762471400,-2.314283512263290
Kestrel and Buzzard,M25 9PQ,53.523716151771000,-2.287061963535580
Bunting and Fox,BL4 7PH,53.551736680000000,-2.395865124000000
Perching duck and Chipmunk,BL8 9UE,53.592643000000000,-2.310205000000000
Macaw and Civet,OL11 3QE,53.604074921338300,-2.167238479939010
Lemming and Mink,M27 9TZ,53.519719946575100,-2.343578034015290
Peafowl and Kangaroo,M24 5NW,53.561240060234200,-2.210593602757670
Gull and American sparrow,BL9 6QG,53.614257800000000,-2.289898347000000
Kestrel and Prion,BL3 2TA,53.562808390000000,-2.432746203000000
Bunting and New World blackbird,M4 7JA,53.482981754500000,-2.216354000000000
Black cockatoo and Masked owl,BL2 5RZ,53.587069370000000,-2.362010155000000
Mole and Francolin,M9 4EP,53.514070517035200,-2.204613840307390
Coati and Partridge,OL10 1JG,53.593546766291200,-2.228673007338130
Argus and Recurvebill,M28 1DJ,53.503713593255400,-2.426595589234230
White ibis and Pratincole,M11 4BR,53.488489970874400,-2.182110024331410
Linsang and Grosbeak,M9 8FR,53.525704195233200,-2.246061230252700
Logrunners and Bronzewing pigeon,BL8 1PX,53.600141930000000,-2.323120946000000
Stint and Linsang,M7 4GW,53.515315296905500,-2.253842885912300
Cuscus and Fox,BL4 0JA,53.555408150000000,-2.420941884000000
Pratincole and Cuscus,BL2 6DD,53.580432090000000,-2.402582674000000
New World blackbird and Parrotbill,M6 7EN,53.495403581934300,-2.301265775840670
Booted eagles and Old World vulture,M3 6AJ,53.484175906679000,-2.255465110352880
Kangaroo and Logrunners,M9 7BG,53.524681700723400,-2.196353805710830
Night heron and Bunting,OL11 5QS,53.617787995815000,-2.209106582050050
Tattler and Dolphin,BL7 0AD,53.640882360000000,-2.396019247000000
Kangaroo and Pitohui,OL10 4LH,53.595786617023600,-2.218108656085890
Prion and Scimitar babbler,M40 5GX,53.521857143936400,-2.180669593745260
Polecat and Tattler,M30 8HA,53.491231461886500,-2.366136572477780
Kite and Elephant,M30 9JU,53.490338203172200,-2.349263554906500
Marsh harrier and Gull,M28 3QG,53.529950473321300,-2.398060448405880
Siskin and Hawaiian honeycreeper,OL11 2BN,53.587446703437000,-2.139135551104530
Night heron and Crow,M40 8PH,53.500467318430100,-2.206779400044030
Parakeet and Marmoset,M40 3SB,53.516017501029300,-2.159787939306750
Eagle and Crow,M30 9BB,53.490875299915300,-2.334331658186080
Thrasher and Stint,M28 1BY,53.506010569658600,-2.422683471798450
River dolphin and Ibex,M24 5NN,53.560533563257300,-2.208552040556260
Logrunners and Boto,M26 3XG,53.562215592188600,-2.350278517156850
Crow and Chicken,OL12 7DJ,53.624470247807400,-2.178961205009100
Snipe and Vole,M27 5NG,53.508018024228000,-2.336909294563220
Grackle and Argus,OL12 7AR,53.622981549596300,-2.182689273315520
Capuchin and Mole,OL16 2SG,53.636307464833700,-2.122085823714280
Cuscus and Mouse,M40 0JP,53.526702282205200,-2.174354701363500
Moluccan boobook and Warbler,M43 6BZ,53.487900446619500,-2.167292852056180
Parakeet and River dolphin,M27 5LW,53.504894341648600,-2.325637118208620
Coati and Pratincole,OL13 0RP,53.692623441512400,-2.224121826958380
Old World quail and Bunting,M28 0AU,53.530061747754800,-2.423224781760210
Ground sloth and Viscacha,M40 0ES,53.519339802991400,-2.175033281171980
Magpie and Buzzard,M3 1LT,53.490781838070900,-2.247200234110680
Guillemot and Duck,OL11 2QQ,53.594018271016500,-2.172698227319040
Black cockatoo and Fulmarine petrel,OL10 4JX,53.595390750198000,-2.218666000000000
Nukupuʻu and Moluccan boobook,OL9 8RL,53.532773436662600,-2.151674082587780
Viscacha and Puffleg,BL8 1AS,53.599417350000000,-2.308186181000000
Black jay and Hawaiian honeycreeper,BL2 3AZ,53.595110500000000,-2.407753607000000
Condor and Cloud rat,M7 4AB,53.504729186620900,-2.252784501742070
Masked owl and Tit-tyrant,BL9 9TJ,53.565148670000000,-2.288671334000000
Philippine hawk-owl and Nukupuʻu,M40 5QP,53.521450952086600,-2.181799069599620
Flameback and Ground sloth,OL12 9SH,53.630454303891600,-2.140139188429150
Macaw and Bronzewing pigeon,M6 7LQ,53.502215004342000,-2.305520300431200
Linsang and Maya,M27 5ZS,53.505928000000000,-2.344852000000000
Minke whale and Grackle,BL4 0EJ,53.550225370000000,-2.417373732000000
Fish eagle and Old World vulture,M28 3EG,53.520609000000000,-2.382499105390030
Jay and Flameback,M2 1HW,53.481676286704800,-2.242943088367890
Minke whale and Meadowlark,M45 8SB,53.548380401107200,-2.283244603763960
Ground sloth and Triller,BL4 7BR,53.548377260000000,-2.405915485000000
Darwin's finches and Chipmunk,OL2 6NA,53.570846960213600,-2.121141780929150
Civet and Skunk,OL16 5DN,53.613680944274000,-2.141262552574530
Lemming and Rabbit,M11 4QN,53.487340735556100,-2.175247948836230
Mouse and Herring gull,M43 6PZ,53.483102457739300,-2.152898000000000
Goose and Partridge,M8 0NJ,53.508718984115100,-2.235724606340900
Tahr and Vulture,OL12 8UR,53.653779000000000,-2.180962000000000
Philippine hawk-owl and Chickadee,OL10 2DQ,53.587371367016300,-2.214364248971540
Marsh harrier and Peafowl,OL13 9PH,53.699498181917700,-2.193926290815620
Scimitar babbler and Tree warbler,OL16 1UU,53.612531469402700,-2.161724671911070
Condor and Tahr,BL4 9SD,53.547136950000000,-2.424013984000000
Marmoset and Tit-tyrant,BL3 1BF,53.562223140000000,-2.377332979000000
Wallaby and Black jay,BL9 6UJ,53.608907650000000,-2.271664498000000
Maya and Lemming,M9 4BW,53.515739491554800,-2.206280771337120
Towhee and Kangaroo,M27 5SZ,53.507912453975700,-2.339275703059910
Booted eagles and Asiatic leopard,M28 1JN,53.502551900901400,-2.424684325307110
Pratincole and Civet,BL1 2QJ,53.583823860000000,-2.439954603000000
Recurvebill and Fulmarine petrel,M30 8AY,53.491417061872000,-2.361269863602750
Kestrel and Shearwater,BL3 1RG,53.563580520000000,-2.371547509000000
Parrotlet and Marsh harrier,OL16 1JY,53.619083281405000,-2.155415508802820
Skunk and B,M27 6SH,53.515504618608100,-2.333982745806690
Stilt and Tit-tyrant,BL4 9LA,53.542686000000000,-2.393213416000000
Kite and Songlark,M40 8LE,53.495862622859700,-2.218348629932920
Wallaby and Booted eagles,M40 0HY,53.521126617198800,-2.176307598661950
Puffleg and Crow,OL16 5HN,53.604697668611200,-2.144617694858880
Pheasant and Chipmunk,OL16 1LT,53.616358001839100,-2.156826438843440
Perching duck and Tree warbler,M38 9RX,53.536850654645300,-2.425012591278860
Goose and Vole,M6 5UJ,53.487594153300000,-2.287978524300000
Myna and Ice seal,M25 9LS,53.526158597940800,-2.295420199614820
Herring gull and Ice seal,M40 9NL,53.514025464498100,-2.199365740311690
Peafowl and Gull,BL1 1SN,53.576391770000000,-2.429713477000000
Ice seal and Marmoset,M40 5HB,53.508651117921800,-2.187835809697550
Coati and Peafowl,M24 4QE,53.543698787711600,-2.228011600074710
Flameback and Booted eagles,M24 1RJ,53.535953190713400,-2.179160538287840
Vulture and Solitaire,BL3 6YB,53.567354930000000,-2.430693855000000
Grackle and Civet,M3 7GB,53.486317000000000,-2.254044000000000
Tattler and Bronzewing pigeon,OL11 5EU,53.613574754486000,-2.180124306305520
Chickadee and Marsh harrier,M29 8SD,53.511628000000000,-2.435209000000000
Coati and Lemming,OL12 7JN,53.631759699722900,-2.190590718233330
Cuscus and Buzzard,OL10 4UD,53.600452633601500,-2.227169033631200
Prion and Dolphin,BB4 8UD,53.710066300000000,-2.303071186000000
Thicketbird and Tahr,M38 0EG,53.529722560934800,-2.435078832684660
Elephant and Badger,BL3 6DW,53.570766070000000,-2.429429901000000
Boto and Capuchin,M8 4EB,53.518593618596200,-2.246427193526250
Jackal and Songlark,M30 0SR,53.483126093174500,-2.359481479196470
Solitaire and Pitohui,BL3 2DQ,53.563591600000000,-2.429915807000000
Songlark and River dolphin,OL10 3JX,53.593452880204600,-2.244324801757090
Jackal and Chipmunk,BL9 6FX,53.599835000000000,-2.287984000000000
Black jay and Lemming,M61 0TD,53.487378000000000,-2.227209000000000
Grackle and Hawk,M6 7JA,53.500591070174700,-2.297217151633360
Grackle and Pratincole,BL3 3BS,53.562315900000000,-2.432227862000000
Dolphin and Philippine hawk-owl,M40 8DE,53.494795671894200,-2.211876695407390
Vulture and Nukupuʻu,BL8 2DR,53.583785140000000,-2.332255440000000
Ibex and Pitohui,BL2 4JD,53.604344770000000,-2.367945994000000
Prion and Bronzewing pigeon,OL11 5FE,53.624168134194800,-2.209969721198920
Kākāriki and Prion,BL9 6TR,53.607261970000000,-2.255739582000000
Maya and Grouse,M24 2AS,53.542917571298800,-2.174164889036170
Wader and Mouse,OL2 5SX,53.571595500291000,-2.127365363863920
Chickadee and Vulture,BB4 5EB,53.702128290000000,-2.327522474000000
White ibis and Herring gull,OL9 7HE,53.526989269082800,-2.140792387925940
Pratincole and Jerboa,M28 2PA,53.498789128771700,-2.378201252267430
Asiatic leopard and Fulmarine petrel,M35 9DF,53.511766954396100,-2.152171951832370
Armadillo and Macaw,M28 3SN,53.520160261012300,-2.403956317370480
Vole and Scimitar babbler,OL12 8TR,53.655542872838300,-2.178699573743470
Tree warbler and Shearwater,M24 1WA,53.541237346104500,-2.202300436888090
Masked owl and New World blackbird,OL11 5AH,53.621886298708200,-2.187643417145170
Chicken and Stilt,M8 0SF,53.503118485730700,-2.236085485148960
Capuchin and Thrasher,BL2 6HL,53.575253680000000,-2.389349422000000
Marmoset and Moluccan boobook,M45 8LZ,53.553555267897900,-2.276607556722750
Greenbul and Pheasant,OL16 9SB,53.615690099222600,-2.158925127492100
Snipe and Minke whale,M28 2QS,53.508654735995600,-2.390532703516730
Macaw and Piping shrike,M4 2BS,53.485177242467000,-2.240747836837450
Polecat and Eagle,M24 1PN,53.534891156222600,-2.185960524797930
Tahr and Peafowl,M6 7HN,53.494649436146900,-2.297326299884430
Thrasher and Fox,BL9 6SS,53.608996120000000,-2.280068428000000
Vole and Mamo,M2 3GR,53.480793000000000,-2.240301882745950
American sparrow and Flameback,M24 6TN,53.564875573666200,-2.202956893290610
Booted eagles and Capuchin,M40 5HS,53.510146132402400,-2.191642272224420
Coati and Ice seal,BL2 3JL,53.602972570000000,-2.392445491000000
Macaw and Moluccan boobook,OL11 3BW,53.591490183803900,-2.180392821705000
Maya and Herring gull,M40 2SQ,53.495280075050000,-2.191153090176650
Ice seal and Solitaire,M24 2FL,53.568151934371700,-2.171324326871240
Bronzewing pigeon and Guillemot,BL7 0QA,53.666292470000000,-2.414494693000000
Boto and Puffleg,M28 7TY,53.513935148430300,-2.408104442059690
Tree warbler and Herring gull,BL8 3ED,53.605811500000000,-2.333682795000000
Diving bird and Vulture,BL8 1YB,53.612853880000000,-2.315448777000000
Wallaby and Songlark,BL4 0PQ,53.547621490000000,-2.436726428000000
Hawk and Thicketbird,M43 7PT,53.490295908983800,-2.150376781234030
Thrasher and Guillemot,BL3 5AP,53.570692040000000,-2.442339972000000
Bronzewing pigeon and Wader,BL2 4EE,53.601939010000000,-2.384109472000000
Kestrel and Macaw,BL0 0JT,53.667947910000000,-2.303025915000000
Bunting and Triller,M28 7TT,53.514238847453300,-2.406026282947800
Chickadee and Armadillo,BL4 8DQ,53.543084150000000,-2.383832645000000
Mamo and Herring gull,M24 5LH,53.564591770113500,-2.205975153597200
Dorcopsis and Boto,OL11 1JJ,53.609018394212500,-2.153912437524490
Polecat and Fox,BL8 9TF,53.592643000000000,-2.310205000000000
Parrotbill and Condor,M24 6BQ,53.555812155070400,-2.194052710847830
Old World quail and Fulmarine petrel,M25 1LJ,53.532109684429200,-2.276316789692510
Thicketbird and Ibex,M4 4AF,53.485761527630200,-2.236230116439340
Meadowlark and New World blackbird,OL10 1PU,53.592261000000000,-2.213737000000000
Black jay and Pratincole,BL4 9PD,53.542999280000000,-2.401457574000000
Ground sloth and White ibis,M28 0JF,53.521911000000000,-2.425617000000000
Parrotbill and Hawaiian honeycreeper,M61 0QD,53.487362000000000,-2.227212000000000
Parrotlet and Lemming,M40 8JR,53.496856284154600,-2.220554549922640
Jay and Logrunners,M24 5PZ,53.560738180668700,-2.214818192429620
Minke whale and Hawaiian honeycreeper,M11 4HP,53.486486411639600,-2.181543827596400
Jackal and Polecat,M9 5GH,53.505001827857400,-2.214505802155020
Towhee and Pratincole,M30 8WE,53.487655000000000,-2.366241000000000
Eagle and Peafowl,BB4 7HB,53.692470350000000,-2.255650465000000
Snipe and Gull,M40 9JS,53.513673399248500,-2.195096000000000
Chipmunk and Stilt,M99 1ZU,53.482993000000000,-2.232328353164410
Civet and Warbler,M5 5BZ,53.482241169921700,-2.302573844545720
Marsh harrier and Grouse,OL13 8DL,53.708633087040100,-2.202967223868630
Greenbul and Fulmarine petrel,M9 7FL,53.522308070674800,-2.212511860223360
Jay and Cuscus,M40 9GJ,53.517555459875900,-2.189835822573820
Old World quail and Hawk,BL1 1QD,53.577001000000000,-2.425642000000000
Fish eagle and Puffleg,M9 4JJ,53.512003691928100,-2.204317363153590
Triller and Treepie,M28 7UD,53.512699153640500,-2.406810781871900
White ibis and Partridge,M5 0NH,53.481217000000000,-2.280430000000000
Cuscus and White ibis,BB4 6BH,53.694949700000000,-2.287923777000000
Nukupuʻu and Polecat,OL9 7QX,53.535411346132900,-2.132974769774440
Old World warbler and Parakeet,M2 4WU,53.480579738186700,-2.242921749170290
Greenbul and Polecat,M6 6JN,53.489787000000000,-2.278406000000000
Eagle and Minke whale,M61 0FX,53.487365640500000,-2.227196903600000
Vulture and B,BL9 0AP,53.596826843368300,-2.303257000000000
White ibis and Old World quail,M3 1HE,53.491790348348600,-2.241930818549310
Towhee and Chickadee,M24 2EA,53.548985973552100,-2.179381674118780
Perching duck and Vulture,M3 6ES,53.483626000000000,-2.256848000000000
Buzzard and Dolphin,M25 0FR,53.521003647981900,-2.258643030227960
Recurvebill and Elephant,M7 4DW,53.506881217992500,-2.255224812860630
Marsh harrier and Maya,OL16 4NG,53.600765000000000,-2.125564000000000
Francolin and Siskin,M40 0BF,53.514189272180500,-2.181179815800760
Guillemot and Bunting,OL11 1NZ,53.606727487714400,-2.153057759361700
Mamo and Scimitar babbler,BL3 1SB,53.568526500000000,-2.401397454000000
Vole and Siskin,BL2 3DX,53.604920090000000,-2.406775153000000
Masked owl and Cloud rat,BL7 9XB,53.631689120000000,-2.439288266000000
Ground sloth and Rabbit,BL9 6LG,53.600230240000000,-2.281053037000000
Pitohui and Philippine hawk-owl,BL11 1AP,53.572026719678200,-2.425139238112670
Fish eagle and Ibex,M11 4JL,53.486961509152800,-2.182389808045960
Fulmarine petrel and Viscacha,OL11 5ND,53.613824124641600,-2.198596702580520
Francolin and Petrel,OL16 1QR,53.614759230313500,-2.155958893100260
Jackal and Petrel,M27 5PH,53.504268603936700,-2.334150657365670
Kite and Skunk,OL2 5SW,53.572336708459700,-2.131807244156630
Puffleg and Wallaby,BL2 5LP,53.584472790000000,-2.387485620000000
Buzzard and Old World vulture,OL9 9NY,53.524745602599900,-2.166095748954280
Rat and Petrel,M40 7JZ,53.488715529844700,-2.218945000000000
Greenbul and Puffleg,M27 0YD,53.504520699597000,-2.346621154639190
Tattler and Ibex,M26 3LU,53.568816519485300,-2.345999497358880
Black jay and Warbler,M27 5QP,53.502131386838100,-2.339802395268780
Armadillo and Thicketbird,BL3 6SB,53.568753790000000,-2.436566753000000
Pheasant and Jackal,BL9 9RN,53.576650260000000,-2.289701000000000
Fulmarine petrel and Ice seal,BL9 6UE,53.604815970000000,-2.238934850000000
Songlark and Treepie,OL8 3UJ,53.520630709020100,-2.128192500541590
Ice seal and Shearwater,BL9 5NY,53.630329020000000,-2.311269550000000
Masked owl and Siskin,BL3 1AD,53.553965620000000,-2.376444363000000
Zebra and Chipmunk,OL16 1QG,53.613420000000000,-2.156589000000000
Meadowlark and Triller,OL12 7DF,53.623618827229700,-2.177309610244680
Fulmarine petrel and Old World vulture,BL3 6PP,53.565437700000000,-2.436396698000000
Badger and Tree warbler,M28 2GX,53.496973891392800,-2.378064494952420
Old World quail and Tit-tyrant,M7 2JG,53.500549528675500,-2.269252055553210
Tree warbler and Peafowl,BL2 2BS,53.580943310000000,-2.418612895000000
Kangaroo and Shearwater,BL1 7RL,53.609097570000000,-2.422926915000000
Dolphin and Philippine hawk-owl,BL1 2HE,53.583108000000000,-2.429177442000000
Minke whale and Piping shrike,M27 8RQ,53.518609970452900,-2.319242108677940
Tree warbler and Triller,M28 7HA,53.512366520938400,-2.398830477711660
Chickadee and Tahr,M24 2NJ,53.558708734628000,-2.175090307130830
Condor and Bronzewing pigeon,OL10 2HJ,53.583235497092900,-2.210008234365850
Wallaby and Jay,M7 4TZ,53.501848504644700,-2.254847810291020
Partridge and Darwin's finches,OL16 5EE,53.613467000000000,-2.140536000000000
Francolin and Hawaiian honeycreeper,M40 7LL,53.489631997573100,-2.214292506760390
Coati and Vulture,BL9 5QS,53.614472690000000,-2.301146068000000
Dolphin and Nukupuʻu,BL2 3FP,53.606465580000000,-2.409555714000000
Pitohui and Badger,BB4 7LS,53.701556940000000,-2.283758017000000
Booted eagles and Triller,M24 5PT,53.563714402454700,-2.214214280460830
Thicketbird and White ibis,M25 0AJ,53.522509826040300,-2.272695000000000
Jackal and Coati,BL1 9SZ,53.578230570000000,-2.430774245000000
Parrotbill and Boto,M7 1AJ,53.495491728600000,-2.262060313900000
Dorcopsis and New World blackbird,M28 7UU,53.517380165578100,-2.404744252111230
White ibis and Grouse,BL1 1QZ,53.579181120000000,-2.431388050000000
Capuchin and Parakeet,OL11 2JE,53.594560113081300,-2.157863623052540
Fox and Viscacha,M28 3QA,53.527020488481600,-2.397987703709300
River dolphin and Triller,BL4 9HN,53.543959700000000,-2.399172860000000
Guillemot and Masked owl,M2 6AY,53.481129291769100,-2.246692008680230
Diving bird and Piping shrike,BL9 6GE,53.602789000000000,-2.285767000000000
Bunting and Buzzard,BL9 5DH,53.604483000000000,-2.291765729000000
Jay and Old World warbler,BL1 7EW,53.606489840000000,-2.433283571000000
Hawaiian honeycreeper and Night heron,M28 1HQ,53.502534551795700,-2.421970447104620
Cuscus and Elephant,M9 8DG,53.522454336161000,-2.221064722234270
Grosbeak and Kākāriki,M45 7SE,53.554530982526000,-2.297006661679880
Chipmunk and Black cockatoo,OL16 5AB,53.618205678540700,-2.130136301435570
Chickadee and Kestrel,BL8 2PA,53.589747620000000,-2.317844739000000
Recurvebill and Petrel,OL11 3AH,53.592704299989300,-2.179929648749860
Kite and Triller,BL4 0PH,53.548143390000000,-2.439025842000000
Shearwater and Meadowlark,M27 6NQ,53.530973671660500,-2.346610991213420
Kite and Polecat,BL0 0RB,53.667885900000000,-2.299090360000000
Hawaiian honeycreeper and Flameback,M43 7GS,53.486557263174900,-2.134886270364360
Partridge and Wader,OL9 0BG,53.548914717600000,-2.134390851300000
Parrotlet and Marsh harrier,BL4 0AP,53.547579680000000,-2.420818878000000
Rat and Parrotlet,M28 2NF,53.506358448128800,-2.386304966556040
Ice seal and Old World quail,M61 0NY,53.487362000000000,-2.227212000000000
Vole and Tree warbler,M40 7DF,53.487995655855800,-2.214540454172880
Old World quail and Myna,M9 8AF,53.515902109120500,-2.220894849802510
Chicken and Black jay,OL11 2PU,53.593911000000000,-2.166397000000000
Bunting and Rabbit,M26 4AD,53.575290205677400,-2.338999769562790
Bunting and Grackle,M40 1DD,53.502814591759100,-2.171964951849990
American sparrow and Eagle,M40 8NB,53.496741297038900,-2.219543994884640
Black cockatoo and Tree warbler,BL4 9AG,53.545639138181000,-2.393227000000000
Quetzal and Rat,M7 3BP,53.512463000000000,-2.283427000000000
Marmoset and Old World quail,BL2 2HW,53.594710130000000,-2.409185097000000
Jay and Diving bird,BL1 9UY,53.588492317668400,-2.425440538777890
Fox and Jerboa,M9 0NE,53.533473255968100,-2.226312115819820
Vole and Vole,M1 1AN,53.481930180100000,-2.235169335700000
Lemming and Thrasher,BL9 7PJ,53.592435820000000,-2.270032819000000
Ice seal and Magpie,M5 4PE,53.483415205634800,-2.270288711147310
Viscacha and Stilt,BL3 2BE,53.562886310000000,-2.423537468000000
Petrel and Shearwater,M30 8WA,53.485494375073500,-2.366931057019460
Wader and Quetzal,OL13 0EX,53.691557336042800,-2.217362159374190
Philippine hawk-owl and Rat,M24 2QQ,53.563610740136000,-2.184788236335890
Guillemot and Dorcopsis,BL9 9LL,53.579943990000000,-2.302984702000000
Macaw and Mole,BL0 0AW,53.644674850000000,-2.307563327000000
Mamo and Grosbeak,M9 6JG,53.530176153213500,-2.205521283752920
Stint and Chickadee,M26 1PJ,53.550666357453500,-2.376611274552790
B and Bunting,OL12 9JS,53.648288841438800,-2.130486267963860
Boto and Mamo,M27 0YB,53.504375837381000,-2.346981814039180
Towhee and Snipe,BL9 7TH,53.601693720000000,-2.257836613000000
Polecat and Ice seal,OL13 9DU,53.706040398583000,-2.194622952386740
Hawaiian honeycreeper and Kangaroo,M25 3BB,53.532161284495300,-2.284961742261480
Goose and Grosbeak,M40 0FW,53.519944486004100,-2.173346568847300
Cuscus and Shearwater,M28 2TJ,53.503369970751200,-2.367733795717670
White ibis and Linsang,M8 9AA,53.506645234027000,-2.242980000000000
Triller and Eagle,M25 1PG,53.537529791764900,-2.272353660131790
Coati and Chickadee,BB4 9AQ,53.693679710000000,-2.253325582000000
Partridge and Polecat,M28 2TQ,53.504255308644100,-2.366279021624020
Peafowl and Polecat,BL2 2TD,53.583535480000000,-2.404530509000000
Duck and Songlark,M30 0DS,53.486951172805300,-2.332959496026150
Solitaire and Tree warbler,M9 0GX,53.534790189242600,-2.242281730286980
Peafowl and Skunk,BL3 3EN,53.559139880000000,-2.435561935000000
Shearwater and Pratincole,M24 4EA,53.545977907558000,-2.210563017382880
Old World quail and Duck,M35 0FT,53.505280256040800,-2.156852705566520
Night heron and Parrotbill,BB4 6DX,53.693098320000000,-2.291560855000000
Towhee and Tit-tyrant,BL2 4JX,53.599708500000000,-2.398278169000000
Fish eagle and Macaw,M28 7FQ,53.516747395895900,-2.395071188545170
Mockingbird and Herring gull,OL9 7NG,53.523798870088600,-2.140389616094490
Viscacha and Grackle,M7 4EG,53.511214031142600,-2.255039762905520
Bronzewing pigeon and Hawaiian honeycreeper,BB4 8SB,53.704811160000000,-2.287309478000000
Moluccan boobook and Egret,OL10 3HQ,53.592301362000000,-2.233652181200000
Viscacha and Pitohui,OL9 7BD,53.533711590625100,-2.133829398844910
Philippine hawk-owl and Flameback,BL2 5LL,53.586671340000000,-2.388593378000000
Scimitar babbler and Thicketbird,BL4 9EA,53.547430630000000,-2.398752777000000
Shearwater and Chickadee,OL12 6JT,53.628783764803700,-2.160562106000330
Moluccan boobook and Rabbit,OL10 1JW,53.594144930481700,-2.225821000000000
Hawk and Snipe,M26 3GF,53.564705789200500,-2.343942765105380
Ice seal and Mink,M40 2XP,53.491529000000000,-2.193819000000000
Pitohui and Towhee,M45 7LN,53.545043276811700,-2.313042471142470
Myna and Capuchin,BL9 8WS,53.592625960000000,-2.310206533000000
Goose and Magpie,BL8 4NR,53.641585890000000,-2.339682797000000
Old World warbler and Buzzard,BL3 6DF,53.573655927959900,-2.427013066333180
Thicketbird and Partridge,BL7 9HQ,53.618166410000000,-2.428081907000000
Philippine hawk-owl and Masked owl,M8 2EQ,53.506582000000000,-2.242977000000000
Songlark and Fox,BL8 3AA,53.599577930000000,-2.332137678000000
Chipmunk and Mamo,M5 5LG,53.487240981713400,-2.305231749409270
B and Macaw,M6 5NG,53.488546269387800,-2.297328791973660
Marmoset and Booted eagles,M26 4JL,53.579430915377400,-2.343171263526400
Cloud rat and Petrel,M26 4QD,53.572120626533100,-2.340997910798280
Parrotbill and Tahr,BL9 8JH,53.563371220000000,-2.272399005000000
Quetzal and Buzzard,BL4 8AB,53.549197870000000,-2.391645645000000
Asiatic leopard and Bunting,BB4 4AP,53.687446000000000,-2.339280000000000
River dolphin and Perching duck,BL2 6RX,53.572811180000000,-2.365844759000000
Mouse and Linsang,M27 0DP,53.502013538050700,-2.355585933429990
Civet and Viscacha,OL16 2QR,53.627876813596600,-2.130317320215220
Parakeet and Capuchin,BL9 8AQ,53.566577570000000,-2.277387143000000
Ice seal and Boto,M28 3RG,53.530436868541200,-2.403239000000000
Vole and Chipmunk,M35 0SU,53.502045826114500,-2.155785436424710
Parakeet and Mink,M24 2JS,53.549922624754300,-2.184064432188120
Old World vulture and Pheasant,OL12 8UX,53.654322304359100,-2.183430137708330
Ground sloth and Lemming,M7 4JD,53.514849718392700,-2.261335075502300
Fulmarine petrel and Condor,M9 5SG,53.507536705414700,-2.219373675082900
Towhee and Old World warbler,M43 6QF,53.480596259960400,-2.164838083505810
Elephant and Diving bird,M60 1WJ,53.487361026924400,-2.227196609855210
Vulture and Francolin,BL0 0EU,53.665732820000000,-2.304599108000000
Fish eagle and Booted eagles,M1 1PT,53.483039162543800,-2.244593419670120
Argus and Grackle,M60 1WU,53.487361026924400,-2.227196609855210
Fulmarine petrel and Mouse,BL0 9TX,53.631049930000000,-2.327409883000000
Vole and Fish eagle,OL16 2SU,53.628651000000000,-2.138213251046760
Tahr and Boto,M3 1AZ,53.483846846629000,-2.245081000000000
Night heron and Flameback,M40 2BL,53.502961000000000,-2.188685000000000
White ibis and Guillemot,M24 1PY,53.534653271976200,-2.188629959164320
Mockingbird and Chipmunk,BL1 2BU,53.582579000000000,-2.430937000000000
Parrotbill and Booted eagles,M24 2HB,53.550455881055800,-2.187945667473170
Armadillo and Dorcopsis,BL9 8LZ,53.553969140000000,-2.284097054000000
Kestrel and Elephant,BB4 9TW,53.703699820000000,-2.245493781000000
New World blackbird and Thicketbird,M9 5RH,53.506834715992700,-2.214922161640100
Coati and Mink,M45 8HX,53.549099098845500,-2.271794114068590
Parrotbill and Triller,M2 7AR,53.481420487008600,-2.244960813956010
Myna and Stilt,M6 5UN,53.489990434200000,-2.285749098700000
Shearwater and Goose,M24 5LX,53.563970564238300,-2.206560949268460
Moluccan boobook and Flameback,OL12 7DH,53.624354598620900,-2.178159385955630
Hawk and Asiatic leopard,M25 1NE,53.535586074055700,-2.281077014910870
Towhee and Gull,OL11 2NB,53.600012320015600,-2.160619023621060
River dolphin and Polecat,M6 6PE,53.492647455315700,-2.284892000000000
Diving bird and Perching duck,M45 7QY,53.553623408080000,-2.300502162187520
Black jay and Badger,OL13 9QF,53.695833470948100,-2.197922855338910
American sparrow and Old World quail,OL9 0PR,53.550976945352700,-2.157006819532230
Scimitar babbler and Pitohui,M4 5DZ,53.485703193827100,-2.229267412743490
Wallaby and Crow,M27 0XB,53.513050000000000,-2.362208000000000
B and Buzzard,BL0 0QG,53.678472260000000,-2.317210904000000
Recurvebill and Duck,M30 9QH,53.489304000000000,-2.349933000000000
Coati and Polecat,BL1 8GH,53.592959000000000,-2.416373000000000
Marmoset and Perching duck,BL7 9RE,53.633807450000000,-2.442516339000000
Puffleg and Partridge,M9 4WG,53.511186808857100,-2.198357178781120
Boto and American sparrow,M25 3DB,53.536235283133700,-2.280206212213960
Kākāriki and Macaw,M24 5TS,53.552517917640900,-2.202188272879730
Meadowlark and Treepie,BL7 9RR,53.620289490000000,-2.419954764000000
Duck and Scimitar babbler,BL9 7SA,53.600150580000000,-2.264763063000000
Dolphin and Greenbul,BL2 6SG,53.570849610000000,-2.369451912000000
Polecat and Myna,M3 2RD,53.482120764982000,-2.249696461599180
Grouse and Gull,M28 0JB,53.523319659702300,-2.420895008560020
Quetzal and Egret,M40 7FQ,53.483496123524600,-2.212483369391660
Pitohui and Philippine hawk-owl,M7 4BH,53.504291682285000,-2.255631389508720
Scimitar babbler and River dolphin,M8 0SE,53.504094832735400,-2.237794572572180
Pheasant and American sparrow,OL13 9EZ,53.707860093289100,-2.186405269282180
Eagle and Old World warbler,BB4 7QW,53.702451890000000,-2.285384818000000
Minke whale and Marmoset,OL9 8BZ,53.519923824424800,-2.155730465527890
Tree warbler and Cloud rat,OL12 8RQ,53.657819210190300,-2.177135550622080
Fox and Triller,M26 1GG,53.543761000000000,-2.369125000000000
Tit-tyrant and Grouse,M3 5AH,53.481874347716300,-2.251473123791010
Booted eagles and Fulmarine petrel,BL9 9GR,53.585199160522100,-2.284155853771280
Jackal and Prion,M45 0DG,53.534443872000000,-2.287119770100000
Condor and Siskin,M25 0LT,53.519111313597500,-2.264920665435410
Flameback and Black jay,M45 7SS,53.559540292773000,-2.295879359223520
Linsang and Jerboa,M11 4TA,53.484264000000000,-2.195082000000000
Greenbul and Bronzewing pigeon,M61 0PN,53.487378000000000,-2.227209000000000
Bronzewing pigeon and Skunk,M11 4PU,53.485176803848800,-2.173686818871880
Old World vulture and Treepie,M28 3RF,53.532182092825100,-2.402682818665660
Goose and Kite,M24 2SH,53.581296777767300,-2.161575000000000
Tattler and Ice seal,OL12 0TT,53.640930000000000,-2.165796000000000
Ground sloth and Linsang,BL9 9BP,53.584729570000000,-2.297370000000000
Kangaroo and Kite,OL8 4LY,53.528296122093600,-2.129739295828780
Pitohui and Wallaby,M9 6LX,53.526166563281800,-2.205969466739270
B and Kite,BL3 3DR,53.561956830000000,-2.434579373000000
Linsang and Lemming,M9 0QE,53.534171983292100,-2.241297523652020
Grackle and Mink,BL1 7BR,53.611122780000000,-2.439588553000000
Mockingbird and Piping shrike,M28 3RD,53.530577774996400,-2.403980079127630
Mole and Old World quail,M7 1WG,53.493516419301600,-2.267097259559270
American sparrow and Meadowlark,M6 8BF,53.491769054703900,-2.319778879423390
Black cockatoo and Capuchin,OL16 2YY,53.617883244380300,-2.137149639932460
Solitaire and Shearwater,BL0 9UX,53.627322650000000,-2.326367934000000
Parrotlet and Ice seal,M9 7AL,53.525820226643900,-2.198169195314650
Thicketbird and Grackle,M9 7FG,53.525116645821900,-2.182825419433360
Partridge and Moluccan boobook,M24 4LA,53.557843502086200,-2.220192000000000
Stint and B,BB4 5DT,53.705655570000000,-2.329367717000000
Eagle and Puffleg,M9 0PX,53.534955107474200,-2.235765000000000
Parrotlet and Grosbeak,OL16 1HR,53.618414616335700,-2.151165090532850
Civet and Pitohui,M26 4HG,53.573828200123500,-2.341480000000000
Old World vulture and Jay,BL2 3NT,53.594892810000000,-2.389469640000000
Tahr and Masked owl,M99 2BE,53.482993000000000,-2.232328353164410
Lemming and Capuchin,M8 2EF,53.506582000000000,-2.242977000000000
Solitaire and Macaw,M26 2PL,53.571243856818900,-2.306289867741750
American sparrow and Darwin's finches,BL1 7HF,53.609428340000000,-2.435943538000000
Badger and Hawaiian honeycreeper,BL4 9NW,53.542123470000000,-2.402626317000000
American sparrow and Boto,M8 8FQ,53.493989800886100,-2.251936767328170
Pratincole and Tattler,BL3 1JT,53.558527060000000,-2.366370557000000
Wallaby and Skunk,BB4 4FN,53.695749960000000,-2.335803000000000
Thrasher and Partridge,M4 5FR,53.485896838210400,-2.231393349626610
Recurvebill and Buzzard,OL9 0DA,53.549916867183300,-2.134469240763270
Kite and Fish eagle,BL1 8SJ,53.602383420000000,-2.422890024000000
Hawk and Mink,BL1 7DY,53.608703130000000,-2.440077283000000
Myna and Elephant,OL16 2DW,53.620724026742000,-2.151611781055990
Night heron and Marsh harrier,OL9 8AE,53.529861964633800,-2.151075318291020
Maya and Marmoset,M24 4GH,53.556819817220300,-2.214511508312450
Francolin and Tattler,OL9 6HA,53.538429000000000,-2.127779000000000
Civet and Darwin's finches,BL3 5BN,53.573928000000000,-2.435246000000000
Mink and Mink,M24 4PF,53.545730948906400,-2.217956572883670
Kite and Argus,M45 8PP,53.557050893637400,-2.292073017792000
Civet and Old World warbler,BL8 4HR,53.619798590000000,-2.339598431000000
Pitohui and Fox,M8 5AF,53.513696779901500,-2.241120746740210
Night heron and Dorcopsis,OL13 9PP,53.698154942037200,-2.190830353742990
Jay and Vole,OL10 4AR,53.601018000000000,-2.222198000000000
Parrotbill and Duck,BL4 9RD,53.544378320000000,-2.416108895000000
Rat and Cuscus,M43 7LG,53.492357966785100,-2.132056024258910
Kangaroo and Old World quail,BL9 9PQ,53.573561490000000,-2.296128333000000
Greenbul and Fulmarine petrel,M30 0RB,53.484154257050400,-2.355315902507560
Nukupuʻu and Herring gull,OL9 6PJ,53.544046904400100,-2.134978777425550
Quetzal and Badger,BL2 1NA,53.572599990000000,-2.408835565000000
Gull and Treepie,M6 5GX,53.483022405069300,-2.299521000000000
Chicken and Recurvebill,OL8 3SY,53.520776979208300,-2.134135449683340
Viscacha and Grouse,M35 9PS,53.509784465951600,-2.149043566987660
Prion and Black jay,BL1 9PF,53.588487400000000,-2.425440191000000
Black cockatoo and Parrotbill,OL16 2QJ,53.633617767876000,-2.132603453752120
Guillemot and Logrunners,BL1 2XJ,53.586017810000000,-2.437288561000000
Wallaby and Black cockatoo,OL12 0RU,53.624168103472200,-2.157339257395960
Mockingbird and Partridge,BL8 1PZ,53.599656780000000,-2.323041687000000
Polecat and Lemming,BB4 5PP,53.701771680000000,-2.319794631000000
Rabbit and Puffleg,M8 8BJ,53.499775942655300,-2.240016565564360
Guillemot and Bronzewing pigeon,M24 5PJ,53.562140781754600,-2.214583751375700
Old World vulture and Capuchin,M7 2BF,53.506645234027000,-2.242980000000000
Marmoset and Marsh harrier,OL10 1HG,53.591846658429300,-2.224630028990170
Goose and Vulture,M9 6SR,53.524952213789000,-2.211635154261870
Meadowlark and Skunk,M40 3QL,53.516977734616700,-2.160922644924680
Kestrel and Minke whale,M7 4FU,53.509556239576200,-2.261015985933060
Coati and Chicken,M45 6DU,53.543493613782300,-2.285807537099400
Tahr and Marsh harrier,M50 1WH,53.484810902611900,-2.309961275802670
Booted eagles and Hawaiian honeycreeper,M24 1JS,53.538286802125600,-2.203689606333420
Thicketbird and Treepie,M6 6GL,53.493489000000000,-2.275462000000000
Stilt and Mole,M45 7RY,53.554251329991200,-2.304551929057640
Quetzal and Puffleg,M24 4DX,53.549054894184900,-2.203665910329010
Lemming and Tit-tyrant,OL13 0RB,53.693380220618100,-2.223171769620550
Chicken and Cloud rat,BL2 4DL,53.610463860000000,-2.391215144000000
Rat and Solitaire,M24 2NQ,53.557623639543600,-2.191056982831990
Lemming and Goose,M27 0JQ,53.509276070335500,-2.349978000000000
Masked owl and Kangaroo,OL12 6QL,53.621738499730800,-2.166038450304420
Hawaiian honeycreeper and Flameback,M27 5WZ,53.504240546004600,-2.331466000000000
Mink and Dorcopsis,M45 7LL,53.546805292547400,-2.309478724514990
Puffleg and New World blackbird,M28 7TS,53.515621895829400,-2.406371289860390
Marmoset and Mamo,M45 8BB,53.552240011049200,-2.277881938422410
Warbler and Mamo,BL7 9YH,53.613981450000000,-2.406439059000000
Viscacha and Magpie,M6 8RB,53.490625000000000,-2.296695000000000
Gull and Flameback,BL4 9HU,53.544990560000000,-2.400012581000000
Perching duck and Herring gull,BL1 5FS,53.588487400000000,-2.425440191000000
Pitohui and Piping shrike,OL9 9PU,53.526305770862600,-2.162330743386100
Black cockatoo and Macaw,OL8 3SL,53.519740016934900,-2.128974077389790
Chicken and Piping shrike,M40 8QX,53.498220848078900,-2.211547077779730
Kākāriki and Vulture,M24 1RE,53.536380753656500,-2.181727315909990
Armadillo and Viscacha,M25 3BL,53.536747650228800,-2.291465412404510
Stilt and B,OL2 6XQ,53.580962002821700,-2.134915326570780
Pheasant and Rabbit,M6 8AP,53.493924504001300,-2.320443248307520
Black jay and Thicketbird,OL11 2TR,53.587227754088800,-2.175691733389170
Grosbeak and Zebra,OL12 7NF,53.624288033263000,-2.186293000000000
Badger and Goose,M9 6JN,53.531115405098000,-2.208135748651830
Kestrel and Recurvebill,M24 5NU,53.559556338240700,-2.207113078821510
New World blackbird and Wallaby,M40 9DD,53.508959162656400,-2.191953555230040
Old World quail and Macaw,M27 8RJ,53.521140289124500,-2.320890077157630
Armadillo and Moluccan boobook,OL8 4NB,53.525852874710500,-2.128268636881040
Ice seal and White ibis,M9 6FU,53.526354119007300,-2.206664264900750
Stint and Jay,M24 6HS,53.563963913867100,-2.199902752058270
Egret and Capuchin,OL2 5UG,53.567957893247400,-2.133167636838710
Maya and Wader,M6 8EG,53.490434000000000,-2.311600000000000
Armadillo and Capuchin,M6 6EH,53.497881879617200,-2.272370617127460
Old World quail and Old World vulture,M27 9UN,53.521745002244200,-2.354966951906380
Kite and Treepie,OL11 5TX,53.627084398267900,-2.217620000000000
Mole and Masked owl,M6 6HF,53.495216258176200,-2.270635143482260
Jackal and Scimitar babbler,OL9 0QD,53.552695586367100,-2.155579275466790
Solitaire and Chicken,BL9 0BG,53.587602000000000,-2.296091000000000
Dorcopsis and Old World vulture,M24 1HS,53.538704242601800,-2.190383211944040
Fox and Tattler,M5 0BT,53.481203331800000,-2.280431088200000
Thicketbird and Myna,BL9 5BJ,53.600783000000000,-2.294702000000000
Ice seal and Pitohui,OL11 4DU,53.612742968665800,-2.183325198150630
Civet and Grackle,M24 5SN,53.555383664545700,-2.203092546867720
Lemming and White ibis,M26 4HT,53.574264671932300,-2.336122256669050
Mamo and Dorcopsis,M7 3GE,53.510639561934600,-2.286415589934460
Old World vulture and Vole,BL4 0EB,53.553727130000000,-2.418434627000000
Marsh harrier and Rat,M8 8WJ,53.502228070413400,-2.231783888373190
Cloud rat and B,M40 0AN,53.512723871800000,-2.178037000000000
Diving bird and Marmoset,M27 4JS,53.505189784718500,-2.316035317294300
Fulmarine petrel and Hawaiian honeycreeper,BL0 9LP,53.650144650000000,-2.319388412000000
Zebra and Old World vulture,M38 9HA,53.533252474344700,-2.423271702754970
Stint and Cloud rat,M5 5AG,53.484658912961000,-2.329791954057970
Ice seal and Rat,OL11 5JY,53.614115000000000,-2.191811000000000
White ibis and Logrunners,OL9 0JY,53.546570000000000,-2.145974000000000
Wallaby and Chickadee,BB4 4DG,53.695727500000000,-2.328351000000000
Argus and Viscacha,BL1 6QQ,53.601667000000000,-2.434852208000000
Mink and Wallaby,BL1 2EW,53.582621080000000,-2.429610541000000
Puffleg and Egret,OL12 8EJ,53.680063339835500,-2.165692814042040
Recurvebill and Grosbeak,BL3 1LL,53.560781980000000,-2.363808499000000
Masked owl and Fish eagle,BL3 1SN,53.569388800000000,-2.396181063000000
Maya and Kite,M38 0EP,53.525811087171300,-2.435491256741970
Mink and Linsang,M45 8WQ,53.550162319129800,-2.282305654381740
Wader and Logrunners,M9 0NS,53.533396433890400,-2.228891584685470
Meadowlark and Thrasher,BL3 1DH,53.565892630000000,-2.379464371000000
Boto and Rat,BL3 1AT,53.569649130000000,-2.391306000000000
New World blackbird and Fox,BL8 1WN,53.602663000000000,-2.318425000000000
Coati and Warbler,BL2 4ET,53.600077120000000,-2.375646000000000
White ibis and Elephant,BB4 6HD,53.695644000000000,-2.290942000000000
Mamo and Macaw,M26 2UN,53.561541865554200,-2.324668323453450
Guillemot and Rat,OL13 9SY,53.688271360983500,-2.170767473570000
Rabbit and Bronzewing pigeon,BL2 6TD,53.573425790000000,-2.376330381000000
Civet and Badger,M4 6BJ,53.486328683244200,-2.226497853167080
Mouse and Dolphin,M40 3LP,53.520715575089500,-2.168402664335490
Parrotbill and Kākāriki,M60 9DJ,53.480902000000000,-2.252673000000000
Kangaroo and Stilt,M35 0SD,53.500545769259100,-2.155011086460920
Mamo and Gull,M25 0EZ,53.520117348886500,-2.261141289103450
Marsh harrier and Ibex,BL2 4EZ,53.599288070000000,-2.375427067000000
Solitaire and Kangaroo,M40 2UH,53.495319241956100,-2.183375350201050
Parakeet and Logrunners,M27 8BG,53.511058568877100,-2.302402263853100
Mole and Black cockatoo,BL9 6TA,53.636261000000000,-2.286631000000000
Stint and Warbler,M40 2WG,53.493585040034500,-2.188779017077430
Cuscus and Night heron,OL13 3SS,53.693466515700000,-2.207725430300000
Songlark and Minke whale,BL9 5JS,53.619287430000000,-2.298746424000000
Parrotlet and Warbler,M60 3NF,53.487361026924400,-2.227196609855210
Linsang and Stilt,M7 4BW,53.504193745944900,-2.255193576869040
Partridge and Stint,BL3 2RR,53.566241000000000,-2.418015000000000
Recurvebill and Stilt,BB4 4NT,53.691351490000000,-2.337236582000000
Polecat and Fox,OL12 6QQ,53.621856562274400,-2.171542056383710
Hawaiian honeycreeper and Armadillo,M3 7AD,53.488673002008300,-2.254120685280700
Diving bird and Old World warbler,M30 0RN,53.484085675422900,-2.357214093615260
Ibex and Ibex,OL10 4AW,53.604063986468500,-2.223425500165660
Chicken and Recurvebill,BL0 0PJ,53.659113840000000,-2.316399622000000
Viscacha and Hawaiian honeycreeper,M24 1RS,53.534716475863500,-2.194061729771840
Old World warbler and Maya,M40 3QY,53.515207050698800,-2.160900844726140
Lemming and Buzzard,M30 9LL,53.492602488311200,-2.352598139485550
Petrel and Thrasher,M24 6EE,53.562426239367200,-2.200303120846640
Tree warbler and Magpie,M45 6EJ,53.544842840619400,-2.277773077942290
Civet and Bronzewing pigeon,OL9 6PG,53.544279401393400,-2.136035878589360
Petrel and Goose,M27 4JF,53.504971317371600,-2.313666610132420
Thrasher and Grouse,M9 4BU,53.516095358588400,-2.208393822175310
Egret and Guillemot,OL12 7HL,53.632965916615100,-2.177757161795060
Pheasant and Recurvebill,M11 4HJ,53.485904199389200,-2.180200095526490
Scimitar babbler and Nukupuʻu,OL9 0EP,53.552447956307800,-2.137646970994310
Chipmunk and Egret,M24 5PB,53.559723917070600,-2.214028036577160
Polecat and Shearwater,BL8 1PW,53.597874528285500,-2.319069539722270
Petrel and Black jay,M40 1JB,53.500488502303700,-2.176809775100900
Bunting and Linsang,M26 4QH,53.570902131991600,-2.342769947969490
Logrunners and Tattler,M26 1LS,53.556880553944700,-2.319983225009240
Chipmunk and Cuscus,OL12 7PU,53.627372946655400,-2.190903575979260
Kite and Mockingbird,M35 0DP,53.509639000000000,-2.165102000000000
Grosbeak and Fish eagle,M40 5RS,53.523602517831800,-2.179591017636540
Mouse and Guillemot,BL9 8PS,53.556918190000000,-2.276055886000000
Condor and Vole,M28 8DG,53.513050000000000,-2.362208000000000
Dorcopsis and Meadowlark,BL8 4ET,53.628363390000000,-2.336779152000000
Ibex and Myna,OL13 9PA,53.699385361986800,-2.191426632492360
Bunting and Wallaby,BB4 4NF,53.686755000000000,-2.335746000000000
Elephant and Greenbul,BL4 8AP,53.547815300000000,-2.388388048000000
Grouse and Egret,M11 4GG,53.486678623122800,-2.185146479124890
Kākāriki and Guillemot,M40 3ND,53.510259491497100,-2.176413215344170
Macaw and Maya,OL11 3RB,53.606143243570600,-2.166506131151800
Old World vulture and Armadillo,OL10 4DA,53.596559959840000,-2.207823073840980
Ibex and Philippine hawk-owl,M8 0GZ,53.502410899186100,-2.230201905798490
Jay and Marsh harrier,M61 0NF,53.487362000000000,-2.227212000000000
Scimitar babbler and Songlark,M27 0DN,53.501953000000000,-2.345877000000000
Philippine hawk-owl and Hawaiian honeycreeper,BL4 7ST,53.551845540000000,-2.406280756000000
Asiatic leopard and Capuchin,M7 4UU,53.501414841195200,-2.255885427681050
Tahr and Meadowlark,M8 8UX,53.502864658726000,-2.232601477838970
Tit-tyrant and Capuchin,OL16 5LD,53.607334676066700,-2.141740074075170
Siskin and Capuchin,M25 0AA,53.523582000000000,-2.275884000000000
Darwin's finches and Tit-tyrant,M27 0WN,53.509658369772600,-2.341672079467090
Prion and Grouse,M27 5EA,53.503863786130300,-2.321166552597890
Darwin's finches and Warbler,BL8 4AQ,53.616624670000000,-2.346239410000000
Philippine hawk-owl and Hawaiian honeycreeper,M35 9PY,53.510015680155500,-2.151019687596780
Old World quail and Peafowl,M24 1GR,53.539798960344000,-2.173925730987710
Buzzard and Siskin,M25 0HE,53.518648985204500,-2.262625347416410
Cloud rat and Crow,M9 0NB,53.533204000000000,-2.222116000000000
Shearwater and Cuscus,M6 7GH,53.497910351793800,-2.308700184280220
Ground sloth and Songlark,M30 0EW,53.483012459005000,-2.339965933743480
Capuchin and Songlark,M26 3TE,53.562423581223600,-2.343652484993890
Old World warbler and Booted eagles,BL4 9RB,53.545470030000000,-2.414792000000000
Parakeet and Kangaroo,BL1 1EX,53.578478050000000,-2.434416622000000
Towhee and Parrotbill,OL9 0ET,53.551497631125600,-2.135515708120660
Civet and Viscacha,BL2 3LU,53.600689700000000,-2.386878563000000
Mink and Logrunners,M6 6EW,53.499908920700500,-2.285770343369790
Old World quail and Lemming,OL13 0RJ,53.691895778314800,-2.223921090784170
Polecat and Kākāriki,M35 0PQ,53.496513842466200,-2.158900496093550
Asiatic leopard and Shearwater,OL13 0QP,53.693361254753800,-2.223701714221190
Old World vulture and Coati,OL8 4BW,53.531598819399900,-2.126038168618790
New World blackbird and Fulmarine petrel,BL4 9AE,53.548393000000000,-2.393477889000000
Cloud rat and Thicketbird,M26 4AA,53.574698000000000,-2.341183000000000
Tattler and River dolphin,BL9 5HW,53.611189230000000,-2.295031440000000
Linsang and Mink,BB4 6DG,53.696150000000000,-2.290083000000000
Jackal and B,OL12 6SQ,53.628484086389800,-2.162829099945930
Parakeet and Lemming,M27 8XS,53.504665235297500,-2.310407751616100
Siskin and Treepie,M28 1XZ,53.511255637189800,-2.418769854568480
Old World warbler and Ibex,M26 3BW,53.560332427400000,-2.334895000000000
Boto and Zebra,OL10 4XL,53.593970207954700,-2.232815047822710
Elephant and Magpie,M60 9BT,53.483202320683000,-2.248286313892140
Diving bird and Old World quail,OL10 3SJ,53.585695624052100,-2.240065541520870
Parrotlet and Black jay,BL2 1PP,53.570900710000000,-2.403685017000000
Pratincole and Kestrel,OL11 2XB,53.584567436654100,-2.175544737521470
Bunting and Black cockatoo,M9 6JR,53.528963687829300,-2.210131548060070
Crow and Bunting,M40 1LB,53.497690405264600,-2.178622109932880
Pitohui and Booted eagles,OL12 9QR,53.636266291626700,-2.127091637561480
Siskin and Fish eagle,M40 7ES,53.484539444284600,-2.212111847672200
Buzzard and Prion,BB4 5QB,53.706416870000000,-2.327071039000000
Elephant and Hawaiian honeycreeper,OL11 1TP,53.602025173922100,-2.154189199795470
Civet and Chicken,M2 7DH,53.482877557434800,-2.244502074617450
American sparrow and Wader,M28 0BL,53.525581935551800,-2.419137499445300
Guillemot and Kite,M27 9TS,53.518096326813100,-2.342433767189130
Kangaroo and Puffleg,BL8 1RZ,53.599289300000000,-2.315921830000000
Siskin and Gull,M27 9RX,53.521270648959400,-2.351237544036910
Meadowlark and Chipmunk,OL16 2YR,53.618746769841400,-2.136577982854510
Dolphin and Thrasher,M26 1EB,53.548107174886700,-2.342932721097400
Thrasher and Francolin,M28 2SP,53.506536607315200,-2.363916453178050
Mamo and Wallaby,OL16 9TB,53.615690099222600,-2.158925127492100
Night heron and Warbler,BL8 1RJ,53.597161000000000,-2.332240000000000
Dolphin and Quetzal,BL1 2EJ,53.582034420000000,-2.427776955000000
Parrotbill and Magpie,BL9 5HN,53.610975570000000,-2.294335000000000
Eagle and Night heron,M30 0EF,53.483017536480000,-2.331768344602490
Moluccan boobook and American sparrow,OL12 7JF,53.633115069986300,-2.186060069402330
Mink and Egret,M28 2HA,53.496951402834400,-2.376647326360040
Tree warbler and Tattler,M35 9BY,53.514579000000000,-2.153781000000000
Cloud rat and Ibex,OL11 1QR,53.603848000000000,-2.162915000000000
Vulture and Recurvebill,M24 2AY,53.542868000000000,-2.171599000000000
Mink and Thicketbird,BL2 3DW,53.611935160000000,-2.405800000000000
Maya and Dorcopsis,M27 8LD,53.524027283103200,-2.330158232386580
Badger and Night heron,M24 5ST,53.563271915637400,-2.215359462480490
Puffleg and Nukupuʻu,M40 7LJ,53.489631997573100,-2.214292506760390
Jerboa and Recurvebill,M26 4FZ,53.572588323971300,-2.337724759202500
Kestrel and Treepie,M3 2RF,53.481106749110200,-2.248891873066920
Tit-tyrant and Treepie,BL8 3LH,53.613550850000000,-2.339911031000000
Parrotbill and Solitaire,OL13 9QX,53.697332000000000,-2.199959000000000
Puffleg and Macaw,OL1 2LZ,53.549646072798700,-2.118590791001420
Jerboa and Black cockatoo,BL2 2HF,53.589433000000000,-2.417624000000000
Black cockatoo and Crow,OL12 6TN,53.619018828697500,-2.163306609774440
American sparrow and B,OL12 7DG,53.623968624909200,-2.177810014690110
Petrel and Siskin,OL9 9AN,53.539144663486300,-2.138116761841820
Triller and Booted eagles,BL4 7RD,53.549931730000000,-2.392618375000000
Quetzal and River dolphin,M3 7NY,53.488545527046900,-2.254888548632160
Cloud rat and Ground sloth,M24 4EB,53.545805504058000,-2.211482737222000
Goose and Black cockatoo,OL13 0EL,53.692418613226400,-2.213247486685640
Kite and Songlark,BL8 2NQ,53.589708030000000,-2.322557855000000
Treepie and Buzzard,M26 1AA,53.558750598477800,-2.326458463367360
Tree warbler and Myna,M1 2HN,53.480823680209000,-2.233279395323370
Skunk and Black jay,M27 6TA,53.526825257419100,-2.338868804593050
B and Francolin,M30 9DB,53.495671874460900,-2.329033341414250
Philippine hawk-owl and Black cockatoo,M7 4AN,53.506833184683100,-2.252450248267980
Buzzard and Peafowl,OL11 2YA,53.581492970440800,-2.175864271172770
Towhee and Goose,M30 9DU,53.494146775182700,-2.331222201217880
Old World warbler and Myna,M45 6TL,53.539940918414700,-2.282992055566500
Tit-tyrant and Booted eagles,BB4 6NW,53.702863830000000,-2.321438857000000
Songlark and Shearwater,M30 8DH,53.491280000000000,-2.368137758841680
Parakeet and Peafowl,M30 9DF,53.494451916870200,-2.328134570147080
Piping shrike and White ibis,BL3 6JS,53.570068230000000,-2.440883844000000
Tattler and Lemming,M28 0AL,53.524632538800200,-2.407769886586520
Kite and Chickadee,M40 0FD,53.518758200800800,-2.173221064967440
Shearwater and Skunk,M5 4AS,53.482745816201600,-2.283741115703410
Solitaire and Peafowl,BL3 6LH,53.567437700000000,-2.442382000000000
Flameback and Black jay,OL13 9LL,53.703405026160000,-2.190187636294310
Pitohui and Dolphin,M24 5GS,53.556570715085400,-2.207974003791180
Civet and Old World quail,BL2 4JG,53.597831660000000,-2.372649013000000
Linsang and Siskin,BL8 1NE,53.598054570000000,-2.317181856000000
Stilt and Fulmarine petrel,OL11 3SE,53.610527386614100,-2.161505399288200
Badger and Crow,M45 7PE,53.545832300408800,-2.303344487503870
Cloud rat and Gull,M6 5JZ,53.487517305341100,-2.291775553918850
Towhee and Shearwater,M40 9LS,53.515432530555700,-2.190881964238180
River dolphin and Wader,BL2 3BR,53.603293590000000,-2.409298329000000
Wader and Treepie,M30 0PF,53.482913194578200,-2.352382000000000
Mole and Condor,BL7 9UF,53.625437660000000,-2.440538738000000
River dolphin and Wader,BL8 1UY,53.598479460000000,-2.305897706000000
Mole and Cuscus,OL16 2SH,53.628329000000000,-2.136896000000000
Skunk and Hawaiian honeycreeper,OL10 3NH,53.588446552766700,-2.244250574433030
Linsang and Goose,BB4 8JL,53.705481580000000,-2.288844049000000
Badger and Jackal,BL8 1AQ,53.597691980000000,-2.308037624000000
Rabbit and Parrotbill,M24 2DB,53.551710148685900,-2.178910218892410
Philippine hawk-owl and Tit-tyrant,M7 3BS,53.512750105466100,-2.275693090381880
Thicketbird and Kākāriki,BL1 7LA,53.612592400000000,-2.428433604000000
Petrel and Polecat,BL2 3QS,53.597913790000000,-2.391945273000000
Tahr and Pheasant,M35 0FS,53.506633477593400,-2.159888284794040
Asiatic leopard and Mockingbird,M27 9UD,53.520689723452800,-2.347024705798220
Cloud rat and Peafowl,M28 2GU,53.503157172196400,-2.394974891178370
Greenbul and Kite,OL2 7NA,53.583561034000400,-2.116495708396860
Kākāriki and Black jay,M6 6AJ,53.491775437905700,-2.273808533490280
Perching duck and Maya,M24 2GE,53.559439703926800,-2.190793443488730
Old World vulture and Mamo,M27 8AH,53.510945116169500,-2.304602998810630
Peafowl and Tattler,OL1 2PN,53.550381186349700,-2.129112690468190
Snipe and White ibis,BL2 6QE,53.579069050000000,-2.373616000000000
Herring gull and Flameback,M26 1PF,53.546015222494100,-2.372193404775030
New World blackbird and Scimitar babbler,M43 7RA,53.486463230259300,-2.153211495160210
Prion and Zebra,M25 3EP,53.537467471345100,-2.283684705085800
Buzzard and Parrotbill,M24 4NY,53.554335287009400,-2.226287697309570
Old World quail and Meadowlark,M9 4GB,53.512240811464300,-2.207545516035410
Myna and Old World warbler,BB4 4AW,53.683704180000000,-2.339840204000000
Skunk and Fish eagle,OL8 1DP,53.540012335719900,-2.116798354600160
River dolphin and Triller,OL16 2YA,53.617814000000000,-2.135577000000000
Kite and Masked owl,M26 2GQ,53.564668385783500,-2.318517132290550
Diving bird and Perching duck,M30 0LT,53.484255200156700,-2.342191000000000
Gull and Parrotbill,M8 4PR,53.522395149315900,-2.237836824147530
Chickadee and Siskin,M6 8PB,53.494360155692300,-2.312065844559100
Triller and Tattler,OL16 5BJ,53.614651262082400,-2.133813638429150
Snipe and Bronzewing pigeon,M6 5FR,53.487438398525900,-2.283486116427530
Old World quail and Petrel,M26 4QB,53.570068958984300,-2.341811898783220
Marmoset and Pheasant,M30 8ND,53.485832942657600,-2.364974856900740
Petrel and Night heron,M4 1HP,53.484474969183100,-2.236840816628990
Towhee and Recurvebill,M6 6FF,53.498506962980600,-2.285670459949340
Wader and Lemming,OL16 9SR,53.615690099222600,-2.158925127492100
Flameback and Polecat,OL12 0TQ,53.639758373637000,-2.173429781558820
Chipmunk and Siskin,OL9 7PD,53.526156438296900,-2.138149848070420
Linsang and New World blackbird,BL9 7EQ,53.588426049930600,-2.287878643058650
Vole and Thicketbird,OL8 4RD,53.522126540500800,-2.140806400325660
Jay and Guillemot,M27 5XA,53.507691530746000,-2.331523885313890
New World blackbird and Mink,M40 7HY,53.488479892210300,-2.220104123498860
Flameback and Darwin's finches,BL3 1QJ,53.567690350000000,-2.373742750000000
Stint and Mink,BL9 9AQ,53.587535950000000,-2.289760599000000
Piping shrike and Eagle,M8 0DY,53.509749444845600,-2.237343742242310
Wader and Ice seal,BL7 9DQ,53.614672950000000,-2.429754661000000
Dorcopsis and Fox,M27 9UB,53.519106000000000,-2.341731244502800
Diving bird and Macaw,M25 0AY,53.524866024333400,-2.271970663054370
Pitohui and Nukupuʻu,M26 3GG,53.563763365084400,-2.349672301374500
Peafowl and Mockingbird,BL9 5HL,53.610425350000000,-2.294980767000000
Grackle and Skunk,BL9 8ES,53.561621000000000,-2.286699773000000
Scimitar babbler and Kite,M9 5XW,53.512117593723200,-2.216200516465520
Jerboa and B,OL10 1QA,53.593477084913400,-2.207762601563560
New World blackbird and Parrotbill,OL10 4NH,53.594266921838400,-2.218478537253970
Francolin and Viscacha,BL3 2QS,53.567834000000000,-2.417547000000000
Civet and Masked owl,M7 4NF,53.515979397453600,-2.266695730087930
Tahr and Gull,BL2 5RL,53.587162460000000,-2.351904900000000
Logrunners and New World blackbird,M45 8LN,53.555446591137900,-2.274974562643090
Hawk and Maya,OL2 5LU,53.562981169880500,-2.130630690113390
Asiatic leopard and Stilt,M5 5DQ,53.480922320477200,-2.305141152095500
Pitohui and Mink,M45 7UZ,53.546228348321800,-2.295952437816910
Stint and Shearwater,M38 9DL,53.536852585909700,-2.439391789958330
Goose and Tree warbler,OL16 3AN,53.622119267946800,-2.126686202160280
Tahr and White ibis,M40 2FR,53.501085899948800,-2.185902806046650
Wallaby and White ibis,OL9 6AJ,53.543144000000000,-2.122722000000000
Kestrel and Siskin,BL1 2XH,53.586249950000000,-2.437713925000000
Gull and Rat,OL10 2PN,53.583971334606500,-2.210691611815400
Pratincole and Maya,BL2 3HX,53.604508380000000,-2.392807323000000
Black jay and Fulmarine petrel,M4 4FS,53.491620789943600,-2.241326965113110
Cloud rat and Chipmunk,BL9 9SJ,53.570427961300000,-2.293011157200000
Bronzewing pigeon and Masked owl,M25 2WL,53.538417617252300,-2.277142516913940
Egret and Maya,OL12 7QD,53.625430854838200,-2.196836883172140
Piping shrike and Condor,M28 1BZ,53.504769137395200,-2.422972652968890
Warbler and Thicketbird,OL10 2EL,53.586464147222400,-2.208951740676800
Booted eagles and Mockingbird,M27 6DU,53.516561056791400,-2.338666191934860
Condor and Warbler,OL11 2XJ,53.584102000000000,-2.175029000000000
Triller and Old World vulture,BL9 7HG,53.591765350000000,-2.283973050000000
Boto and Stint,OL2 5QY,53.569233550176600,-2.125500984512850
Peafowl and Chickadee,M8 5AR,53.513446419974300,-2.235961988663910
Civet and Marmoset,BL8 1AP,53.598274070000000,-2.308872920000000
Night heron and Night heron,M24 1HY,53.536950077686600,-2.191280627818500
Songlark and Ibex,BL9 5DL,53.605568030000000,-2.296458164000000
Towhee and Bronzewing pigeon,M40 3SW,53.520494301034800,-2.159352339256550
Marsh harrier and Parrotlet,M40 3QF,53.515445176423200,-2.164385000000000
Old World quail and Minke whale,M30 7JQ,53.482274333002400,-2.364703189262570
Towhee and Duck,M11 4NP,53.487412031416800,-2.181668350990370
Tit-tyrant and Ice seal,OL13 9QN,53.697754727554800,-2.199249557126220
Kākāriki and Philippine hawk-owl,BB4 6HY,53.688942000000000,-2.290003000000000
Dolphin and Old World warbler,OL13 8JB,53.695737672405000,-2.206736789722640
Minke whale and Herring gull,OL8 4BD,53.535222544502900,-2.124857000000000
Triller and Fulmarine petrel,BL9 9NT,53.581253960000000,-2.307419571000000
Mouse and Peafowl,M4 6FY,53.484940000000000,-2.228206000000000
Parrotbill and Nukupuʻu,M24 1DD,53.540250258603400,-2.172629892213040
Linsang and Boto,M25 9PZ,53.524678159248900,-2.283191902665430
Herring gull and Rabbit,BL9 8NL,53.558086850000000,-2.283656694000000
Siskin and Towhee,M30 9NZ,53.489589088473700,-2.350312401570720
Partridge and Songlark,OL10 2RB,53.567318000000000,-2.229936000000000
Mole and Darwin's finches,OL10 3SP,53.588807143783700,-2.234750514249840
Marsh harrier and Badger,M40 5LJ,53.504475838929900,-2.190772365080510
Egret and Kākāriki,BL8 1JP,53.607143970000000,-2.309466658000000
Jay and Chicken,M9 6WH,53.532963077644100,-2.220350084395940
Asiatic leopard and Black jay,M26 3GX,53.563675477095400,-2.345897118382000
Pitohui and Maya,BL8 9SS,53.590171260000000,-2.299991144000000
Moluccan boobook and Pitohui,M27 0HY,53.509446408406600,-2.343494877807090
Polecat and Fish eagle,M25 9UW,53.520476052193900,-2.288834850955130
Hawaiian honeycreeper and Capuchin,OL11 3HN,53.597892577610100,-2.184484715996890
Viscacha and Marmoset,BL2 4LZ,53.595702620000000,-2.394689790000000
Thicketbird and Tit-tyrant,M7 2JH,53.498859488954200,-2.269346861173690
Stint and Pheasant,M27 4DR,53.511637745092000,-2.324874567873500
Triller and Viscacha,BL4 7EA,53.554028730000000,-2.406573382000000
Triller and Thrasher,BL4 7TW,53.556306050000000,-2.402957277000000
Linsang and Jerboa,M6 6GS,53.493137260453400,-2.286599000000000
Dorcopsis and Masked owl,BL7 0DN,53.643904980000000,-2.395245876000000
Perching duck and Grackle,M6 8JJ,53.489213078759900,-2.327611818135170
Quetzal and Logrunners,M38 9EJ,53.538016571574200,-2.418098543943290
Francolin and Black jay,M38 9LQ,53.526657667608200,-2.409599512693030
Booted eagles and Parakeet,M4 5FZ,53.487368056455400,-2.232878291638940
Piping shrike and Macaw,M38 9QQ,53.532349217512400,-2.414271003504550
Darwin's finches and Mockingbird,M25 3BW,53.538007875035600,-2.279403138759360
Hawaiian honeycreeper and Kangaroo,BL9 8JR,53.560502190000000,-2.273165583000000
Grackle and Tahr,M35 9WX,53.502561945118100,-2.138118211309640
Viscacha and Grackle,BL2 5AJ,53.584779660000000,-2.392413000000000
Stint and Eagle,BL0 9NL,53.641082960000000,-2.326625487000000
Francolin and Armadillo,M6 7NG,53.498506302218300,-2.317945279538930
Jay and Zebra,OL12 7BG,53.622147510235500,-2.175443843652960
Rat and Night heron,M30 8JS,53.492924918113500,-2.376536260093210
American sparrow and Logrunners,BL7 9LR,53.615650500000000,-2.409886522000000
Viscacha and Gull,M43 7YD,53.482172419782900,-2.148735640658880
Civet and Fulmarine petrel,BL8 4NW,53.644994980000000,-2.332373687000000
Night heron and Coati,M43 7NJ,53.487742501655200,-2.150925353323040
Fish eagle and Parakeet,M40 4BU,53.494613000000000,-2.207578000000000
Guillemot and Pitohui,M30 8PX,53.483877641435900,-2.363601807878790
Ground sloth and Polecat,BL9 6DG,53.597503250000000,-2.278723112000000
Skunk and Ice seal,M40 9LH,53.512886000000000,-2.193509000000000
Ibex and Philippine hawk-owl,M35 9NA,53.506367043647000,-2.143196607147670
Stint and Guillemot,M28 3LP,53.524214385127700,-2.393074225980120
Fox and Quetzal,OL8 3AQ,53.521961090149200,-2.119433346390920
Fox and Dolphin,OL1 2RA,53.557186825975600,-2.143564702590010
Diving bird and American sparrow,OL9 6NQ,53.545285610162700,-2.136461665090570
Chicken and Thicketbird,BL0 0DG,53.652413310000000,-2.304200425000000
Rat and Chipmunk,BL0 9ET,53.648809940000000,-2.324385756000000
Goose and Thrasher,OL8 3LR,53.517387427390900,-2.126765048644320
Greenbul and River dolphin,BL0 0AY,53.647637840000000,-2.305270354000000
Stint and Fulmarine petrel,M28 1AQ,53.508006169213900,-2.435157834076310
Warbler and Chipmunk,OL11 3SW,53.610753780713000,-2.160251756573390
Puffleg and Ground sloth,M26 1NJ,53.556598531288300,-2.317882848964850
Mockingbird and Magpie,M28 3FW,53.524817965947500,-2.395387674529890
Kākāriki and Darwin's finches,M35 0TP,53.503755000000000,-2.160886000000000
Capuchin and American sparrow,M43 7SA,53.491497461368900,-2.159529815035370
Philippine hawk-owl and Ice seal,OL13 8EE,53.708317592348300,-2.198148160354170
Mole and Solitaire,BL0 9RQ,53.631631100000000,-2.331784664000000
Parrotbill and Rabbit,BL2 2GY,53.585184090000000,-2.413941898000000
Grackle and Coati,M28 3QQ,53.530529163512900,-2.399454000000000
Parrotbill and Badger,M3 1EU,53.490150546210400,-2.243850649674800
Nukupuʻu and Prion,OL2 6UJ,53.575451098249500,-2.127724319585210
Ibex and Peafowl,BL2 5ER,53.589694080000000,-2.387382000000000
Logrunners and Hawaiian honeycreeper,M40 7LW,53.488366000000000,-2.218006000000000
Goose and Songlark,BL9 6HN,53.612317210000000,-2.289537394000000
Eagle and Warbler,OL12 7GQ,53.630734567191800,-2.190888526334020
Pitohui and Hawk,BB4 5ES,53.699084140000000,-2.333012053000000
Grackle and Chicken,BL1 6QL,53.602557110000000,-2.437081680000000
Shearwater and Mamo,BL8 2JF,53.587182000000000,-2.332720000000000
Parakeet and Macaw,BL3 5DJ,53.575256000000000,-2.433402000000000
Rat and Zebra,BL9 5QX,53.630754590000000,-2.320300370000000
Tattler and Grackle,BL1 9TA,53.578230570000000,-2.430774245000000
Prion and Pitohui,M6 5AN,53.486992906630800,-2.281825381839670
Tahr and Parrotlet,M40 3RN,53.519956044944900,-2.158566040820460
Towhee and Rat,M7 4QD,53.512857000000000,-2.247691000000000
Stilt and Bronzewing pigeon,M27 8AX,53.512415027040100,-2.306242143565490
Herring gull and Thrasher,OL10 3PP,53.587888108567600,-2.249172043299820
Guillemot and Civet,BL9 9DY,53.586794720000000,-2.287776633000000
River dolphin and Philippine hawk-owl,BL0 0RH,53.667045690000000,-2.300809765000000
Wader and Crow,OL11 5AT,53.618549923600000,-2.173947666300000
Jay and Asiatic leopard,OL9 8HG,53.523541131444200,-2.152651638876470
Treepie and Philippine hawk-owl,OL12 7NY,53.625595000000000,-2.190305093851910
White ibis and Flameback,OL10 3NN,53.588403552794100,-2.243298610369690
Francolin and Francolin,M24 1HH,53.538507700329600,-2.189627888113330
Minke whale and Logrunners,BL7 9RA,53.634761060000000,-2.442284352000000
Stint and Pitohui,BL1 3PJ,53.592557860000000,-2.440679922000000
Duck and Marmoset,M2 7PW,53.482104000000000,-2.245370827488560
Vole and Tahr,M24 2LY,53.555277303827100,-2.185597181717870
Hawk and Gull,OL11 1TJ,53.603089607981600,-2.151412000000000
Egret and Capuchin,BB4 4DY,53.695516810000000,-2.332665831000000
Armadillo and Mouse,M7 1BB,53.491744809455100,-2.267493067707170
Pheasant and Grouse,M30 7JE,53.480976983846800,-2.365686573879680
Kite and Flameback,M7 4YQ,53.500347305783600,-2.250662944811720
Grosbeak and Hawk,M24 6JF,53.566145649809000,-2.195942106664970
Thicketbird and Pratincole,BL2 4LU,53.594202800000000,-2.397032766000000
Pratincole and Black jay,OL1 2RT,53.558058517435300,-2.150994774611500
Scimitar babbler and Hawk,M6 6LL,53.494133005469300,-2.284239238915700
Myna and Jerboa,BL1 2AX,53.581167860000000,-2.431967000000000
Jackal and Wader,M9 5RR,53.509143820338400,-2.215431444402890
Songlark and Linsang,M4 1LY,53.484514110412400,-2.235228580775740
Duck and Wallaby,M28 1JY,53.501219079417700,-2.425394629368420
Jerboa and Thicketbird,OL13 9QR,53.697385889322500,-2.199444705534060
Crow and Night heron,BL2 6TW,53.571795380000000,-2.377448450000000
Old World warbler and Ibex,M40 7DU,53.486385654144900,-2.215135133295160
Ground sloth and Wallaby,BL2 2RG,53.586678030000000,-2.405527324000000
Viscacha and Puffleg,BB4 5JT,53.708362000000000,-2.332494000000000
Pratincole and Wader,BL4 8RS,53.530888010000000,-2.354364581000000
Coati and Badger,M28 1YJ,53.497900000000000,-2.423929000000000
Parakeet and Francolin,BB4 7JB,53.692506000000000,-2.260209000000000
Fish eagle and Parrotbill,BL2 5QG,53.587527300000000,-2.356183025000000
Skunk and Stilt,BL0 9YB,53.652123800000000,-2.318737688000000
Kangaroo and Mamo,BL2 2LX,53.589312000000000,-2.408272000000000
River dolphin and Old World warbler,BB4 0GF,53.702009394652700,-2.284442967995350
Fulmarine petrel and Crow,BB4 6PX,53.696696550000000,-2.318605083000000
River dolphin and Ibex,BL7 9AX,53.620371540000000,-2.403960642000000
Marsh harrier and Fish eagle,M24 1BE,53.548087552090800,-2.196266068740490
Linsang and Ibex,M25 3JT,53.532050131602900,-2.297377230179190
Grosbeak and Tree warbler,BB4 7BF,53.697897000000000,-2.269315000000000
Boto and Black jay,OL9 8DD,53.521710189039400,-2.157501720094420
Siskin and Maya,M24 5AL,53.566026000000000,-2.207852000000000
Zebra and Francolin,M3 1PT,53.490185976600000,-2.246564000000000
Francolin and Kestrel,BL2 3DJ,53.602629280000000,-2.406420670000000
Mouse and River dolphin,BB4 5EA,53.703373000000000,-2.326487000000000
Rat and Gull,BL2 2NL,53.593552480000000,-2.408645107000000
Maya and Mink,M45 8QY,53.552244302488800,-2.291179546407260
Ground sloth and Grouse,OL12 7GH,53.631023609531600,-2.189997646240760
Vulture and White ibis,M24 6BA,53.555258029694000,-2.192102945773330
Ice seal and Argus,BB4 7EL,53.690130780000000,-2.252668251000000
Grackle and Coati,BL9 8JL,53.563131430000000,-2.271129264000000
Rat and Parakeet,M9 0NT,53.533325624824400,-2.228317896918160
Towhee and Goose,OL9 6TG,53.540002637029800,-2.126319698226120
Tree warbler and Solitaire,OL9 9DQ,53.536742896549200,-2.147207103048320
Warbler and Siskin,BL2 5DL,53.590833090000000,-2.394040081000000
Night heron and Grouse,M9 4DG,53.510409673331500,-2.206104068641350
Jerboa and Petrel,BB3 3QQ,53.702359000000000,-2.420908000000000
Macaw and Tree warbler,M40 9WD,53.512482828149900,-2.197337827631230
Elephant and Mouse,M27 6WF,53.530346331118800,-2.352127331695250
Old World vulture and Kākāriki,BL3 5AG,53.573296550000000,-2.440479507000000
Perching duck and Old World warbler,OL12 0EA,53.624573506372300,-2.149614708509180
Piping shrike and Minke whale,OL2 6AA,53.554731823989700,-2.120235256421790
Parakeet and Crow,OL11 4LR,53.606353442211600,-2.170421222244680
Macaw and Badger,OL9 8JL,53.530311864208200,-2.143398201752450
Condor and Puffleg,OL9 9AJ,53.539484879700000,-2.143052281800000
Triller and Darwin's finches,BL9 5HB,53.609638190000000,-2.293433628000000
New World blackbird and Petrel,M30 0GJ,53.480670362685600,-2.357110042796950
Pratincole and Triller,M27 5RB,53.500154909881700,-2.348816655335370
Ibex and Fulmarine petrel,BL7 9JP,53.615982720000000,-2.417780565000000
B and Pheasant,OL9 8PQ,53.536440044701500,-2.144957927887650
Siskin and Black cockatoo,OL10 2BJ,53.585634686302400,-2.215443054047000
Tit-tyrant and Old World quail,BL4 7PD,53.551079290000000,-2.396236319000000
Linsang and Tahr,M30 8DE,53.492117873054700,-2.367259571142460
Lemming and Rat,M40 1LA,53.497823215566600,-2.179964287622620
Flameback and Parrotbill,BL3 6JN,53.569729970000000,-2.439989421000000
Rat and Warbler,M28 1HS,53.501916550344400,-2.421165000000000
Wader and Tit-tyrant,M27 5UX,53.506529155504400,-2.332555156239250
Treepie and Elephant,BL8 1SG,53.600065660000000,-2.318043138000000
Songlark and Shearwater,OL9 0QJ,53.550735033263000,-2.149398970824580
Mockingbird and Hawk,M45 7RW,53.554760148886300,-2.305929197931660
Partridge and Bunting,OL10 2HY,53.582798771799200,-2.207891424111810
Wader and Chicken,BL7 9SQ,53.628445830000000,-2.436426936000000
Masked owl and Jackal,OL9 7SS,53.535192638281800,-2.135629505570880
Rat and Zebra,M6 5WG,53.488118088078900,-2.296014621072210
Cloud rat and Rabbit,M11 4WD,53.482240933452400,-2.171369276722920
Black jay and Fulmarine petrel,BB4 5EE,53.705484170000000,-2.329593606000000
Old World warbler and Herring gull,OL16 2XX,53.621542237930500,-2.136466076903660
Chipmunk and Civet,M40 9NX,53.514706260500000,-2.198102454400000
Francolin and Shearwater,OL11 5TZ,53.629919525290400,-2.220553055988830
Piping shrike and Parrotlet,BL7 0EF,53.636605290000000,-2.401015415000000
Mink and Magpie,M25 1GR,53.529620162839300,-2.272287777501900
Meadowlark and Meadowlark,BL8 9AP,53.592625960000000,-2.310206533000000
Grosbeak and Old World vulture,M27 5YT,53.505866487324400,-2.344370549955740
Perching duck and Dolphin,BL1 8GE,53.595453000000000,-2.418107000000000
Guillemot and Solitaire,OL9 0JH,53.545845126575500,-2.142243480511570
Towhee and Pratincole,M40 5RP,53.521052092439100,-2.183999421033810
Stilt and Cuscus,M5 5QZ,53.481537524523600,-2.296420831697810
Night heron and Jerboa,M24 4JE,53.555276182904700,-2.218171725225920
Old World vulture and Skunk,M28 7XU,53.511910751173100,-2.408688158577960
Civet and Bronzewing pigeon,M30 8PH,53.483106027321300,-2.363143128827160
Herring gull and Parrotlet,BL7 9AQ,53.615328590000000,-2.409399681000000
Kite and Black cockatoo,M24 6DZ,53.554937954704000,-2.195482698659910
Lemming and Viscacha,M9 8PB,53.532878606270100,-2.236326595724170
Solitaire and Peafowl,M28 7XL,53.509160077192700,-2.403459604249390
Chicken and Marsh harrier,M40 8EH,53.493745125753700,-2.206113593634500
Thicketbird and Hawk,M30 9GQ,53.487608853502400,-2.348186160330360
Flameback and Peafowl,BL8 2LF,53.590966820000000,-2.322401266000000
Old World warbler and Tahr,BL9 8NB,53.553597600000000,-2.285362477000000
Herring gull and Pitohui,OL16 2AU,53.614819000000000,-2.145015000000000
Jerboa and Cloud rat,OL8 3PF,53.513682481459600,-2.128382606889280
Macaw and Chicken,OL11 2DB,53.596114669465300,-2.151236432896390
Pheasant and Pratincole,M6 8BN,53.489244308272100,-2.316022172985880
Mink and Mole,M6 6QA,53.495001000000000,-2.290139000000000
Cuscus and Armadillo,M28 3SG,53.520585303918000,-2.405845680127230
Bunting and Parrotbill,M28 3QH,53.535769628119600,-2.402339680153260
Greenbul and Buzzard,OL12 6JE,53.623776121900000,-2.164746468400000
Pheasant and Fox,OL13 9DS,53.706789593276500,-2.192657049852690
Zebra and Triller,BL1 1SX,53.577344240000000,-2.432290607000000
Stint and Recurvebill,BL7 9JT,53.617106220000000,-2.417791665000000
Mockingbird and Minke whale,OL11 4EQ,53.613826130961000,-2.174260503589610
Old World vulture and Petrel,M6 8EE,53.493201187305900,-2.325336443530950
Vulture and Boto,BL1 1UN,53.582405610000000,-2.421965455000000
Marsh harrier and Triller,BL0 0EP,53.657063240000000,-2.303008306000000
Fish eagle and Pitohui,BL4 7JZ,53.555536520000000,-2.401350000000000
Jerboa and Condor,M25 0LP,53.518774685936000,-2.266743464762190
Rat and Tattler,M26 1GL,53.540771974178900,-2.364421460193100
Jerboa and Parakeet,BL3 2BH,53.562441180000000,-2.427382864000000
Fox and Capuchin,M43 6JD,53.481361104884700,-2.164238311712140
Moluccan boobook and Hawk,M8 4WW,53.519841464389900,-2.247173470089580
Grackle and Jerboa,M40 8NU,53.501246835899000,-2.213295852704920
Fulmarine petrel and Egret,OL13 9AS,53.703577000000000,-2.200928758636680
Kite and Wader,M27 8HP,53.518792378236800,-2.331474868678340
Tattler and Tattler,BL3 6XF,53.570316660000000,-2.436869764000000
Mockingbird and Fox,OL2 5AS,53.556647000000000,-2.120754000000000
Pitohui and Flameback,M40 3RS,53.518846984540200,-2.161171048616720
Boto and Guillemot,M30 8SL,53.484693919260900,-2.364151305009730
Recurvebill and Solitaire,BB4 9HH,53.699069380000000,-2.259022658000000
Civet and Fulmarine petrel,BL3 6RJ,53.567116230000000,-2.432080545000000
Piping shrike and Crow,M4 7FB,53.482137401531400,-2.213305356771250
Kestrel and Marsh harrier,BL2 6EE,53.579188440000000,-2.390004838000000
Flameback and Wallaby,OL2 6PU,53.569639522174400,-2.124249000000000
Cuscus and Mockingbird,M11 4RB,53.482765092929300,-2.175605789014530
Duck and Triller,M8 9DF,53.504440075988800,-2.244867494249650
Gull and Prion,BL9 5NJ,53.638375690000000,-2.303418734000000
Dolphin and Mockingbird,OL12 8TL,53.655570379380200,-2.178336556224270
Myna and Rabbit,M5 4HY,53.481962398388400,-2.284338634762310
Bronzewing pigeon and Egret,OL10 2NQ,53.579537832961000,-2.216982773545710
New World blackbird and Recurvebill,M24 5NR,53.559721435270800,-2.205196647274530
Wader and Puffleg,M8 9BX,53.503748099151700,-2.244803196344880
Peafowl and Pratincole,M30 8QH,53.484934624503100,-2.364801372115380
Dorcopsis and Capuchin,BL9 0QQ,53.592393890000000,-2.295368731000000
Pratincole and Jerboa,BB4 6PP,53.696561400000000,-2.322087487000000
Asiatic leopard and Nukupuʻu,BL1 8XE,53.595078100000000,-2.434813624000000
Chicken and Capuchin,BL0 0QH,53.668719920000000,-2.310417503000000
Scimitar babbler and Hawaiian honeycreeper,M26 2GP,53.570915115762500,-2.304792551573960
Polecat and Grosbeak,M9 4ED,53.514651591493100,-2.206456445299790
Duck and Jerboa,M24 4EJ,53.554819000000000,-2.213022000000000
Asiatic leopard and Magpie,M6 8WB,53.494892483191100,-2.321475541261820
Polecat and Puffleg,BL1 2QF,53.586905300000000,-2.440379384000000
Solitaire and Wallaby,BL3 1LZ,53.563407000000000,-2.367062000000000
Dolphin and Civet,M9 8AG,53.516461915263000,-2.219525394421020
Chicken and Marmoset,BL7 9SS,53.629814960000000,-2.440538992000000
Pheasant and Stilt,M40 7RY,53.488822000000000,-2.214075000000000
Egret and Diving bird,M40 2SJ,53.495947785770800,-2.189543210748810
Marmoset and Triller,BB4 6NH,53.691635600000000,-2.335285334000000
New World blackbird and Treepie,BL4 0EU,53.549711260000000,-2.415300944000000
Elephant and Kestrel,M30 9JT,53.491715035255800,-2.348717201674730
Flameback and Hawk,BB4 8SL,53.700885240000000,-2.290251501000000
Partridge and Capuchin,M27 5TR,53.507240091656100,-2.329002373971050
American sparrow and Duck,M45 7FJ,53.540303501833400,-2.289226434037470
American sparrow and Wader,OL11 4NW,53.603515295623800,-2.175154939214710
Parakeet and American sparrow,M40 7FY,53.485801410493000,-2.215132173605030
Francolin and Dorcopsis,BL9 9QR,53.579385450000000,-2.296320102000000
Towhee and White ibis,M38 9PX,53.533465497324500,-2.416363927571310
Fulmarine petrel and Triller,M40 3QN,53.517765555325000,-2.163248176797460
Stint and Towhee,BL1 8SZ,53.601513040000000,-2.414902000000000
Quetzal and Hawaiian honeycreeper,OL16 2SS,53.636741829768900,-2.119183304374930
Condor and Snipe,OL12 6XY,53.630702647469900,-2.176568143976950
Hawk and Polecat,OL13 8GW,53.702224409535900,-2.203057525948170
Herring gull and Tit-tyrant,OL8 1SQ,53.534764909735200,-2.123950431043250
Warbler and B,M27 4UR,53.509145599689100,-2.329017142389330
Old World quail and Vulture,BL9 0PB,53.594112010000000,-2.294821704000000
Rat and Black jay,M40 0HF,53.522672141876800,-2.176630772227710
Mole and Mink,BL8 3HW,53.609233120000000,-2.344229183000000
Buzzard and Crow,BL0 9EA,53.646332070000000,-2.319979800000000
Badger and Dolphin,M40 9NU,53.514921605300000,-2.198329666700000
Zebra and Thrasher,BB4 5RD,53.709412340000000,-2.322867454000000
B and Stint,M45 6AX,53.542666660613500,-2.285817052092670
Masked owl and Petrel,BL1 1JZ,53.577880590000000,-2.428112569000000
Chicken and Ibex,BL2 1NB,53.571065130000000,-2.410829117000000
Snipe and Polecat,M28 1UJ,53.500426069742700,-2.418331404535580
Quetzal and Ice seal,M40 2TS,53.497253725176800,-2.182087330108220
Marmoset and Gull,BL1 2EX,53.585050000000000,-2.426946000000000
Ground sloth and Buzzard,BL8 2NA,53.589997820000000,-2.331624385000000
Chickadee and Cloud rat,M3 5DX,53.484039000000000,-2.251920000000000
Thrasher and Mouse,OL12 0SU,53.624492829456100,-2.156463538371000
Mink and River dolphin,OL2 6TA,53.576802846811200,-2.124405866101030
Solitaire and B,BL7 0LN,53.647031480000000,-2.411658339000000
Meadowlark and Fish eagle,M3 3AH,53.480745000000000,-2.254525000000000
Flameback and Logrunners,OL14 7RS,53.688470321176600,-2.117573138872860
Polecat and Old World vulture,OL2 5LL,53.563873271940600,-2.128549943613670
Greenbul and Ice seal,OL11 4BJ,53.607371592424700,-2.203327096215540
Goose and Minke whale,BL2 3BN,53.598075670000000,-2.410668211000000
Meadowlark and Buzzard,M43 7JH,53.484456125425900,-2.132965750574080
Old World quail and Prion,OL2 5AL,53.558200162221600,-2.121377296976750
Logrunners and Rat,M35 0AJ,53.510254611227600,-2.160776504579640
Pheasant and Hawk,BB4 7NQ,53.700616750000000,-2.282252157000000
New World blackbird and Cuscus,M26 2QE,53.567240863421200,-2.307529243367280
Parrotbill and Condor,M28 3HR,53.520785000000000,-2.380988551565130
Badger and Dolphin,OL9 0NF,53.550984425633500,-2.151211040312910
River dolphin and Dorcopsis,BL9 8BR,53.569357410000000,-2.284003974000000
American sparrow and New World blackbird,M40 3QP,53.515789415037800,-2.162290482483310
Old World warbler and Capuchin,OL10 3QW,53.586870308869900,-2.241446856436550
Cuscus and Minke whale,M28 3UH,53.526224000000000,-2.383014000000000
Jackal and Eagle,BB4 9SR,53.697099280000000,-2.247075900000000
Rabbit and Vole,OL9 0BB,53.553039424698000,-2.146675091824680
Ice seal and Mink,OL16 2DR,53.621797945492600,-2.148168618756020
Tit-tyrant and Fulmarine petrel,M27 5ET,53.504456614177300,-2.317959685676700
Parakeet and Mamo,M8 0PY,53.505465688413100,-2.235465303433770
Gull and Wader,M40 8GF,53.500348512968200,-2.213004908214090
Fox and Condor,OL11 2XA,53.590119987300100,-2.170869445751930
Crow and Ibex,BL8 3NX,53.615157720000000,-2.334255377000000
Argus and Argus,BL0 0LG,53.666408200000000,-2.307615750000000
Mink and Gull,M8 4PY,53.519727412080600,-2.241411420409040
Thicketbird and Wallaby,BL4 9HL,53.545391130000000,-2.398492134000000
Kestrel and Skunk,M45 7LB,53.549124050777600,-2.302553043920690
Stint and Magpie,BL1 9SU,53.578230570000000,-2.430774245000000
Siskin and Duck,OL12 6QP,53.621102990673800,-2.164115934387000
Gull and Mamo,M45 7GY,53.554244921194600,-2.299978263680270
Argus and B,BL9 9JU,53.582681200000000,-2.301101115000000
Duck and Puffleg,M24 4NH,53.553580502285700,-2.226162912192990
Fox and Mamo,BL2 3HF,53.604616990000000,-2.389831179000000
Mouse and Macaw,M40 2XG,53.491751180235600,-2.199954447621800
Mouse and Peafowl,M9 6EE,53.527724626690600,-2.209371158007900
Kākāriki and Grackle,M38 9GR,53.531493868462500,-2.412090206638950
Greenbul and Jerboa,M35 0EU,53.506026607051900,-2.156614229082210
Maya and River dolphin,BL2 5SH,53.588981200000000,-2.353899018000000
Guillemot and Grackle,OL16 5EF,53.613467000000000,-2.140536000000000
Goose and Minke whale,BL8 4AA,53.614276520000000,-2.340748237000000
Old World warbler and Black jay,M27 5AE,53.509117730892500,-2.335802218674670
Marsh harrier and Old World quail,M43 7QP,53.489200465472800,-2.156476777938330
Wader and Cloud rat,OL9 9EQ,53.542420903946600,-2.134188904617020
American sparrow and Capuchin,BL1 1PB,53.575676040000000,-2.428784984000000
Grosbeak and Flameback,BL2 2LG,53.590539640000000,-2.411773475000000
Bunting and Chicken,M8 4GJ,53.520587788980100,-2.233633765693820
Towhee and Mockingbird,M4 4AZ,53.490823137318000,-2.240176967548650
Jay and Bronzewing pigeon,BL9 7PL,53.593456880000000,-2.283244090000000
Condor and Mouse,M24 1SR,53.533638980780000,-2.193377877765790
Philippine hawk-owl and Cuscus,M27 4AS,53.511196107462500,-2.331852840200860
Black jay and Booted eagles,BL9 9QB,53.576816110000000,-2.299398131000000
Asiatic leopard and Fish eagle,OL10 3BH,53.589573173682300,-2.229074526976070
Towhee and Condor,M9 8QJ,53.522355322000000,-2.223613516300000
Peafowl and Cloud rat,OL9 8DG,53.521883633696600,-2.162223313115230
Crow and Mink,BL4 7AN,53.548451360000000,-2.397238042000000
New World blackbird and Mouse,OL12 6UB,53.617735368872000,-2.161941114147330
Parakeet and Philippine hawk-owl,OL16 2NF,53.625924000000000,-2.139865000000000
Philippine hawk-owl and Linsang,M9 7DY,53.522801460173500,-2.191850294698620
Thrasher and Crow,BL9 8QB,53.560484700000000,-2.272954117000000
Perching duck and Old World vulture,M9 4NF,53.506759142640700,-2.201563073825430
Viscacha and Vole,M27 5AX,53.511048190645800,-2.339707902185820
Boto and Ibex,M28 8EE,53.513067000000000,-2.362206000000000
Kākāriki and Chickadee,BB4 4DA,53.696498390000000,-2.328735795000000
Scimitar babbler and Prion,OL2 5SY,53.571595016151100,-2.127818379817740
Tree warbler and Gull,M38 0EH,53.529985187713900,-2.424536489989740
Treepie and Thicketbird,OL8 1SE,53.535377488032700,-2.122624507013280
Chipmunk and Elephant,BL8 2QH,53.593585110000000,-2.314640348000000
Grackle and Civet,BL8 4BL,53.621985400000000,-2.338663524000000
Chicken and Petrel,OL16 9ST,53.615690099222600,-2.158925127492100
Siskin and Viscacha,BL4 0DP,53.551794800000000,-2.418385365000000
Lemming and American sparrow,BL2 3NA,53.600836370000000,-2.388768791000000
Maya and Night heron,M24 2WR,53.557981198215500,-2.186620446781180
Badger and Logrunners,OL16 4RA,53.594678012678300,-2.142740140498330
Myna and Coati,M40 7SA,53.498509804981500,-2.220744036498330
Jackal and Piping shrike,M35 0WU,53.500486563187700,-2.159020901823760
Linsang and Argus,BL1 8RD,53.604660760000000,-2.429532055000000
Masked owl and Mouse,OL11 3AG,53.594020000000000,-2.184513000000000
Boto and Vulture,M11 4QA,53.483854565970700,-2.174329394698190
Fish eagle and Vulture,M26 1GZ,53.544078972598300,-2.364661156026720
Zebra and Piping shrike,OL9 8JS,53.526755856432400,-2.147986981255160
Chipmunk and Fish eagle,BL9 6TX,53.608442130000000,-2.250215086000000
Myna and Ground sloth,OL11 3SG,53.606220436677500,-2.162667749443180
Parakeet and Mockingbird,OL13 8DF,53.710683436154100,-2.202340789791980
Siskin and Songlark,OL12 7NR,53.627743362979400,-2.189710720156090
Skunk and Chicken,BB4 8JG,53.705179780000000,-2.287266546000000
Ice seal and Tree warbler,M25 2RH,53.544729639163500,-2.268310243756940
Goose and Old World warbler,BL7 0ND,53.644629300000000,-2.412330762000000
Stint and Black jay,OL9 7DA,53.532215794573100,-2.137113545661920
Minke whale and Grackle,M40 3SD,53.515666894914000,-2.159831860214500
Macaw and Ice seal,BL0 0LX,53.664539660000000,-2.307223785000000
Hawaiian honeycreeper and Perching duck,M43 7TY,53.489369000000000,-2.129063000000000
Mockingbird and Logrunners,BL1 8JQ,53.590943930000000,-2.429710113000000
Jerboa and Solitaire,OL11 5EN,53.617283067350400,-2.182649518005660
Grouse and Pitohui,OL11 1DX,53.612118720925000,-2.154392297327880
Diving bird and Lemming,BL4 9EB,53.547586960000000,-2.400384198000000
Linsang and Old World vulture,M35 0JQ,53.501777120795600,-2.168327487017340
Flameback and Mamo,BL1 3PQ,53.593246320000000,-2.441669137000000
Mouse and Piping shrike,OL9 9TB,53.546031731349700,-2.164881335087480
Ibex and Magpie,M24 1FQ,53.541454468645500,-2.190516286985670
Egret and Hawk,OL11 3TP,53.607541229559700,-2.163020441495220
Minke whale and Perching duck,BL4 0PD,53.548276430000000,-2.432114902000000
Black jay and Stint,M25 9NW,53.520604151145700,-2.276483167773150
Jerboa and Pheasant,M6 6SX,53.496157804003400,-2.279414099447910
Bunting and Armadillo,M6 8LL,53.494998882376600,-2.325335140690770
Logrunners and Jay,M27 5ZD,53.511048190645800,-2.339707902185820
Zebra and Cloud rat,M27 6BY,53.517345010474300,-2.334781459807890
Vulture and Ground sloth,BL7 9NG,53.617316000000000,-2.409374000000000
Rabbit and Goose,M7 3RS,53.505520994573900,-2.280591434973990
Snipe and Elephant,M28 1WF,53.513050000000000,-2.362208000000000
Guillemot and Chickadee,M27 5BD,53.499958000000000,-2.342271000000000
Viscacha and Tree warbler,OL12 7GD,53.629669053200100,-2.188313086569970
Eagle and Vole,OL1 2HN,53.548358151732000,-2.121167967074980
Wallaby and Mink,M26 2FU,53.563939216782100,-2.318934391347430
Lemming and Recurvebill,BL3 1HT,53.563107810000000,-2.370365747000000
Old World vulture and Mockingbird,M8 2BJ,53.506649870700000,-2.242980000000000
Snipe and Stilt,M26 4DG,53.566591325506800,-2.331939378037780
Perching duck and Boto,BL7 9LS,53.614372880000000,-2.415467039000000
Stint and Marsh harrier,OL9 8LA,53.527041225251600,-2.149798145673850
Badger and B,M26 1GF,53.545619791021700,-2.372174841901630
Stilt and American sparrow,BL7 9YQ,53.614559750000000,-2.408182957000000
Pratincole and Puffleg,BL9 0FU,53.600269000000000,-2.301587000000000
Bunting and Capuchin,M4 4BG,53.488363553228500,-2.234120000000000
Fish eagle and Partridge,BL0 9UU,53.626692580000000,-2.326695715000000
Macaw and Wader,BL2 6TZ,53.574094780000000,-2.380791285000000
Ground sloth and Petrel,M24 2TR,53.549275473701800,-2.178130210572790
Egret and Egret,OL8 4NJ,53.526372337881400,-2.129989841509860
Siskin and Boto,M5 0HX,53.481203331800000,-2.280431088200000
Fish eagle and Prion,M28 3DE,53.520850529039600,-2.393736867686060
B and Chickadee,M9 8AW,53.517458813394800,-2.219967912468690
Petrel and Masked owl,BL9 6JX,53.600780480000000,-2.272443406000000
Zebra and Parrotlet,OL8 1BE,53.533538590649100,-2.118953033084620
Condor and Magpie,M35 9NH,53.506374779097900,-2.144236973421790
Kangaroo and Stilt,OL9 9EY,53.541730232323500,-2.141294000000000
Marsh harrier and Treepie,M40 0EA,53.520239034133800,-2.174765511278330
Rabbit and Recurvebill,BL8 2TJ,53.588933340000000,-2.336223626000000
Fish eagle and Ground sloth,BL0 9JR,53.642317020000000,-2.322324150000000
Piping shrike and Pheasant,M4 6JL,53.483720000000000,-2.223349000000000
Chickadee and Tit-tyrant,BL8 4EG,53.627163030000000,-2.335333142000000
Old World warbler and Parakeet,M28 2LS,53.507735158662100,-2.362901426275050
Shearwater and Bunting,BL0 9HB,53.647711060000000,-2.325239601000000
Duck and Pitohui,M25 9GX,53.521889356389700,-2.280398025171680
Ibex and New World blackbird,M25 1GW,53.533422000000000,-2.284502000000000
Mockingbird and Chickadee,BL9 9DP,53.584191340000000,-2.286429683000000
Parrotbill and Herring gull,M5 5TD,53.486116000000000,-2.309186000000000
Duck and Coati,M25 0EG,53.523674000000000,-2.262837000000000
Pitohui and Boto,M28 3PJ,53.528414678831600,-2.392253278933170
Piping shrike and Piping shrike,M28 7UN,53.512343728482900,-2.405601007044490
Darwin's finches and Condor,M45 7GL,53.541066308415800,-2.307701508331330
Grosbeak and Vulture,M2 7JB,53.481966638634300,-2.246003708091830
Flameback and Flameback,BL7 0PB,53.644261240000000,-2.393509648000000
