id,postcode,lat,lon
ADM3,NORHAM,55.71711,-2.14235
