id,postcode,lat,lon
ADM3,TUNBRIDGEWELLSDISTRICT,51.11769,0.39044
