id,postcode,lat,lon
PPL,PELCOMBCROSS,51.82139,-5.02028
