id,postcode,lat,lon
1344356,M2 1SE,53.4816,-2.2444
