name,postcode,lat,lon
Dorcopsis and Vulture,IV21 2DH,57.732195429085600,-5.731665954473210
