name,postcode,lat,lon
Flameback and Stint,N16 0JH,51.562353326905900,-0.082286047401021
Songlark and Black jay,N15 3QB,51.587105627981900,-0.093629584067956
Jackal and Snipe,N17 8LN,51.605284418294700,-0.084550034533115
Mouse and Wallaby,E5 9QJ,51.558894043930700,-0.051890439410313
Piping shrike and Tree warbler,W1K 5AS,51.513109814396300,-0.150578189537405
Moluccan boobook and Bunting,W8 7SN,51.508415557915700,-0.196766444686880
Marsh harrier and Zebra,E7 9DF,51.548799721156900,0.016507302997522
Tattler and Thicketbird,SE16 4EF,51.498363000000000,-0.069658000000000
Stint and Flameback,N15 5LD,51.583183939877500,-0.074293023862538
Pratincole and Jay,N17 0EB,51.606710212397900,-0.059504000000000
Black jay and Old World quail,N16 6QL,51.570551316265200,-0.067294314773275
Puffleg and Rat,E8 4PS,51.536161276524000,-0.064411236881404
Zebra and Myna,E8 1FD,51.548605000000000,-0.061489000000000
Pheasant and Vole,SW7 5LW,51.493456929958900,-0.177880272352446
Night heron and Skunk,W11 1JJ,51.517494840693400,-0.201250741831976
Condor and Thrasher,NW1W 8GL,51.530783041088500,-0.135430048905449
Thicketbird and Piping shrike,SE18 5SZ,51.494267901510600,0.049712260981199
Macaw and Flameback,N1P 1UW,51.538645000000000,-0.103543000000000
Gull and Wader,N18 1PW,51.617320307107900,-0.078193025368108
Booted eagles and Perching duck,NW3 3LY,51.544501691201900,-0.161968049724688
Hawk and Mink,E2 9BJ,51.533056097674800,-0.062610890578645
Old World quail and Francolin,E14 7BS,51.516641596764000,-0.038084275818248
Kākāriki and Eagle,N5 1PX,51.549866001048100,-0.106293010627117
Goose and Chickadee,N12 7HS,51.614563519771700,-0.189298253230798
Egret and Stilt,SE1 7HJ,51.499326630145300,-0.113862000000000
Darwin's finches and Civet,E13 0HZ,51.531622597365500,0.021065000000000
Old World vulture and Armadillo,WC2E 7NX,51.512657788138700,-0.119884822298920
Prion and Macaw,EN2 6LX,51.651998232641200,-0.080586354036134
Skunk and Moluccan boobook,W1U 4AJ,51.520068744279400,-0.153352093424342
Chicken and Dorcopsis,W8 9JE,51.498289000000000,-0.198295000000000
Dorcopsis and Mamo,SW1E 5HW,51.498730224085500,-0.140873419951165
Minke whale and Old World quail,W1K 4EA,51.511889484750900,-0.147327357661542
Meadowlark and Hawk,N1 7DJ,51.536536190247400,-0.093897651897629
Stilt and Goose,W11 4TG,51.508060725635800,-0.217675358569806
Pheasant and Puffleg,W10 6LR,51.517202786353900,-0.217462641832965
Egret and Rat,E15 1TA,51.551713427228300,0.009164270795165
Guillemot and Stilt,E10 5AN,51.571566627898300,-0.013929901900322
Chicken and Perching duck,SE1 3GN,51.499569000000000,-0.076811000000000
Jay and Magpie,E5 0AZ,51.555955805377400,-0.043923165562490
Prion and Treepie,SE1 4SP,51.494100485394400,-0.082875770443391
Dolphin and Wader,N20 9BN,51.635474000000000,-0.174347000000000
Tree warbler and Ground sloth,W2 5ET,51.521830278889700,-0.193714035179867
Kestrel and Kite,W1K 3PA,51.510631453943300,-0.146816357947214
Towhee and Jackal,E8 1EX,51.546044092595000,-0.058424734605196
Prion and Pitohui,N1 8QB,51.536855636564900,-0.098065984196216
Elephant and Triller,W1H 2HB,51.519011774577300,-0.162778247259489
Moluccan boobook and Maya,W2 5TP,51.520664828976300,-0.190444862260134
Grackle and Guillemot,E4 6BL,51.632539182506400,0.013861208511434
Booted eagles and Grackle,N13 4AT,51.625838194964500,-0.113244639719017
Old World warbler and Ibex,EC1A 9PS,51.519104536450900,-0.101962261474678
Linsang and Mockingbird,WC1H 9RH,51.525738198200200,-0.124708816260487
Vulture and Magpie,W1J 6BU,51.509876766992100,-0.144584461159808
Civet and Magpie,N8 8PB,51.583383039977500,-0.122653980187145
Rabbit and Cloud rat,N10 9EB,51.592197000000000,-0.142823000000000
Kestrel and New World blackbird,N16 0TS,51.559627907179300,-0.081693789087285
Armadillo and Songlark,SW3 6HS,51.489698000000000,-0.175509000000000
Ibex and Stilt,E11 4EJ,51.558927808608600,-0.004670419588556
Dorcopsis and Tit-tyrant,WC1A 9JH,51.524503057780500,-0.112088284788377
Minke whale and Armadillo,E14 1TL,51.510000000000000,-0.006148000000000
Myna and Crow,N8 7JR,51.584832355571500,-0.121064160233087
Francolin and Fulmarine petrel,N7 6JU,51.559921036316400,-0.122047833412710
Scimitar babbler and Skunk,SE1 2XF,51.501059358249300,-0.076200865225178
Cloud rat and Songlark,W1D 3QF,51.515869655857500,-0.132363847833527
Piping shrike and Piping shrike,N10 3HU,51.587255382169000,-0.148478199481752
Tit-tyrant and Songlark,EN4 8FN,51.644294748000000,-0.147297309200000
Boto and Grouse,NW5 2UY,51.551355809852300,-0.136435250344540
Pratincole and Dolphin,W1U 1PE,51.516566569252800,-0.146820492879873
Treepie and Wallaby,WC1R 5AH,51.520012000000000,-0.113437246244390
Puffleg and Snipe,E2 8EE,51.534214295587200,-0.076158637014068
Skunk and Civet,EC1V 4QR,51.525624475584900,-0.103914000000000
Jay and Partridge,SE1P 5UP,51.492762382100000,-0.080151676700000
Condor and River dolphin,E10 6DQ,51.577409000000000,-0.008393000000000
Macaw and Night heron,E8 1JU,51.548862177094300,-0.056458553424796
Vole and Cloud rat,E2 8QA,51.532025619640700,-0.066648460220965
B and Ice seal,N6 4EB,51.579337135484000,-0.156160836497766
Quetzal and Old World quail,N1 9DS,51.531863776447800,-0.120319139727361
Tree warbler and Myna,W1T 5ER,51.523818217744000,-0.139102181739556
New World blackbird and Pheasant,N7 9NH,51.545592954029000,-0.120171629704649
Argus and Peafowl,N21 1HU,51.634012536793200,-0.103772795621917
Stint and Kite,E3 5GY,51.526368233700000,-0.031899690800000
Prion and Meadowlark,SE1 2DL,51.499104823594500,-0.071629485939277
Quetzal and Boto,NW3 7SY,51.555168881250800,-0.191037651727657
Boto and Old World warbler,NW6 7AA,51.543087687559900,-0.218369353096630
Macaw and Prion,SE1 0FH,51.499258347800000,-0.103564983000000
Chipmunk and Buzzard,EC2R 6JJ,51.516633279890000,-0.088776036648033
Polecat and Thicketbird,E14 3HU,51.491809275845900,-0.006939928324897
Old World vulture and Jerboa,W1J 7JT,51.505378298961700,-0.146150515671725
Night heron and Tahr,IG4 5PD,51.580929103753800,0.044126715469023
Hawaiian honeycreeper and Boto,E18 2LG,51.596836216672400,0.012959993914178
Egret and Thicketbird,E5 0LZ,51.552439838815400,-0.049872693470051
Bronzewing pigeon and Rat,E6 5JT,51.517917242701200,0.051467000000000
Old World quail and Elephant,W1D 4DL,51.514362537051700,-0.130897777775086
Armadillo and Warbler,E12 5DB,51.554665000000000,0.045055000000000
Lemming and Marmoset,NW10 3UE,51.543328447313500,-0.243280098483969
American sparrow and Mamo,N18 1AT,51.610241002353600,-0.087966551539097
Duck and Kākāriki,E15 1EA,51.551684339039200,0.000868919613299
Cloud rat and Zebra,NW2 1LP,51.572999183630000,-0.222712642581796
Minke whale and Cloud rat,NW3 1BJ,51.558372055998600,-0.172589243464012
Solitaire and Chicken,E6 5RN,51.514057436501500,0.051969751076955
Hawk and Asiatic leopard,W14 0TZ,51.496732619882300,-0.212513072105160
Boto and Badger,E8 4WF,51.532723121174400,-0.060419022529586
Myna and Wader,SE17 2LR,51.489059518265900,-0.080364786822271
Gull and Flameback,W1W 6BR,51.519113665539800,-0.141845210291204
Nukupuʻu and Boto,W8 6JQ,51.495998380998400,-0.193468000000000
Tree warbler and Hawaiian honeycreeper,W8 7SA,51.500418806883900,-0.196606639310124
Parakeet and Marsh harrier,NW7 1RT,51.612552485915300,-0.214755293097274
Grouse and Marsh harrier,SE16 7AD,51.492597021026500,-0.041954730321675
White ibis and Eagle,NW6 1DE,51.555495214696100,-0.195294593230720
Kestrel and Gull,EC4M 7DQ,51.515052000000000,-0.099825000000000
Prion and Thrasher,N6 5TX,51.577829975938800,-0.134197898841664
Eagle and Old World vulture,NW1 1LA,51.529627945738500,-0.132348705578885
Darwin's finches and Armadillo,NW4 4EZ,51.584941773383100,-0.234083018031472
Fox and Gull,E3 5QR,51.531347137089700,-0.038778528585828
Coati and Mockingbird,EN2 7LR,51.647375041367400,-0.124477990984519
Kangaroo and Condor,W1K 4HL,51.512759606117700,-0.147191172451613
Dorcopsis and Rabbit,SE16 2QG,51.489870025899000,-0.048294463652365
B and Polecat,NW6 6BA,51.537332244344000,-0.197743473145736
Recurvebill and Capuchin,W9 2EQ,51.525861094057200,-0.192689569776545
Logrunners and Ibex,EN3 7NF,51.658784346682500,-0.026688013004352
Old World quail and Armadillo,NW3 1SD,51.555710586331600,-0.174340412859897
Thicketbird and Cuscus,W2 3TT,51.513891600439200,-0.184501648035313
Mamo and Warbler,EN5 5TW,51.655123081284100,-0.198351407170201
Peafowl and Towhee,EC4Y 7AR,51.512968738964800,-0.110980000000000
Old World warbler and Perching duck,W1J 0QW,51.508878596592400,-0.140042425324440
Macaw and Warbler,W1S 3EQ,51.509302570097600,-0.138425560401008
Treepie and Petrel,NW3 3QD,51.543625748139800,-0.154287786967905
Chipmunk and Night heron,W11 1RF,51.515845757436900,-0.213970089647760
Philippine hawk-owl and Wallaby,EC1V 9GR,51.526934660848700,-0.087335594063482
Mouse and Diving bird,NW10 6AA,51.531516568442200,-0.236958545074890
Bronzewing pigeon and Tree warbler,W1B 5SA,51.510910274967600,-0.138302379239531
Recurvebill and Nukupuʻu,W1H 6EG,51.516698790124900,-0.154064919940750
Skunk and Ibex,E17 6EX,51.588815748120400,-0.032161252894674
Warbler and Myna,E1 8AX,51.511206167090300,-0.072559659139739
Boto and Greenbul,E12 6TT,51.545151273166000,0.042349661775489
Thicketbird and B,E13 0AT,51.526252000000000,0.028745000000000
Parakeet and Gull,W10 4UX,51.531610119044600,-0.207528421690184
Mink and Mink,E18 2QR,51.593157274040100,0.021387727671641
Zebra and Cuscus,E4 7RQ,51.663492941965700,-0.003607806399027
Maya and Pratincole,N2 0AB,51.585698814439200,-0.171363103243190
Buzzard and Skunk,E16 1TD,51.504874575010100,0.025662862170662
Fish eagle and Ibex,N3 1UX,51.602192230223700,-0.192938363430145
Moluccan boobook and Snipe,SE1 1BL,51.502913864811600,-0.092289524649790
Tahr and Boto,N16 5HF,51.567773000000000,-0.086445000000000
Old World vulture and Warbler,E9 7NP,51.542775504752700,-0.049492724858083
Bronzewing pigeon and Perching duck,N2 0LF,51.590226401702000,-0.178748000000000
Lemming and Parrotbill,E1 2EF,51.516310000000000,-0.061943265290557
River dolphin and Crow,E5 8DT,51.554378185042600,-0.055588721735237
Towhee and Parrotlet,E5 9SP,51.565359540794000,-0.049175639864615
Armadillo and Old World warbler,WC1H 9JG,51.527586670441800,-0.125022112772116
Gull and Linsang,N13 4HB,51.616797633090000,-0.115844120684120
Mole and Pratincole,E5 9PP,51.563338606298700,-0.051484058513477
Bunting and Jerboa,N1 4BP,51.545804031208400,-0.077703366952457
Grosbeak and White ibis,EC1V 3AT,51.524551000000000,-0.098338257243677
Marsh harrier and Dorcopsis,N19 5SN,51.563443643493000,-0.134296299211787
Warbler and Chipmunk,SE1 7RU,51.498676439946200,-0.109942781256926
Jerboa and Pitohui,W1G 9PW,51.518522490164300,-0.146539309008708
Linsang and Philippine hawk-owl,NW3 3DY,51.544044616866500,-0.163789184432618
Civet and Pratincole,IG8 7NG,51.612768000000000,0.041830000000000
Kite and Dolphin,N20 9BD,51.635093000000000,-0.173539000000000
Eagle and White ibis,E20 1EW,51.546681438267700,-0.012634099998180
Puffleg and Boto,IG8 8LH,51.593198325403400,0.049095472117686
Chickadee and Mockingbird,EC3V 3NA,51.513688445550300,-0.085757423573318
Treepie and Mink,N11 1XZ,51.609244000000000,-0.110712000000000
Black cockatoo and Snipe,E4 9DF,51.610732666476800,-0.015730490164062
Moluccan boobook and Thicketbird,W11 4SQ,51.507365243159100,-0.213927066481016
Siskin and Old World vulture,EC2M 6SA,51.517766509189200,-0.088786251334422
Fulmarine petrel and Masked owl,NW11 9DQ,51.577338586843300,-0.207086502884314
Pheasant and Pheasant,W8 5RW,51.498918000000000,-0.184319000000000
Philippine hawk-owl and Night heron,SE1 1RE,51.501052632494300,-0.095623521395412
Guillemot and Grosbeak,N13 4PF,51.611991473700000,-0.118079000000000
Chickadee and Greenbul,N1 4DT,51.546126947896900,-0.080949251816742
Ibex and Mink,NW3 5RG,51.551706000000000,-0.176919040847617
Old World vulture and Night heron,NW5 3QR,51.546367206959300,-0.153066316489433
Guillemot and Tahr,E16 2UD,51.501061000000000,0.025837000000000
Crow and Stilt,EC2A 4LD,51.523614336470600,-0.083438349515424
Logrunners and Parrotlet,E10 9EB,51.570984000000000,-0.008645000000000
Chickadee and Cuscus,W1G 9QG,51.517198937148700,-0.146434493767668
Egret and Quetzal,W1T 7QT,51.518278808441700,-0.131746405231764
Grosbeak and Fulmarine petrel,EN5 9PS,51.643012000000000,-0.171144786961926
Dolphin and Minke whale,W1J 9HF,51.509292764614000,-0.135543801173077
Thicketbird and Marsh harrier,IG8 7BG,51.601379355736100,0.039933165420239
Greenbul and Rabbit,N22 8DF,51.603434416254900,-0.121422703719914
Tattler and Darwin's finches,N19 3DL,51.568714458288900,-0.128727140816947
Thrasher and Grackle,SE1 2SF,51.504169000000000,-0.083678000000000
Macaw and Coati,NW10 5UU,51.534929489872800,-0.234288984997047
Mockingbird and Armadillo,W1T 6ST,51.523789944362800,-0.141856669562456
Towhee and Dolphin,W1T 3LT,51.518602263927400,-0.137383354641714
Black cockatoo and Rat,NW10 5XH,51.532209432942400,-0.231611586413151
Chicken and Nukupuʻu,SW1Y 6QT,51.506557000000000,-0.137601000000000
Stint and New World blackbird,W14 0ZN,51.496732619882300,-0.212513072105160
Mockingbird and Flameback,E12 6AN,51.550556216511200,0.051606864085208
Kangaroo and Black cockatoo,SW5 9HP,51.489131971965000,-0.190685318418307
Moluccan boobook and Ibex,W1U 2EQ,51.517284111680600,-0.150120840052678
Kite and Skunk,W8 7DN,51.500036000000000,-0.196745099801031
Coati and Francolin,E1 0LD,51.512927021539900,-0.046127312360286
Coati and Vulture,E20 2AE,51.536238000000000,-0.013941000000000
Moluccan boobook and Mamo,NW3 1TP,51.557733762033500,-0.173177443947268
Songlark and Piping shrike,N1 7EJ,51.534731091191400,-0.089070630424038
Songlark and Buzzard,NW4 3AP,51.582929781578200,-0.226482172136110
Booted eagles and Boto,N12 0HT,51.607056060903900,-0.179487801408353
Black cockatoo and Peafowl,W1D 4TW,51.513698247362800,-0.130406130307127
Kākāriki and Ibex,EN1 2HR,51.643600905579600,-0.079582391275908
Perching duck and Quetzal,N15 6NU,51.577880000000000,-0.082022000000000
Argus and Quetzal,EC4V 4BU,51.512174698566000,-0.099887000000000
Masked owl and Pitohui,EC1N 7UL,51.520707190465800,-0.109881236643965
Partridge and Masked owl,NW1 2EJ,51.527096505220200,-0.134888672593362
Prion and Bronzewing pigeon,SE16 5HA,51.500568438991800,-0.033054586096111
Tattler and Quetzal,N1 2RF,51.546394000000000,-0.091193000000000
Ground sloth and Chickadee,W2 2AN,51.514858460615600,-0.166303478290826
Bunting and Black cockatoo,W8 9SH,51.501962732449300,-0.194672602681426
Nukupuʻu and Stint,W1G 0EA,51.516005000000000,-0.147074000000000
Viscacha and Darwin's finches,W1D 6DH,51.511053033061700,-0.132575252182450
Vulture and Shearwater,W1G 9JE,51.517662378326800,-0.148447970862051
Asiatic leopard and Badger,W1J 7AW,51.505081958746800,-0.148453645023141
Francolin and Siskin,E14 9AA,51.506405000000000,-0.005871000000000
Night heron and Chicken,E2 6FT,51.531374411738000,-0.062523755784767
Petrel and Solitaire,E3 5EX,51.531137411790200,-0.030554927219751
Mockingbird and Eagle,NW2 6AJ,51.554617594187600,-0.223818689454781
Pheasant and Tahr,W10 5RF,51.523673247047900,-0.212467382667801
Minke whale and Songlark,E13 8EA,51.524296000000000,0.022742940232018
Black jay and Stint,N12 0DL,51.609528847115800,-0.177742437026675
American sparrow and Minke whale,E8 4RH,51.535489317303200,-0.059119054189707
Nukupuʻu and Masked owl,W1F 7PU,51.513786631692700,-0.138790422395810
Warbler and Capuchin,W14 8BA,51.497619483675300,-0.206989317507948
Maya and Grosbeak,N18 1HQ,51.613999755175500,-0.070923480823607
Darwin's finches and Vulture,W11 3HT,51.509390395462100,-0.195834490521827
Jerboa and Towhee,N11 3FH,51.611497069161900,-0.148936268651704
Boto and Moluccan boobook,NW5 3QG,51.547041920192100,-0.154798562367774
Parrotbill and Perching duck,N17 9UY,51.597962230766600,-0.060860549341703
Chicken and Dorcopsis,E16 2TG,51.499751000000000,0.026687000000000
Booted eagles and Old World warbler,E14 9RP,51.496396000000000,-0.017473000000000
Prion and Meadowlark,NW1W 7XN,51.530786000000000,-0.135404000000000
Puffleg and Duck,N12 9DT,51.615099804592600,-0.174572693008916
Dolphin and Tit-tyrant,N1 7BD,51.529569000000000,-0.092840638906790
Recurvebill and Grouse,SW1P 4JU,51.492388739461800,-0.127763153362088
Capuchin and Partridge,W1H 4HN,51.519723412855600,-0.164580191926149
Jay and Rabbit,E3 5QD,51.532818844425400,-0.035370199568037
Moluccan boobook and Grouse,N12 7EE,51.618141000000000,-0.185681407873019
Old World warbler and Marsh harrier,WC1V 7AA,51.515730102651600,-0.125307263309515
Ice seal and Songlark,N18 1BB,51.614350299300000,-0.069189820500000
Magpie and Elephant,E17 6AN,51.594237105711600,-0.038539484249749
Stilt and Viscacha,E18 1DU,51.598283696291200,0.029686923203239
Francolin and Kangaroo,NW3 3DS,51.541381823606800,-0.163723319430105
Mockingbird and Songlark,N19 3TW,51.570787887982700,-0.135265483650365
Crow and Fish eagle,NW6 7BS,51.543005471052300,-0.212373300326893
Skunk and Old World vulture,EC2A 1SA,51.519537025550500,-0.087300000000000
Mockingbird and Crow,E17 3RQ,51.592082428972400,0.001199996123835
Diving bird and Rat,N1 7JB,51.533891783877700,-0.091095555505189
Crow and Stilt,E2 0SB,51.529253125763000,-0.044779608120967
Grouse and Perching duck,E1W 9RQ,51.519019000000000,-0.058106000000000
Chipmunk and Gull,E10 6AD,51.573882000000000,-0.008778000000000
Myna and Kangaroo,NW3 2LB,51.554464658519900,-0.155623343351499
River dolphin and Marsh harrier,N1 0HA,51.533890278696800,-0.111989000000000
Wallaby and Mole,E16 3AA,51.510037612885300,0.019334724773467
Towhee and Coati,NW5 2JS,51.548943337821500,-0.141380071289358
Mockingbird and Duck,W10 4EA,51.531457343542800,-0.212248999107104
Chicken and Old World quail,N15 5NF,51.579979140131400,-0.078469824922038
Skunk and Meadowlark,E17 3GS,51.587365000000000,-0.004639000000000
Logrunners and Kestrel,EC2M 7EE,51.517326000000000,-0.085936000000000
Philippine hawk-owl and Towhee,NW7 2RE,51.611633426658100,-0.227688993898563
Elephant and Parakeet,W1S 4PF,51.509080475926300,-0.141432043500728
Vole and Fox,N5 2JP,51.558806008233800,-0.098044789895915
Bronzewing pigeon and Tree warbler,W10 5UW,51.518272928011300,-0.214509336651940
Pheasant and Tahr,NW4 3ET,51.580083026747200,-0.234487864499142
Viscacha and Treepie,WC2H 9FA,51.512539000000000,-0.126897000000000
Hawk and Darwin's finches,N18 3PD,51.615986000000000,-0.047930000000000
Quetzal and Herring gull,N6 4AU,51.574970298018500,-0.149525873914907
Grackle and Guillemot,E14 3EQ,51.492365965330200,-0.003717581343832
Snipe and Egret,E4 9HE,51.616215434887000,-0.014509098025020
Badger and Mole,EN5 2DS,51.646568791343400,-0.195250452274634
Ice seal and Mouse,N21 3DG,51.628291975655300,-0.109819666848133
Chickadee and Kestrel,NW1 4HR,51.532286951198100,-0.145778432248331
Ibex and Cloud rat,N4 1LF,51.580765755488900,-0.098051768912122
Old World vulture and Tit-tyrant,E1 0ET,51.515502283366900,-0.048409715202383
Quetzal and Condor,E4 8HU,51.616760131895600,-0.027615879897835
Mouse and Shearwater,N8 8ST,51.582680968304500,-0.125988311825042
Mockingbird and Tahr,SE17 1DG,51.489476215361600,-0.094334182931216
Vulture and Tahr,W1U 4NS,51.519175611012000,-0.151456759077937
Dolphin and Mole,W1U 4HN,51.520323634248200,-0.155835447578148
Grouse and Towhee,N15 4UG,51.587146006676500,-0.069693775372062
Diving bird and Perching duck,NW4 3TH,51.579012962265300,-0.226735685195781
Wader and Polecat,N18 9BF,51.613385000000000,-0.063934000000000
Chipmunk and Tahr,NW2 7NA,51.564676987293700,-0.240928053565721
Linsang and Warbler,EN5 1JB,51.648582411034100,-0.175425141743525
Viscacha and Chickadee,NW7 3WR,51.615469131180800,-0.241174947996936
Tattler and Pitohui,W1W 6PP,51.519742190250700,-0.142352949288973
Tit-tyrant and Recurvebill,N9 0NB,51.627639102274100,-0.054986254788461
Old World vulture and Condor,EN4 9QG,51.652000000000000,-0.162691069897433
Quetzal and Darwin's finches,W1W 8EU,51.516506778027200,-0.140769434386042
Parrotlet and Wader,W8 4HE,51.504547669793700,-0.192020014124470
Civet and Treepie,W1U 3DG,51.518283241925800,-0.153035146509155
Diving bird and Viscacha,EN2 7LP,51.647455444004800,-0.123882033321198
Mockingbird and Grosbeak,SE1 2HP,51.506045000000000,-0.082936000000000
Prion and Shearwater,N6 6NJ,51.566140039100400,-0.154112039240146
Pheasant and Puffleg,W1K 5RU,51.513980206706100,-0.148179327552807
Condor and New World blackbird,NW7 1AH,51.618209661197900,-0.216005000000000
Condor and Skunk,N15 4NL,51.581553725361700,-0.069757569110654
Philippine hawk-owl and Petrel,SW1A 1RL,51.506520000000000,-0.140917000000000
Herring gull and Marmoset,IG8 9AF,51.603226807525700,0.030889340463090
Nukupuʻu and Perching duck,EC2M 7LA,51.518383000000000,-0.085171000000000
Marsh harrier and Night heron,N1P 2ES,51.538645000000000,-0.103543000000000
Stilt and Chipmunk,W1W 5QA,51.520931000000000,-0.142862093050693
Macaw and Greenbul,E1 4HR,51.523010354912300,-0.052773627741900
Partridge and Rat,W1U 6EF,51.520732252441000,-0.157231549186620
Bunting and Grouse,E17 4HE,51.597374119413400,-0.008024887155069
Eagle and Recurvebill,NW6 2QY,51.547174280452400,-0.197441121665605
Badger and Viscacha,E16 3EL,51.511410233285100,0.022133660706912
Maya and Logrunners,W1J 6EN,51.510558649761700,-0.146761667616978
Egret and Mink,E15 4AL,51.538281684299300,0.010548222185961
Ice seal and Skunk,W9 4GR,51.498289000000000,-0.198295000000000
Asiatic leopard and Goose,E10 5HB,51.566885433799700,-0.017885519643723
Fulmarine petrel and Grouse,NW6 4EL,51.543216431362900,-0.179311163476256
Solitaire and Cuscus,NW2 7FP,51.567167000000000,-0.232207000000000
Eagle and Peafowl,NW11 9QN,51.583153818415800,-0.210437256444087
Mockingbird and Rat,W1K 5QT,51.513609248710100,-0.148035838023887
Triller and Nukupuʻu,W1F 9HR,51.512146914953400,-0.136897264239859
Jerboa and Boto,EN2 7DP,51.656377452827700,-0.105499577193305
Tit-tyrant and Tattler,SW5 0DY,51.489340428181600,-0.189785000000000
Chipmunk and Herring gull,N3 3PB,51.593418002829100,-0.199523526388736
Jerboa and Thicketbird,E17 9PT,51.581190000000000,-0.018216000000000
Parakeet and Ground sloth,W1J 7SS,51.506141605300400,-0.147791069509220
Siskin and Capuchin,N18 2EU,51.617697907782600,-0.056884756672274
Old World quail and Parrotbill,E4 8HP,51.616661303399400,-0.023344440276885
Duck and Quetzal,NW2 6SJ,51.558603358292700,-0.221586033292212
Thrasher and Parrotbill,E4 8RT,51.609540801918900,-0.025574658380043
Cloud rat and Nukupuʻu,NW1 7RX,51.536286101608800,-0.143914432631169
Old World quail and Gull,SW7 1NG,51.500346768059100,-0.170473577060716
Old World warbler and Crow,SW1P 2DF,51.497448093653300,-0.130365217425320
Viscacha and Mink,W8 6DJ,51.495101816279400,-0.197032583952617
Wallaby and Solitaire,E7 9AG,51.547179065993500,0.021325061541783
Mole and Treepie,E14 6TW,51.516321000000000,-0.020977000000000
Booted eagles and Wallaby,NW6 1EJ,51.553876233635000,-0.199368760129598
White ibis and Chickadee,N21 1UA,51.645132104178400,-0.111894494823026
Bunting and Chicken,WC1X 8RA,51.526902431844200,-0.118793511215894
Vulture and Treepie,W1A 2JS,51.524565000000000,-0.112042000000000
Old World quail and Petrel,N12 0AB,51.608924801543700,-0.174748190634762
Kestrel and Tree warbler,W1S 4DN,51.508319056097700,-0.140483116597192
Crow and Parrotbill,E14 0JU,51.509472623042900,0.005619160716733
Moluccan boobook and New World blackbird,W2 1QU,51.517616371220700,-0.171309459602152
Peafowl and Marsh harrier,W10 4RH,51.527093175725000,-0.213832740077202
Siskin and Night heron,SE1 2RT,51.504234000000000,-0.081629000000000
Kangaroo and Perching duck,W1F 7AJ,51.513407567866300,-0.137004361468869
Siskin and Linsang,W14 8UW,51.491848684839800,-0.204205062184635
Puffleg and Argus,NW8 0EP,51.533543760704800,-0.187064922713079
Black jay and Goose,EC2Y 5AS,51.517724844150700,-0.093962457302584
Condor and Herring gull,N20 8DU,51.630340493152500,-0.182023518371574
Skunk and Parrotlet,SE10 0JT,51.488878000000000,0.015790000000000
New World blackbird and Rabbit,NW1 5BJ,51.518736982462500,-0.167055768363031
Black jay and Duck,W1K 5AG,51.513234079529300,-0.148195173948889
Marmoset and Black jay,W1A 4XU,51.524565000000000,-0.112042000000000
Old World vulture and Chipmunk,E2 9LR,51.530024212652400,-0.054377466475326
Old World warbler and Dolphin,N5 2EJ,51.550920276516300,-0.095315820664536
Logrunners and Condor,W10 6AQ,51.520770538352400,-0.226807926889670
Tit-tyrant and Booted eagles,W1J 0AZ,51.509434326538000,-0.138794871498105
Old World warbler and Flameback,N13 4JN,51.617669263714000,-0.113005658281220
Greenbul and Mockingbird,W2 1AB,51.520548000000000,-0.178197000000000
Civet and Rabbit,EC3N 1DH,51.512408690914400,-0.075366000000000
Old World vulture and Philippine hawk-owl,NW2 2PD,51.559209000000000,-0.198105000000000
Rat and Wader,NW1 5LR,51.522964083930600,-0.155051266470479
Old World quail and Francolin,E1 4RU,51.519690314936900,-0.038097396747955
Cloud rat and Towhee,NW2 5DU,51.548848712239600,-0.231240516405876
Flameback and Goose,E1W 2RW,51.505343833764100,-0.057893034627204
Kākāriki and Ibex,N1 9SP,51.533717000000000,-0.115773000000000
Ice seal and Ice seal,NW2 1DX,51.566328562934400,-0.213940416091048
Booted eagles and Jackal,W1K 1DP,51.507315526981200,-0.150380520235102
Marmoset and Lemming,N17 6UG,51.593207380414300,-0.073551490785193
Kangaroo and Pitohui,E15 1PH,51.545843167262400,0.002213553784460
Tit-tyrant and Herring gull,W6 0TR,51.494635450506000,-0.240931727476596
Dolphin and Thicketbird,NW1W 8JQ,51.530783041088500,-0.135430048905449
Marmoset and Solitaire,E5 5BU,51.560014475594400,-0.057555706173964
Hawk and Boto,N1 2DT,51.539813818231400,-0.101374735546292
Rabbit and Snipe,EC2A 2EW,51.521060000000000,-0.080057000000000
Perching duck and Pratincole,N16 6XE,51.565855438122300,-0.069917498930114
Cuscus and Coati,SE1 7AY,51.501037418235100,-0.110248531167520
Hawaiian honeycreeper and Old World warbler,N13 5RY,51.626404109197300,-0.098715414088259
Coati and B,SE16 3NS,51.491132744830600,-0.063164338178460
Chickadee and Black cockatoo,W6 0BA,51.499900167893400,-0.232274000000000
Tahr and Warbler,N8 8QL,51.583166701292900,-0.125997195536627
Recurvebill and Bronzewing pigeon,E14 6NZ,51.512082026533900,-0.013491741269887
Boto and Black jay,N12 8AZ,51.620466648069900,-0.181145000000000
Linsang and Pitohui,N21 2JG,51.634706678116400,-0.085593869077707
Tit-tyrant and Bronzewing pigeon,E8 1EN,51.545907000000000,-0.056051000000000
Viscacha and Quetzal,EN3 7JU,51.656755120202100,-0.046771229186761
Vulture and Pitohui,EN5 9FU,51.643012000000000,-0.171144781374464
Argus and Thrasher,N1 4LP,51.543421956406400,-0.077212469874234
Thrasher and Songlark,N17 9QQ,51.589956000000000,-0.057867000000000
American sparrow and Minke whale,E15 4HU,51.542677307344600,0.009714000000000
Grackle and Herring gull,E7 9PE,51.541165273570600,0.028096000000000
Old World quail and Stilt,NW3 9XB,51.554295000000000,-0.173838000000000
Quetzal and Capuchin,E7 0HE,51.551488675132000,0.020679484213340
Ice seal and Prion,E9 5RL,51.547684822244400,-0.034369265285710
Warbler and Old World warbler,NW6 1UU,51.550529863357600,-0.191106286394059
Scimitar babbler and Goose,NW4 2JT,51.588440620136500,-0.211572038105298
Tree warbler and Boto,EN3 4LY,51.642420485466700,-0.041331454485018
Goose and Civet,NW3 5HL,51.549016845048200,-0.181070016063906
Booted eagles and Civet,N7 0DN,51.549094784600000,-0.129316019300000
Argus and Hawaiian honeycreeper,NW7 0JY,51.615437000000000,-0.241094000000000
Puffleg and Fish eagle,EC2Y 8BN,51.518822000000000,-0.091135000000000
Marmoset and Dolphin,W6 6EQ,51.492364569747800,-0.238815133557647
Greenbul and Pratincole,EN2 7BQ,51.652913617714900,-0.096493116104889
Grosbeak and Tattler,W1J 7JJ,51.506097235042000,-0.148398078952115
Myna and Stilt,W1D 5JT,51.512960811131400,-0.131531632500215
Warbler and Wader,SW5 9SH,51.492820246687400,-0.198952099312794
Meadowlark and Minke whale,SE7 8EX,51.489481481548400,0.047783383928098
Tit-tyrant and American sparrow,N7 8AW,51.544560077600000,-0.109527574400000
Lemming and Solitaire,W1F 7TY,51.515336000042200,-0.138957869966643
Warbler and Night heron,EC4M 9DL,51.513280238793300,-0.093513000000000
Grouse and Quetzal,WC2H 9BF,51.514559309006600,-0.125196795730281
Grackle and Vole,E10 7AA,51.574310000000000,-0.011213000000000
Gull and Armadillo,WC2R 1EH,51.512315610113500,-0.115373610231054
Coati and Shearwater,W2 3BX,51.513474463245100,-0.179056071870060
Partridge and Francolin,EC1A 7HT,51.519254651497600,-0.099015562561724
Shearwater and B,NW4 2SS,51.585851745886200,-0.225256911530571
Shearwater and Meadowlark,N6 5RU,51.580048971226800,-0.134063714032655
Stint and Crow,E14 9JE,51.499159000000000,-0.019171000000000
Macaw and Goose,N22 5LJ,51.598817688333300,-0.101080710897050
Pratincole and Ice seal,N12 0BB,51.608202663201300,-0.176885692530330
Ground sloth and Mockingbird,N21 3PG,51.631276356702600,-0.099611000000000
Kākāriki and Booted eagles,NW2 7HJ,51.568023802822900,-0.232888000000000
Francolin and Parrotlet,W2 5DX,51.518455000000000,-0.189357711620243
Wallaby and Cloud rat,W1S 1RS,51.513941295193600,-0.145716411839699
Fulmarine petrel and Civet,N1 9RE,51.533921606405300,-0.117985065514932
Chipmunk and Masked owl,NW8 9TA,51.533269399323900,-0.173436119620637
Francolin and American sparrow,N4 2EW,51.561741259242800,-0.104385814267249
Francolin and Asiatic leopard,NW5 1SH,51.559685697273700,-0.143423525239345
Capuchin and Cuscus,E15 4AD,51.541565319779300,0.015711560981016
Parakeet and Dolphin,W1H 2PB,51.519236670075400,-0.159915246586278
Vulture and Black cockatoo,N17 0RE,51.606815000000000,-0.058303000000000
Nukupuʻu and Kite,N18 2JS,51.611605988479600,-0.059903605818823
Herring gull and Fox,N1P 2PS,51.538645000000000,-0.103543000000000
Quetzal and Armadillo,E7 0DL,51.554839683777100,0.025040249068770
Moluccan boobook and Wader,EC3R 8AJ,51.509897349215500,-0.085800000000000
Meadowlark and Cuscus,NW10 3PN,51.537315912117300,-0.227361798078050
Stilt and Myna,SW1X 8HN,51.497811809840300,-0.155606084892905
Hawaiian honeycreeper and Egret,N2 9DL,51.590795422344400,-0.162020117664017
Thicketbird and Jay,NW8 6JU,51.535357681124800,-0.167224460673149
Old World warbler and Thicketbird,E4 7JZ,51.629609534370700,-0.012103690897615
Grosbeak and Diving bird,NW1 8HJ,51.544020031689600,-0.151344219016203
New World blackbird and Zebra,NW6 4QD,51.538064023383000,-0.192119691033399
Treepie and Marmoset,NW6 5HP,51.533818271344300,-0.190283748906587
Wallaby and Cuscus,W1U 1NL,51.515716654692500,-0.150515840348687
Stint and Stint,E14 8LZ,51.500234186509500,-0.027075193053772
Night heron and Vulture,E14 8EW,51.509875397815000,-0.023934976453844
Magpie and Snipe,SE16 4TQ,51.501231844381400,-0.067548578291592
Warbler and Perching duck,N1 2FZ,51.544925686781800,-0.090547260802345
Stilt and Thrasher,N1 4LH,51.542316357856400,-0.078888686507768
Siskin and Grosbeak,WC1A 1JR,51.516393270976200,-0.125164729456636
Jackal and Mockingbird,W1W 7SU,51.517383110283200,-0.142160669197129
Ice seal and Chipmunk,N4 3AU,51.570338542304100,-0.112224527051962
Songlark and Chipmunk,W12 8HN,51.503063058829800,-0.229094712268901
Badger and Lemming,WC1A 1YT,51.524565000000000,-0.112042000000000
Jay and Chipmunk,W1H 2NG,51.518832000000000,-0.162778247259489
Eagle and Greenbul,SW5 0NS,51.492944396788600,-0.188330328475685
Gull and Chicken,N3 2DS,51.606677249739500,-0.182896718252731
Condor and Mole,W14 0PD,51.496732619882300,-0.212513072105160
Fish eagle and Partridge,W1D 5BT,51.512791283999300,-0.130486499764509
Prion and Prion,N1 1XD,51.538645000000000,-0.103543000000000
Snipe and Quetzal,EC2M 4BA,51.516282648973800,-0.079422198773403
Shearwater and Kestrel,E2 7NG,51.527951291764500,-0.073164465282780
Grackle and Philippine hawk-owl,E16 3DH,51.510703331478600,0.033372193827305
Dorcopsis and Chipmunk,W10 4RT,51.527401993847400,-0.207549528340206
New World blackbird and Coati,W8 7AY,51.507523464293300,-0.200159224527289
Booted eagles and Kākāriki,E7 8LF,51.538449875776400,0.033137847146752
Pratincole and Mink,E4 9LT,51.607702800770600,-0.007803863944163
Mole and Treepie,NW8 8EB,51.525041523324400,-0.169411851642774
Capuchin and Parakeet,W1G 8GL,51.518729753631300,-0.148274959059498
Snipe and Moluccan boobook,N1 6AB,51.529362462843100,-0.086858931417423
Boto and Perching duck,NW1 1SN,51.532138157910700,-0.132995705156694
Puffleg and Tit-tyrant,E1 7NZ,51.518032732099000,-0.075370405140739
Old World quail and Parrotbill,N16 6DJ,51.576266424593400,-0.065406612992273
Myna and Vole,N17 7LJ,51.606308496634400,-0.086138834303046
Cuscus and Parakeet,NW2 3LS,51.557064665168500,-0.212052926270197
Scimitar babbler and Black jay,E1 1EZ,51.515596242051900,-0.066652412684806
Mamo and Polecat,E14 6UE,51.515125000000000,-0.014600000000000
Capuchin and Jerboa,N1P 2SX,51.538645000000000,-0.103543000000000
Myna and Peafowl,SE16 2TE,51.488864120969800,-0.051074279107439
Polecat and Cuscus,N9 8NU,51.633229065197800,-0.049906295006767
White ibis and Francolin,E6 3HD,51.524108144605500,0.042878305246420
Boto and Civet,E15 1DX,51.539963000000000,-0.000252000000000
Minke whale and Guillemot,E14 7EW,51.515900523574900,-0.028747620529723
Siskin and Tree warbler,SE11 4EU,51.489125462045200,-0.107846000000000
Parrotbill and Wallaby,NW10 5UB,51.536109653134500,-0.236952000000000
Grouse and Piping shrike,N16 8PS,51.552554685527500,-0.082481812999597
Treepie and Minke whale,E17 6JF,51.587956774494600,-0.042966000000000
Myna and Argus,NW1W 8GA,51.530783041088500,-0.135430048905449
Diving bird and Jackal,E14 5SF,51.505134000000000,-0.010984000000000
Puffleg and Meadowlark,NW2 4NZ,51.550186139317300,-0.223342229269622
Bronzewing pigeon and Darwin's finches,E8 2JZ,51.546840792616700,-0.076217390844398
Linsang and Capuchin,E98 1TH,51.508023187390400,-0.064393533930118
Puffleg and Badger,SW3 3NS,51.490836341697700,-0.166100710872519
Logrunners and Badger,SW5 0LE,51.491312883169200,-0.182849068922483
Capuchin and Magpie,EC4V 4BF,51.512262179525600,-0.102578151087217
Lemming and Argus,E14 3EG,51.492369475295000,-0.004452119016083
Nukupuʻu and Old World warbler,N5 2QX,51.551502951168700,-0.090776701489468
Pitohui and Logrunners,N8 8AP,51.577374074682300,-0.126466400763596
Boto and Greenbul,NW2 6HQ,51.561161090111100,-0.234946672549647
Perching duck and Crow,N19 3DU,51.571016068500000,-0.123970000000000
Greenbul and Minke whale,EN5 5LF,51.653105922919500,-0.185897792403070
Kestrel and Coati,NW11 6JE,51.585954637026300,-0.185527979318559
White ibis and Elephant,E1W 2BX,51.509138183521100,-0.061665851791923
Elephant and Stint,SE1 9BA,51.506543584800000,-0.087584418500000
Egret and Black cockatoo,E2 6AT,51.526800897014000,-0.065010072064449
Badger and Black jay,NW1W 9PZ,51.530783041088500,-0.135430048905449
Old World vulture and Peafowl,N1P 1RD,51.538645000000000,-0.103543000000000
Fox and Mockingbird,W1D 6NH,51.512017900000400,-0.131613448701722
Stint and Herring gull,W1U 6LX,51.519834951140500,-0.155638976912390
Grosbeak and Chicken,NW10 4PS,51.535530662221400,-0.242585428256139
Tattler and Jackal,E17 6QY,51.588236917534000,-0.029284633945446
Jackal and Parakeet,E1 1RX,51.513391819588600,-0.064396559187678
Wallaby and Magpie,SE10 0BF,51.495490226131600,0.007123102014136
Myna and Chicken,EN1 1YF,51.651221472420000,-0.067767862571425
Thicketbird and Scimitar babbler,W9 2EW,51.526365473015900,-0.192741678439463
Recurvebill and Rat,IG10 3AZ,51.634904492439500,0.054327451359381
Black cockatoo and Egret,NW2 2HJ,51.561125684292900,-0.194206071345037
Eagle and Vulture,E14 6JJ,51.511447895131600,-0.026533090486987
Cuscus and Flameback,W2 6PL,51.521019128364300,-0.186020010399098
River dolphin and Greenbul,N11 1PT,51.616778000000000,-0.142084610359394
Logrunners and Hawaiian honeycreeper,W1W 7AY,51.518933332465900,-0.141247169123449
Moluccan boobook and Scimitar babbler,E11 1DH,51.568839529414700,-0.001610207196001
Shearwater and Greenbul,W14 8RS,51.494324410060700,-0.205562770875434
Diving bird and Kangaroo,N5 1EX,51.559606405057900,-0.099713755282031
Stilt and Francolin,W2 4LN,51.510186390086500,-0.192632630870988
Partridge and Old World vulture,W1K 2SG,51.509437312977600,-0.153205573491142
Capuchin and Peafowl,N19 3HY,51.566024298449400,-0.126947428699201
Prion and Nukupuʻu,N19 3TY,51.573856623636200,-0.128068593870616
Macaw and Songlark,EC1V 9NR,51.525829612563700,-0.089140605045616
Armadillo and Armadillo,E15 3FA,51.530140000000000,0.001856000000000
Chicken and Herring gull,E1W 3EG,51.510814673996600,-0.049849000000000
Ibex and B,N19 5JF,51.566788000000000,-0.140984000000000
Chickadee and Towhee,N2 0RX,51.591387964739200,-0.178107575300175
Elephant and Fish eagle,NW3 1EJ,51.559983100075500,-0.175568709058604
Ibex and Kangaroo,NW4 2AP,51.587272363596300,-0.212801611865690
Puffleg and Ibex,W2 2TX,51.512973749587000,-0.172302452064141
Kestrel and Hawaiian honeycreeper,W1F 9AA,51.512246454869700,-0.136936438237737
Stint and Cuscus,N21 2HR,51.633872792625600,-0.091264624210838
Francolin and Parakeet,W1H 5LF,51.516481554199700,-0.163139495585342
Warbler and Old World warbler,N4 3JH,51.565142093115000,-0.108948068399271
Pratincole and Rabbit,NW6 7HQ,51.538653070816900,-0.202363362764352
Badger and Ibex,N12 8AN,51.618554220147800,-0.181613408074982
Pitohui and White ibis,W1S 1RT,51.513936862184000,-0.146004836754920
Shearwater and Minke whale,W1G 9NG,51.518904139054600,-0.146221124809445
Pratincole and Tattler,N8 7HL,51.588818813967700,-0.131943209232978
Stint and Cloud rat,NW3 5QA,51.552527668050300,-0.174943854812879
Diving bird and Vole,W2 5PH,51.518134287093600,-0.190790189834220
Marsh harrier and Elephant,NW10 4HG,51.539782902521300,-0.244310682072694
Capuchin and Treepie,E15 2AY,51.552303999923300,-0.002248462721201
Badger and Tree warbler,WC1H 9GB,51.529076137908200,-0.125379014004595
Capuchin and Mockingbird,W1D 5QH,51.511993111333600,-0.130058003804454
Marsh harrier and Ground sloth,W14 8RT,51.494298813807100,-0.206240855132727
Duck and Maya,NW8 0LH,51.534179633437800,-0.177033167101226
New World blackbird and Puffleg,E5 0EB,51.550736737623700,-0.036184962866959
Old World warbler and Moluccan boobook,E4 6JP,51.621813500412700,0.003735849241490
Triller and Parakeet,SW1V 1TB,51.493774818929200,-0.139706480044526
Perching duck and New World blackbird,NW1 9UE,51.543471905144000,-0.127930000000000
Scimitar babbler and Mockingbird,EC3A 5AY,51.513602842071500,-0.078871953134566
Parakeet and Philippine hawk-owl,W12 8AP,51.505920450237600,-0.223003961304192
Stilt and Egret,WC2H 8AG,51.516104819993100,-0.127280932188686
Grosbeak and Eagle,WC2N 4HU,51.510053101017800,-0.124574774813399
Puffleg and Asiatic leopard,EN2 8DG,51.655658683058300,-0.091101188501606
Old World quail and Minke whale,W2 4PW,51.513603769150000,-0.193232389099961
Chicken and Civet,N1 7FD,51.530735658738600,-0.089454211382681
Crow and Cloud rat,E8 2HY,51.551592423163400,-0.067854000000000
Partridge and Kākāriki,N4 2TG,51.570710898922600,-0.094647445721163
Black cockatoo and Prion,W1H 5BE,51.514907838657300,-0.161415651489119
Boto and Eagle,E4 7FG,51.647052674323600,-0.008710009099062
Marmoset and Fox,NW2 3TL,51.550366214656000,-0.204611000000000
Mink and Viscacha,W1U 1QZ,51.515259546745300,-0.154036629936722
Vulture and Songlark,NW7 4SL,51.615121000000000,-0.240640000000000
Old World quail and Lemming,EC2A 4DE,51.523116261447100,-0.086529712578374
Tattler and Rat,NW1W 8XB,51.530784525000000,-0.135430053900000
Black cockatoo and Linsang,N18 2HX,51.612235446582700,-0.052842757567215
Jackal and Vole,NW10 1JD,51.554633215348600,-0.230208341039958
Thicketbird and Coati,E4 9AW,51.607069562340100,-0.010763312262404
Elephant and Masked owl,NW8 0LR,51.535204327883100,-0.177441000000000
Marsh harrier and Bunting,W12 7BG,51.508014287655600,-0.232433249284292
Macaw and Marsh harrier,NW4 3LP,51.581427807110200,-0.227060253408449
Linsang and Jay,W6 9AA,51.492797468831500,-0.243696287194699
Maya and Crow,W8 4HW,51.504883062313900,-0.191026906327616
Rat and Cuscus,E14 6BQ,51.516463864530300,-0.018951097813456
Lemming and Boto,NW2 5ER,51.548241467052100,-0.233312123402571
Boto and Tattler,N20 0SA,51.622698698680100,-0.155039228895123
Guillemot and Asiatic leopard,W14 0NS,51.498357088402200,-0.212305446965532
Eagle and Myna,EC4R 0DA,51.510408093370700,-0.088633067021237
Mole and Darwin's finches,NW3 6XY,51.556223645752600,-0.183061755933484
Mockingbird and Night heron,NW3 3AR,51.541607344897900,-0.158032381791012
Old World quail and White ibis,NW10 2AZ,51.549060460100000,-0.246578000000000
Ibex and Kākāriki,NW8 8TB,51.524867554002300,-0.166333877928872
Rabbit and Black cockatoo,N16 9JS,51.557542340107300,-0.082286462232536
Guillemot and Herring gull,E7 9BB,51.549349696909300,0.022171312895093
Chicken and Prion,E11 4JS,51.554015904242900,0.003885129739069
Viscacha and Black jay,W1U 5JD,51.522208324230900,-0.152170013153927
Stilt and Grouse,E16 3UD,51.515206023818900,0.039222616245360
B and Asiatic leopard,NW3 5DP,51.544556801659600,-0.175291648026798
Macaw and Kākāriki,W12 0LU,51.508169426899600,-0.240958120266340
Kestrel and Jay,E15 3GA,51.532093503856800,-0.005180839490719
Coati and Asiatic leopard,E14 6DP,51.511849404993800,-0.019410711813591
Flameback and Philippine hawk-owl,W1F 8TD,51.514768800737400,-0.136084070942386
Black jay and Snipe,E8 1PG,51.547763761335300,-0.067264995101633
Condor and Fulmarine petrel,E8 2FN,51.551354601541900,-0.063535653781379
Dolphin and Civet,EN2 8DX,51.656903479937500,-0.091338034610506
Scimitar babbler and Scimitar babbler,SW1X 7AF,51.498711582232900,-0.149360160605153
Siskin and Wallaby,E3 5JL,51.532667107191600,-0.032219108625780
Masked owl and Dorcopsis,SE17 9BN,51.489148836100000,-0.098453184100000
Egret and Bunting,NW9 7QL,51.576035000000000,-0.240273000000000
Jay and Jay,NW5 1LG,51.556087938426400,-0.146786935209462
Condor and Eagle,W1K 6RZ,51.512605581032600,-0.154533035903715
Tit-tyrant and Parrotlet,SW3 2AY,51.495452065081600,-0.169718745185076
Vulture and Grouse,N9 0QT,51.624987591461300,-0.055444000000000
Siskin and Cloud rat,EC2Y 5BN,51.517833000000000,-0.094462000000000
Black jay and Kite,E1 2PF,51.512509390076800,-0.055785000000000
Treepie and Buzzard,NW10 4HH,51.539230000000000,-0.243212853064387
Petrel and Civet,E14 9FE,51.500556956761200,-0.012638586013608
Hawk and Ibex,SE17 1BB,51.491156215600000,-0.091383159200000
Mole and Capuchin,E20 1DX,51.547327987935900,-0.013110731558365
Skunk and Viscacha,E10 6BF,51.575338402385000,-0.007718561382464
Rabbit and Jackal,W14 8TQ,51.492159711490700,-0.206901029799235
Linsang and Thrasher,W1W 8QX,51.517024270992000,-0.141079865532426
Kite and Marsh harrier,E11 3HP,51.558369805760300,0.007481188276134
Piping shrike and Peafowl,W8 6PL,51.494882888748700,-0.202688426486083
Mockingbird and Cuscus,NW1W 9SH,51.530786000000000,-0.135404000000000
Philippine hawk-owl and Shearwater,SE1 7JR,51.493117867574000,-0.119939788623928
Civet and Jerboa,WC1H 9QD,51.527644957191100,-0.125855881785098
Darwin's finches and Macaw,N10 2PS,51.592248261590400,-0.141215473049000
Booted eagles and Boto,E3 5AF,51.528028383037000,-0.031770368646050
Shearwater and Rat,E7 8AL,51.546510748665100,0.040708640859909
Bronzewing pigeon and Diving bird,EN4 9QU,51.648744544381300,-0.160457763597756
Parrotbill and Kite,E15 3BU,51.527251833590400,0.005578654218207
Maya and Egret,EC1N 8SW,51.520092870054600,-0.106360763939533
Jackal and Rat,W2 3HT,51.510672351308600,-0.185667231238786
Elephant and Skunk,NW4 2HG,51.584676026687000,-0.220063002514610
Moluccan boobook and Chipmunk,N5 2JD,51.550756943857100,-0.088038529442712
Philippine hawk-owl and Kākāriki,N18 3QR,51.610194128633700,-0.037941000000000
Cuscus and Tit-tyrant,NW11 8PP,51.571818299811200,-0.205976108588832
Armadillo and Gull,SE16 2DY,51.491582345353500,-0.052845454590723
Fox and Marmoset,N1 0AB,51.539609458046800,-0.118831955252121
Marmoset and Thicketbird,EC1V 0DR,51.523219201673000,-0.100609120400887
Towhee and Thicketbird,W1S 1PR,51.513060730107300,-0.142350944332594
Kite and Warbler,EC2A 2BZ,51.522103324207600,-0.081771998713267
Macaw and Towhee,NW5 1BX,51.557877598779800,-0.144521414074203
Meadowlark and Stint,N12 0LH,51.612141000000000,-0.159535663913142
Chickadee and Kite,N13 4AB,51.621464000000000,-0.108991000000000
Nukupuʻu and Scimitar babbler,NW1W 7YF,51.530786000000000,-0.135404000000000
Scimitar babbler and Jackal,W1W 8YU,51.524503057780500,-0.112088284788377
Kite and Fulmarine petrel,NW5 2QP,51.551493566867700,-0.134352544688677
Fulmarine petrel and Kangaroo,WC1R 5LN,51.521303201290500,-0.113388144400515
Kestrel and Old World warbler,N10 3BB,51.588519538168200,-0.148239137011120
Tree warbler and Marsh harrier,EN1 3ES,51.654909528869800,-0.079899528265196
White ibis and Grackle,W14 0HN,51.498682779798000,-0.218343771486868
Treepie and Quetzal,E14 7FF,51.513858916400200,-0.029654000000000
Dorcopsis and Magpie,SE1P 4FU,51.492762000000000,-0.080152000000000
Nukupuʻu and Herring gull,W10 6EP,51.519418452012500,-0.215329368199342
Fish eagle and Skunk,E8 4DZ,51.536886554791800,-0.074603991809653
Parakeet and Scimitar babbler,NW3 1SL,51.555169165951800,-0.171909802276679
Kite and Jay,NW6 1AN,51.552588431083100,-0.196318373143353
Siskin and Guillemot,W2 1PW,51.519078842791000,-0.176295716978941
Goose and Wader,W1T 4DB,51.520027000000000,-0.136965000000000
Pheasant and Gull,E17 5NT,51.601053579283200,-0.033711585225963
Darwin's finches and Booted eagles,N21 9EW,51.632959000000000,-0.099528000000000
Perching duck and Jackal,W1J 8HD,51.507657565856800,-0.143003025451261
Kite and Marsh harrier,EC1Y 8NH,51.523020939806800,-0.090613216030828
Civet and Tattler,N4 2RS,51.572926052108400,-0.087093984565316
Booted eagles and Capuchin,W1W 5PP,51.523787297130900,-0.143961420188183
Darwin's finches and Mink,SW1V 1EQ,51.494154063488400,-0.141346000000000
Logrunners and Capuchin,SW7 5BX,51.495608000000000,-0.182001000000000
Pratincole and Fulmarine petrel,SE11 6UB,51.490743773701900,-0.114894882342312
Songlark and White ibis,SE1 9HF,51.506473589589700,-0.095527189970423
Meadowlark and Marsh harrier,E17 4HL,51.599244084531100,-0.007466552513813
Songlark and Tree warbler,NW2 7BF,51.561422947400000,-0.239943000000000
Mink and Tahr,NW2 1TD,51.560983494962100,-0.214294111902164
Recurvebill and Old World vulture,EC1Y 8ND,51.523391334145500,-0.090291000000000
Bronzewing pigeon and Viscacha,E13 9JT,51.532567000000000,0.031203000000000
Maya and Darwin's finches,N1 5AU,51.539989033704800,-0.081193050794937
Jerboa and Rat,EC2A 3EN,51.522939688464500,-0.078479013767740
Philippine hawk-owl and Chicken,N15 3BS,51.584903246320000,-0.090358461367710
Maya and Old World quail,SE1 2NN,51.502881959155000,-0.073285555237691
New World blackbird and Recurvebill,WC1H 9EW,51.526462884204200,-0.125039446743225
Peafowl and Parakeet,W11 2EG,51.514630827926900,-0.209189474703418
Scimitar babbler and Tree warbler,W8 6RG,51.497010691095700,-0.193686914255932
Tattler and Linsang,N16 7AT,51.558022468090300,-0.066065507442679
Grouse and Vole,NW9 7DW,51.579803603799400,-0.243432670032352
Rat and Black jay,N20 0BA,51.630205723093000,-0.156656383340289
Kestrel and Booted eagles,SE18 5LJ,51.491340517756300,0.051525687878417
Armadillo and Snipe,W1T 5LP,51.524004350046300,-0.139498225662041
Kite and Ice seal,W1D 3NE,51.514500200272300,-0.132765760926854
Flameback and Scimitar babbler,NW2 3DB,51.555246067010100,-0.216639322071180
Eagle and Diving bird,E3 5PR,51.535811150022100,-0.030410859981160
Treepie and Thicketbird,N12 7BG,51.614106573000300,-0.194660676565324
Quetzal and Scimitar babbler,W11 2EH,51.514854000000000,-0.207288122067054
Coati and Grosbeak,W1T 5DZ,51.523793010748300,-0.137763000000000
Bronzewing pigeon and Old World warbler,E2 7JN,51.526468072574000,-0.076067000000000
Kite and Mouse,W2 4RG,51.510431381957700,-0.188545000000000
Recurvebill and Vulture,W1H 1QQ,51.519706466317500,-0.162923259254722
Meadowlark and Boto,E10 5LS,51.562287463294900,-0.013468583877986
Myna and Partridge,N5 1XQ,51.550635000000000,-0.103053853126752
Fulmarine petrel and Quetzal,IG10 4RB,51.642881052361700,0.045047507712896
Kangaroo and Hawaiian honeycreeper,N1 7TE,51.529720113178800,-0.093360573518355
Minke whale and Fulmarine petrel,E2 8DF,51.535500279557700,-0.076582000000000
Old World vulture and Moluccan boobook,NW8 0BB,51.538311129477600,-0.186572669380963
Recurvebill and Dorcopsis,N4 3PZ,51.570057404270700,-0.114314102003739
Vulture and Greenbul,NW11 8QB,51.572817000000000,-0.200049000000000
Solitaire and Condor,W1F 0UD,51.512771228314600,-0.133744410700617
Solitaire and Thicketbird,W1U 1LG,51.515158758147300,-0.151633797436677
Thrasher and Bronzewing pigeon,EC3N 3EL,51.511727087018200,-0.077999697927864
Fox and Kestrel,W1W 7BL,51.522779000000000,-0.174735000000000
Minke whale and Chipmunk,W11 1NP,51.516409678887600,-0.206727163408814
Pitohui and Old World quail,NW6 7LD,51.540661436606000,-0.199630835306833
Night heron and Zebra,W1F 0BT,51.512677645345600,-0.134079708364053
Mink and Skunk,E9 7FA,51.538837000000000,-0.056482000000000
Quetzal and Ground sloth,N17 6HB,51.596110167068700,-0.079478345999928
Triller and Goose,NW1 4UF,51.530783041088500,-0.135430048905449
Rat and Pheasant,N1 1FH,51.538645000000000,-0.103543000000000
Tattler and Asiatic leopard,W1J 7RY,51.505328797337200,-0.149279391378971
Rabbit and Old World warbler,W12 9JB,51.502933662473100,-0.235425111192921
Parrotlet and Ibex,EN2 7EP,51.651975436868900,-0.091877553253755
Capuchin and Solitaire,E13 8NF,51.517840712169800,0.028342556054824
Dorcopsis and New World blackbird,E4 7QN,51.651174690582000,0.006331514608714
Armadillo and Perching duck,NW4 4RE,51.595417000000000,-0.226761000000000
Buzzard and Jackal,E14 6JP,51.513855005986700,-0.024757210430739
Guillemot and Night heron,E1 2BJ,51.516760461322600,-0.057652457699865
Chickadee and Scimitar babbler,E16 1SD,51.504944858198000,0.018979865927846
Grackle and Kangaroo,N22 7TE,51.597947490366600,-0.113476720006919
Darwin's finches and Goose,N21 1TP,51.645427297702800,-0.114035875609100
Snipe and Kestrel,SW1W 9PY,51.495003019438800,-0.148559552879116
Asiatic leopard and Myna,N7 0QH,51.553946091439600,-0.128554353170990
Chicken and Old World vulture,W1U 1HE,51.515774663093000,-0.150772921344626
Polecat and Pheasant,N16 7SS,51.558100813827500,-0.066999897262005
Kangaroo and Puffleg,W8 7EG,51.505547908974600,-0.197412807494667
Thrasher and Rat,N21 1QX,51.636587001661300,-0.112307223540966
Pheasant and Scimitar babbler,N6 5SE,51.573885390774900,-0.146308482539624
Hawaiian honeycreeper and Moluccan boobook,EC3A 8AF,51.514472323756400,-0.080463000000000
Chickadee and Tree warbler,SE11 4HN,51.490772021288800,-0.107158233253725
Piping shrike and Perching duck,EN5 1RU,51.646095593779800,-0.180901903063111
Vole and Old World vulture,NW3 5SG,51.548916627663000,-0.178088402093861
Kākāriki and Chicken,E3 5DS,51.530260452363200,-0.035638941174540
Condor and Tattler,NW6 7SH,51.543117120623200,-0.209080856868843
Condor and Francolin,N7 8EX,51.548391760714100,-0.116940857408271
Songlark and Condor,N17 7EA,51.601207716237100,-0.087667350216887
Kite and Eagle,N1P 2TG,51.538645000000000,-0.103543000000000
Hawaiian honeycreeper and Black jay,W1J 5DZ,51.507488480993900,-0.147664397956294
Logrunners and Towhee,W1F 8EB,51.514354665454300,-0.136619822391828
Scimitar babbler and Philippine hawk-owl,NW8 9PD,51.529814819263600,-0.179125013579416
Tattler and Minke whale,NW6 1SD,51.548118000000000,-0.190928000000000
Goose and Songlark,W1D 4RB,51.513958559786300,-0.131505217486092
Black jay and Rat,W1B 4HW,51.510502601314000,-0.138679277950753
Zebra and Partridge,EC3M 7AY,51.512337230457000,-0.082311987185797
Grosbeak and Duck,NW8 9JN,51.530951189685100,-0.175287852427526
Rabbit and Buzzard,W1D 6BA,51.512104428526200,-0.132925000000000
Tree warbler and Parrotbill,N17 6NE,51.593093629860600,-0.079230214738053
Gull and Shearwater,E13 8BT,51.523552081666100,0.019946991697433
Flameback and Pratincole,E7 8AX,51.548548156117800,0.041968123056286
Pratincole and Hawaiian honeycreeper,NW7 2HD,51.613242516079600,-0.215190413869270
Fulmarine petrel and Badger,W2 5BA,51.515719247358700,-0.194546715134634
Fulmarine petrel and Macaw,E16 2YN,51.508107000000000,0.054021000000000
Perching duck and Songlark,N10 2EB,51.595098060394400,-0.143438075323046
Hawk and Thrasher,N17 7HN,51.599908893453100,-0.085772572601134
Armadillo and Bunting,WC1N 3RB,51.522647365565800,-0.118249000000000
Grackle and Polecat,N16 8HY,51.550830239518100,-0.076568353982690
Stilt and Tattler,N10 1DD,51.591350277740400,-0.142998977157202
Pitohui and Egret,NW1W 9HJ,51.530783041088500,-0.135430048905449
Ice seal and Hawaiian honeycreeper,EN1 3NS,51.662673907349700,-0.068625405361712
Puffleg and Puffleg,NW8 8JP,51.525097158852800,-0.175291235074051
Eagle and Prion,NW2 3BE,51.555488716647200,-0.215446960370891
Tattler and Stint,W1G 6QP,51.520667000000000,-0.148456000000000
Old World warbler and Coati,N10 3RJ,51.588988241913900,-0.139212012262835
Moluccan boobook and Puffleg,N19 4JU,51.562695138485600,-0.123448452826831
Civet and Cloud rat,NW11 7DX,51.573375524677000,-0.187933827066621
Scimitar babbler and Black cockatoo,IG8 7QN,51.609741102105700,0.038459324510897
American sparrow and Coati,N1 0YH,51.536542129989700,-0.105923245202591
Greenbul and Flameback,SW1E 5BB,51.498123547865100,-0.140609961543451
Kestrel and Civet,E8 2FQ,51.547041000000000,-0.070125000000000
Ice seal and Kākāriki,NW6 7NP,51.540484034866000,-0.211417000000000
Songlark and Parrotbill,E8 1BL,51.545593262513900,-0.059309000000000
Ice seal and Maya,NW8 9AA,51.532397706902600,-0.178099197332894
Tattler and American sparrow,SE10 0QX,51.493483295090200,0.012984656041723
Parrotbill and Philippine hawk-owl,NW1 3UL,51.525241998593400,-0.139289203435523
Mole and Minke whale,W10 6SW,51.515292070376200,-0.215404176854751
Black jay and Francolin,W6 0XL,51.497993536523500,-0.247374000000000
Jay and Nukupuʻu,W1B 2EP,51.514775367394400,-0.142165887163518
Myna and Petrel,IG10 4QW,51.635845509602100,0.041623962725143
Songlark and Duck,W12 8HU,51.505730456002200,-0.231743585234773
Recurvebill and Dolphin,W1G 8PU,51.518647268018700,-0.149316093004379
Goose and Prion,W1T 6LP,51.521924008202200,-0.139871310460460
Lemming and Marsh harrier,W2 2SD,51.512898000000000,-0.174871000000000
Songlark and Booted eagles,E12 5DS,51.561374292723400,0.048010740745977
Shearwater and Wallaby,N2 9EL,51.590047041204500,-0.161891524412558
Vole and Peafowl,N13 5SH,51.622711825041700,-0.101858000000000
Ice seal and Argus,NW2 3AB,51.556438902439400,-0.213476745096981
Jackal and Grackle,N13 5SB,51.624103072840700,-0.101556583395086
Dolphin and Chickadee,SE1 6SY,51.492861750114900,-0.100142544987057
Elephant and Old World vulture,N16 0TT,51.559711641361500,-0.081315167572063
Prion and Vole,SE1 9NN,51.505836770192100,-0.110640768714284
Mamo and Skunk,SW3 2RH,51.494063000000000,-0.158451000000000
Stint and Kangaroo,EN2 7EN,51.650540081654000,-0.093195473471655
Badger and Tattler,EN4 8XD,51.636225776117400,-0.157496122768205
Hawaiian honeycreeper and Lemming,NW2 1PU,51.563507305419100,-0.214197000000000
Myna and Rabbit,NW3 2NA,51.553718265069700,-0.161351330617812
Bunting and Magpie,N13 4UP,51.612767377723600,-0.110319000000000
Old World vulture and Eagle,SE16 4UP,51.499023000000000,-0.069314048602857
Hawaiian honeycreeper and Armadillo,EN5 1NH,51.645002000000000,-0.172890684213626
Marmoset and Thicketbird,E6 1JG,51.539618523359000,0.050725535015028
Elephant and Tit-tyrant,W12 7BF,51.505844000000000,-0.224376000000000
Chickadee and Mink,EN5 5LP,51.654456794520700,-0.188359324190110
Magpie and Mole,E17 7WB,51.585502212132700,-0.018013657321513
Kestrel and Tattler,IG8 7JX,51.603171710813500,0.040287877650913
Ibex and Stilt,NW1W 7GB,51.530784525000000,-0.135430053900000
Recurvebill and Siskin,EN2 0LA,51.662945856472100,-0.084129035591356
Gull and Mink,EN2 6NL,51.657338956415200,-0.087705279870574
Recurvebill and Hawk,E5 0TF,51.554780499754500,-0.039775811394833
New World blackbird and Stint,E3 2BU,51.535619502769700,-0.025430048472326
Myna and Marsh harrier,E9 5AE,51.545382459875800,-0.040266295485732
Masked owl and Old World vulture,EC1V 9BL,51.524860813100700,-0.092049908340823
Snipe and Treepie,EC2A 4LG,51.523191269772300,-0.083412867359105
Fulmarine petrel and Recurvebill,EN5 1LJ,51.644926626864300,-0.171640499913277
Pitohui and Fulmarine petrel,E7 8AG,51.547020752389800,0.039822809711188
Tree warbler and Towhee,NW3 3SN,51.542006387866200,-0.168586923963096
Fulmarine petrel and Triller,N1 6TZ,51.532044233173000,-0.083675446256024
Mole and Quetzal,N20 9JR,51.632400374667000,-0.163575544223705
Kākāriki and Songlark,E14 3LL,51.497631853489700,-0.012492091975557
Crow and Buzzard,E4 9RX,51.611993516933500,0.003097000000000
Crow and Ibex,SW1Y 5HS,51.505923958751400,-0.135191388025503
Old World warbler and Stilt,E1 2HA,51.517001890884000,-0.055941407557401
Dolphin and Kestrel,E2 9HF,51.533090428336200,-0.054362072923446
Scimitar babbler and Hawk,E4 9QJ,51.611576459460500,0.004469349922046
Eagle and Goose,W12 0RD,51.514887708336000,-0.236231488805740
Kite and Gull,N17 8HX,51.607028009621700,-0.075696003430245
Nukupuʻu and Duck,EN5 1AH,51.645287025388200,-0.186181002363910
Booted eagles and Old World warbler,E14 9QT,51.506405000000000,-0.005832291697360
Masked owl and River dolphin,E18 2DJ,51.590013176902500,0.020150963370262
Moluccan boobook and Tahr,E9 5QW,51.547588392727200,-0.037661947209904
Prion and Hawaiian honeycreeper,W2 6DN,51.519794000000000,-0.179918299367882
Fox and Parrotlet,E4 9EZ,51.617615404155500,-0.009190000000000
Boto and Polecat,NW1 9EG,51.542498023649100,-0.136422196291814
Boto and Capuchin,WC2H 0DA,51.511055824421200,-0.128237317655318
Towhee and Stilt,IG5 0PT,51.592286752669600,0.049285444587911
Bunting and Jerboa,N1P 2PR,51.538645000000000,-0.103543000000000
Fox and Duck,N11 9EJ,51.609246000000000,-0.110687000000000
Coati and Black jay,N1P 1NS,51.538645000000000,-0.103543000000000
Towhee and Siskin,EN1 2DT,51.642086919486700,-0.081583062788798
Polecat and Dolphin,E4 7JF,51.626367458055200,0.002147000000000
Duck and Polecat,SE16 5SJ,51.506942821362400,-0.043184262743927
Fish eagle and Kite,N6 6LH,51.571454784337500,-0.151270417400854
Marsh harrier and White ibis,EC1N 7SS,51.518936705475200,-0.108830255042398
Grouse and Boto,N8 7EJ,51.584855313565900,-0.115765663724197
New World blackbird and Mockingbird,E2 7QJ,51.530239707827000,-0.071784680752779
Asiatic leopard and Parakeet,NW11 8AJ,51.567807603515000,-0.195413106430883
Booted eagles and Cuscus,N15 3SJ,51.584271533394800,-0.095754620056286
Goose and Scimitar babbler,NW6 1JF,51.551921372118300,-0.190373152391171
Stilt and Siskin,SE1 4NU,51.492987906743800,-0.084679949808098
Magpie and Logrunners,N1 5SL,51.537438401981200,-0.079742990878393
Meadowlark and Booted eagles,NW1 6QS,51.523576838187200,-0.159711462641311
Dorcopsis and Warbler,N15 4TD,51.584997980390300,-0.065396613132866
Parrotlet and New World blackbird,EC3R 7AF,51.510833758500000,-0.080472884600000
Warbler and Old World warbler,SW3 3DP,51.492358979203800,-0.167436930267457
Civet and Flameback,N7 0BG,51.549225393230100,-0.128012487565469
Myna and Capuchin,N7 7RA,51.562632460480000,-0.117290408341948
Herring gull and Logrunners,W1U 2RE,51.517294000000000,-0.149994000000000
Mouse and Towhee,W1G 8QL,51.519744233650000,-0.147599591560366
Towhee and Old World quail,N10 1XB,51.592193191547000,-0.142849104706191
Chicken and Meadowlark,E7 8JN,51.543406714904900,0.028354398879709
Diving bird and Cuscus,E11 1JD,51.574429122678500,0.007568162501198
Cloud rat and Vulture,NW10 6UN,51.528253086822800,-0.240602263313566
Wallaby and Boto,N2 0FW,51.585239298049900,-0.180562056602969
Maya and Kestrel,N1P 1BR,51.538645000000000,-0.103543000000000
Ground sloth and Songlark,N5 2DE,51.549960258256400,-0.093235630253312
Chipmunk and Triller,W2 1EX,51.518340690332400,-0.168167111813069
Condor and Wallaby,W1K 3QD,51.511457661576300,-0.146177548430027
Skunk and Piping shrike,N6 4NL,51.574107000000000,-0.161467000000000
Peafowl and Fulmarine petrel,W1T 6AF,51.523811340686400,-0.142072029136311
Marsh harrier and River dolphin,NW9 4EF,51.592500000000000,-0.243683000000000
Fulmarine petrel and Chicken,W1K 7TX,51.508467956802500,-0.153893243955592
Jerboa and Peafowl,E18 2DA,51.585173687916900,0.016053241760436
Thicketbird and Scimitar babbler,N1 7GY,51.531248000000000,-0.096399000000000
Perching duck and Snipe,W2 1NQ,51.522757356715800,-0.176912753476588
Vulture and Treepie,W1F 9NX,51.511734108406000,-0.135818827252037
Boto and Ground sloth,E14 0GA,51.515657491490100,-0.006389088892424
Recurvebill and Eagle,W1T 2NS,51.519708038703500,-0.135666205668056
Gull and Grouse,NW1 7ES,51.535874213786200,-0.141753891776231
Duck and Wallaby,NW10 2BU,51.545724510796300,-0.232775040709516
B and Goose,NW10 3EH,51.541720538561300,-0.223686373339516
Magpie and Gull,SW7 9DU,51.497984000000000,-0.174506000000000
Rat and Black jay,NW5 9GA,51.550919955800000,-0.146726000000000
Cuscus and Guillemot,E3 5QX,51.532778793311300,-0.037275153609673
Lemming and Skunk,WC1E 7EN,51.520882472020400,-0.133744363380973
Buzzard and Piping shrike,NW9 5GF,51.600053637009800,-0.247604095439911
Old World vulture and Solitaire,W1J 0PB,51.508423779412900,-0.139715095480292
Eagle and Kangaroo,N22 6AQ,51.591089146017800,-0.103611851344288
Mink and Armadillo,N14 5BH,51.632068000000000,-0.128245000000000
Philippine hawk-owl and Mouse,SW3 2BS,51.496473853147300,-0.167776131974407
Bronzewing pigeon and Fish eagle,W1U 7EJ,51.518829943976100,-0.155203923354133
Coati and Treepie,E14 6AL,51.513446906158400,-0.017093094621804
Kite and Kite,E11 2LT,51.568036844548400,0.042393971421798
Maya and Viscacha,E17 6LP,51.586672683933400,-0.032528131812162
Mockingbird and Jerboa,W1S 4AH,51.509535603239300,-0.141211769508756
B and Fulmarine petrel,W1D 6PQ,51.510857891738700,-0.132179715641978
Vole and Triller,NW4 3YD,51.582802712880300,-0.228190318536909
Cuscus and Jay,N11 3QH,51.610814186001300,-0.151823746008798
Black jay and Fox,E3 4GB,51.519228707971000,-0.021858090146494
Hawk and Ground sloth,W1K 1DH,51.508157387036700,-0.151873930177722
Partridge and Treepie,W1T 6BY,51.523103760375000,-0.141682789957043
Partridge and Songlark,E7 9QA,51.540771287927000,0.025785626125682
Mamo and Partridge,E17 7PD,51.579434227958100,-0.030416011398513
Stint and Ground sloth,EN1 3PS,51.657795954630000,-0.053131391477307
Herring gull and Chickadee,SE1 0QZ,51.501695928721900,-0.102022879937982
Crow and Diving bird,E1 8PN,51.510083451341000,-0.069278128047534
Jay and Black cockatoo,N20 9DG,51.637336707751100,-0.171613392241185
Pitohui and Stilt,N13 6BH,51.612005468420100,-0.109181968038374
Mole and Egret,W1U 5EG,51.521500413145800,-0.152328399942199
Parrotlet and Herring gull,E1 3EQ,51.515243374574400,-0.052931938235218
Kangaroo and Greenbul,W1H 5HJ,51.517576660113800,-0.164162026262082
Badger and Thrasher,W1H 1AD,51.519647807288900,-0.162622925312093
Gull and Crow,NW3 5NN,51.551984694214800,-0.171258560576374
Vole and Grackle,NW1 0TB,51.537667000000000,-0.132265000000000
Pratincole and Fish eagle,WC2H 0BU,51.512234683877700,-0.128289879526135
Lemming and Ibex,E2 8HQ,51.529368000000000,-0.075556000000000
Coati and Badger,N10 3LH,51.584489478966700,-0.140752665062483
Argus and Shearwater,E5 9QB,51.558848000000000,-0.054475000000000
Pratincole and Cloud rat,NW6 4AX,51.541007042097200,-0.181807607491045
Eagle and Kite,N1 1QU,51.538645000000000,-0.103543000000000
Triller and Partridge,E4 7HT,51.626034239855300,0.000382046095993
B and Herring gull,W1F 7QA,51.513533938769500,-0.139867219756807
Grouse and Greenbul,W1D 4UH,51.512819235201000,-0.132805674209635
Tattler and Bronzewing pigeon,E9 5QH,51.552450000000000,-0.034755000000000
Pratincole and Parakeet,NW3 2YY,51.552518057781200,-0.158788906258663
Mouse and Solitaire,NW3 6RX,51.559213000000000,-0.180888662071398
Chipmunk and Vole,N22 5SA,51.599677334866300,-0.103080816176295
Prion and New World blackbird,NW1W 8XN,51.530784525000000,-0.135430053900000
Bunting and Duck,E11 1DD,51.569316803566800,-0.000593603654967
Myna and Goose,W1S 2YB,51.511481712092100,-0.143150163046681
Marmoset and Mole,W2 3EQ,51.512494744801700,-0.183144834201267
Mole and Crow,N21 2HG,51.642171597819700,-0.096177021450408
Magpie and Magpie,E1 8AS,51.513764000000000,-0.073160000000000
Herring gull and Snipe,E6 3AL,51.531310000000000,0.050756000000000
Prion and Rabbit,N1 7BE,51.535722902505700,-0.090889171675262
Cuscus and Maya,EN1 3TT,51.653473412941300,-0.078413365198308
Jerboa and Quetzal,E17 6TE,51.588495000000000,-0.040724000000000
Meadowlark and Francolin,W10 4ER,51.529032918715900,-0.206000533602717
Chipmunk and Siskin,SE1 3LU,51.500514919187500,-0.078096850419347
Kestrel and Cloud rat,N1P 2BB,51.538645000000000,-0.103543000000000
Siskin and Jay,SE1 7AE,51.500545101252200,-0.113741243701117
Marmoset and Parrotlet,SE7 8SL,51.492107000000000,0.033380000000000
Minke whale and Grouse,W2 1TQ,51.523715081203800,-0.177782665571955
Jerboa and Petrel,N8 0AH,51.583989688302500,-0.101800000000000
Rat and Vole,SE16 4TN,51.501313935681800,-0.068164667012218
Dolphin and Parakeet,E10 7EJ,51.573154328633000,-0.019546597508292
Maya and Puffleg,W1G 8QU,51.519023475115200,-0.147513525627689
Lemming and Darwin's finches,E17 3BH,51.588734334163100,-0.015577632219032
Shearwater and Buzzard,NW8 0SQ,51.539633687236600,-0.185452996513334
White ibis and American sparrow,NW8 8JY,51.528788363389500,-0.169794991889624
Kākāriki and Coati,W1F 7RP,51.513681305310800,-0.138953249468641
River dolphin and Songlark,E7 9BW,51.552334248251400,0.017529098314910
Black jay and Fox,E4 6NE,51.618179884834100,0.005352589402122
Fulmarine petrel and Linsang,N22 9JY,51.598609000000000,-0.119662000000000
Elephant and Ibex,W1F 8ZB,51.515364040707700,-0.135627390750687
Vulture and Prion,W2 4YQ,51.514577613118700,-0.188740435116478
Jay and Mole,E16 3LT,51.514431895896900,0.035642503412314
Grouse and Argus,NW6 1DJ,51.555716988298800,-0.196266739924826
Eagle and Fulmarine petrel,SE16 7EX,51.493079000000000,-0.038995000000000
Ibex and Chipmunk,N4 2QA,51.569157709803700,-0.095910060930829
Duck and Minke whale,N15 5DE,51.584976691231900,-0.078331157953304
Nukupuʻu and Masked owl,NW1W 8TJ,51.530784525000000,-0.135430053900000
Skunk and Armadillo,NW5 1DH,51.558610753508700,-0.141981385071086
Recurvebill and Parakeet,NW6 9TZ,51.535966000000000,-0.194644000000000
Puffleg and Civet,N17 7LA,51.605306589007400,-0.090325616599660
Meadowlark and Songlark,EC1N 2HP,51.517327000000000,-0.107709942125591
Myna and Fish eagle,IG8 9AL,51.602869121237100,0.028692826931652
Scimitar babbler and Jay,NW1W 7DP,51.530784525000000,-0.135430053900000
Magpie and Ice seal,N17 8EY,51.607225000000000,-0.068423000000000
Vole and Grosbeak,NW4 1PX,51.605165000000000,-0.226800000000000
Gull and Old World warbler,E9 5HT,51.539681822166900,-0.028498850729027
Mink and Eagle,NW11 6QA,51.578889206084600,-0.181046602660354
Pitohui and Cloud rat,EN1 3HP,51.660023847209200,-0.077008477941115
Hawk and Fulmarine petrel,E9 6DF,51.550127682955000,-0.042788485312998
Grouse and Chickadee,W6 9UJ,51.492903073680700,-0.241142466666306
Shearwater and Myna,E14 9LB,51.497373564669600,-0.022213820963619
Partridge and Thrasher,W1T 7AQ,51.516959743027600,-0.129667223453118
Quetzal and Jackal,E1 0NX,51.515527228166800,-0.041893940191542
Ice seal and Stint,WC1N 1HT,51.523899398084000,-0.125000593829637
Dolphin and Rabbit,E8 2RD,51.551894832353500,-0.066931231543207
Treepie and Stint,NW3 9WB,51.554295000000000,-0.173838000000000
Boto and Booted eagles,NW7 2LH,51.610734388658400,-0.238454967130106
Partridge and Solitaire,E14 5EP,51.504323456021000,-0.020529591850764
Chickadee and Quetzal,W6 9BA,51.492052226985000,-0.240959000000000
Prion and Guillemot,N20 0EG,51.628151384992000,-0.176548409530976
Marmoset and Thrasher,NW9 6EU,51.588818175960700,-0.240717526173172
Pratincole and Black cockatoo,N10 1DW,51.592193191547000,-0.142849104706191
Towhee and Cuscus,NW9 5FU,51.582748000000000,-0.246596000000000
Pratincole and Fox,E14 7UL,51.516721000000000,-0.038919000000000
Tit-tyrant and Old World quail,W1T 7QG,51.519200452895500,-0.132587939181735
Partridge and Warbler,W1S 4TE,51.508619555835200,-0.141854296709678
Kākāriki and Viscacha,NW3 6LL,51.546189250018100,-0.179654011060798
Black jay and Mamo,EC1R 3AS,51.526351735136500,-0.112501903869170
Triller and Elephant,SW1X 0DA,51.496626935509200,-0.163764918336078
Kestrel and Parrotbill,N4 4RX,51.560816000000000,-0.131288000000000
Bunting and Scimitar babbler,SE1 2QY,51.505184475388800,-0.083188696942306
Skunk and Warbler,W10 5YY,51.520773630216800,-0.206310704405826
Marsh harrier and Buzzard,N4 1LW,51.580541200697200,-0.094741459824408
Mink and Guillemot,SE17 1TB,51.490709681889400,-0.083939943813246
Thicketbird and Boto,N1 8JS,51.533505433408400,-0.097758658351160
Rabbit and Pitohui,N12 8EX,51.611706601072300,-0.185974475787842
Chickadee and Ground sloth,W1S 1AN,51.514253325900200,-0.145545204746302
Stint and Flameback,SW3 3AH,51.493813972420300,-0.168473425147110
Towhee and Siskin,E16 1FJ,51.512261000000000,0.013020000000000
Stilt and Petrel,EC3M 4BY,51.513151000000000,-0.077565000000000
Mockingbird and Eagle,W1W 5QZ,51.521462665560700,-0.143104571783232
Tahr and Hawk,EN2 7RS,51.648797648000200,-0.113924906079898
Jay and Jay,NW2 6PW,51.559762000000000,-0.222002000000000
Asiatic leopard and Bunting,N1P 2YR,51.538645000000000,-0.103543000000000
New World blackbird and Masked owl,SW1V 1JT,51.494972520791200,-0.144354161402333
Warbler and Parrotbill,NW11 8EJ,51.571450482661300,-0.197231374493067
Triller and Peafowl,W1T 6EQ,51.523307570765800,-0.140707000000000
Tit-tyrant and Songlark,IG8 7FB,51.603893000000000,0.038787000000000
Hawk and Stilt,N22 8QR,51.608076347783200,-0.115367591378757
Piping shrike and Kestrel,NW7 4AQ,51.619312000000000,-0.235238523100000
Capuchin and Cloud rat,N19 3BW,51.573265932162400,-0.131065656591776
White ibis and River dolphin,E8 3HB,51.540782437913400,-0.062715386766260
Old World vulture and Shearwater,WC1B 3RY,51.517616254979700,-0.129107031758806
Mole and Crow,W8 6PX,51.496094097219000,-0.195480745298363
Quetzal and Capuchin,W1D 7LG,51.511759577885100,-0.134592803498103
Fish eagle and Stint,SE17 9ES,51.489150000000000,-0.098428000000000
Fish eagle and Marsh harrier,NW7 2SD,51.605783602907200,-0.237520177341693
Minke whale and Kākāriki,W14 9AB,51.491169152485100,-0.206810250712501
Recurvebill and Towhee,NW10 5AS,51.535102000000000,-0.232485606746430
Fox and Perching duck,E1 8NB,51.509292277988800,-0.071012002875333
Civet and Dorcopsis,N20 0HG,51.626151225819400,-0.180356122669506
Bronzewing pigeon and Solitaire,E8 1FJ,51.547456000000000,-0.060009000000000
Linsang and Chipmunk,N20 9EL,51.638451871254200,-0.168736013231221
Bronzewing pigeon and Magpie,N15 3SR,51.583004499741900,-0.096919025084443
Maya and Parakeet,N17 0UT,51.606012649404500,-0.051217170348533
River dolphin and Parrotbill,W1D 3BR,51.514737426352700,-0.134110836792926
Black jay and Myna,N15 5RN,51.579858304706300,-0.083728616292525
Songlark and Piping shrike,W2 5JU,51.517119778954600,-0.193813915764771
Masked owl and Parakeet,W2 4WA,51.511978902085900,-0.193411969253583
Pheasant and Zebra,N1P 1RE,51.538645000000000,-0.103543000000000
Mouse and Asiatic leopard,E4 9FA,51.620255249232300,-0.008362000000000
Macaw and Old World quail,N15 6SS,51.578575381883700,-0.083912478420530
Dorcopsis and Elephant,W1K 1QE,51.507920134843700,-0.153367794871137
Jay and Mamo,EN5 3DG,51.650547635721800,-0.217903123555075
Myna and Booted eagles,W1J 0LF,51.509260701825200,-0.136827735797821
Quetzal and Grosbeak,N1 1JL,51.541418602386800,-0.111099804517573
Boto and New World blackbird,W1U 3BN,51.517691249669200,-0.153131162034344
Kangaroo and Fulmarine petrel,E2 8SD,51.534807247704800,-0.065189628652549
Moluccan boobook and Fulmarine petrel,EN5 5PG,51.653741636679600,-0.181651109579260
Black cockatoo and Eagle,N8 9RP,51.581710827820400,-0.117064874571250
Puffleg and Mole,N19 5DB,51.563465902624300,-0.141365071031869
Darwin's finches and Tahr,W1G 9SH,51.516891571655900,-0.147470307511936
Tree warbler and Tree warbler,N7 8NU,51.549813221702400,-0.111386752900055
Cuscus and Solitaire,W1K 4PX,51.512246096636900,-0.145224000000000
Night heron and Skunk,N19 5EG,51.557911975532500,-0.137609884541105
Vole and Goose,SW7 1JR,51.500035339298500,-0.167229882530409
Thicketbird and B,E17 8QR,51.578652860825900,-0.022987960428820
Tahr and Jackal,N1 0PQ,51.533926000000000,-0.105916000000000
Lemming and Warbler,EC1V 4JJ,51.523169000000000,-0.103552000000000
Eagle and Solitaire,WC1R 4BU,51.519409487492100,-0.115296986099691
Black jay and Peafowl,NW1W 7GP,51.530784525000000,-0.135430053900000
Thrasher and Diving bird,IG8 0SW,51.616625851951500,0.018371324160427
Jay and Boto,NW6 2BE,51.548509782420200,-0.200085453255131
Chipmunk and Nukupuʻu,NW10 3AQ,51.538309343900000,-0.239479154600000
Lemming and Polecat,N8 9NX,51.578811714673900,-0.107341512889101
Stint and Scimitar babbler,NW7 4AH,51.616365905907800,-0.238612489197854
Marsh harrier and Puffleg,N4 3EH,51.567873197393300,-0.110361000000000
Old World quail and Herring gull,N22 5BT,51.601849596405800,-0.101170828470121
Francolin and Grackle,E3 3FF,51.523863870397800,-0.014302000000000
Triller and B,N6 5TW,51.577048635822600,-0.136524623051408
Quetzal and Ibex,E7 0NR,51.548051570578800,0.035568000000000
Siskin and Kangaroo,SE16 5ST,51.506717248255200,-0.044217048622181
Stilt and Chipmunk,W1J 6HF,51.510353539033600,-0.145732391047774
Mink and Black cockatoo,E14 7PJ,51.513825000000000,-0.034013000000000
Solitaire and Condor,W12 9NL,51.499714626237700,-0.243228686992719
Jerboa and Fish eagle,SE16 4QA,51.499044945017100,-0.062540760664914
Kestrel and Fox,N12 8JG,51.616714129339300,-0.178711000000000
Ibex and Cuscus,E17 8EP,51.572923358330600,-0.028258613642020
Grouse and Fish eagle,E2 9NZ,51.528115689602000,-0.053709154202602
Marmoset and Meadowlark,SE16 6YJ,51.499533959541400,-0.047564654752947
Cuscus and Recurvebill,EN3 4UD,51.646292000000000,-0.037262000000000
Bronzewing pigeon and Perching duck,SW7 2TA,51.494187604922500,-0.171094741543884
Grouse and Nukupuʻu,E12 6SS,51.542368697742900,0.048758049386680
Logrunners and Jerboa,N20 0RT,51.624251248055500,-0.154268338585157
Ibex and Scimitar babbler,EC2A 3AR,51.526561601156600,-0.079998826634924
Grouse and Wader,N11 1AG,51.616111388678000,-0.137077281411990
Capuchin and Old World vulture,W11 4AR,51.511033689336700,-0.219160000000000
Shearwater and Old World warbler,E1 6NR,51.521720920543700,-0.075445543310070
Jay and Perching duck,SW1P 1PH,51.495906702809200,-0.136349392707250
Grosbeak and Siskin,N19 5XJ,51.563819030864800,-0.138681485541644
Elephant and Thrasher,SW1X 9EZ,51.501152058815300,-0.158151153813742
Pratincole and Thrasher,N20 8AN,51.634463671841500,-0.198664423412208
Mole and Parrotbill,IG8 9LP,51.603676972781800,0.003124989857414
Thicketbird and Tree warbler,E1 1DB,51.519171348620900,-0.060966015567505
Shearwater and Jerboa,E12 6PA,51.542786677462300,0.054758000000000
Mole and Ice seal,NW10 5TG,51.533439584979100,-0.222566919009437
Thicketbird and Nukupuʻu,N13 5HP,51.616137307748600,-0.099982310856369
Mole and Moluccan boobook,E16 3RJ,51.513778695723800,0.034935991471976
Grouse and Buzzard,EC1A 1YW,51.524501611318500,-0.112088280168721
Parakeet and Pitohui,N16 7PB,51.558396707803300,-0.074056309357126
Skunk and Polecat,W1D 7HJ,51.510834124086500,-0.135207058099083
Fulmarine petrel and Ice seal,E2 9AS,51.533505411150800,-0.062591812676602
Buzzard and Parrotlet,SE1P 5YU,51.492762382100000,-0.080151676700000
Skunk and Moluccan boobook,N2 0BF,51.584177808808100,-0.171857201854190
Black cockatoo and Eagle,E18 1PN,51.586670212791800,0.031478963662961
Perching duck and Tit-tyrant,N10 3JX,51.584391222565500,-0.143066203719796
Old World warbler and New World blackbird,W1T 4TH,51.521980005600600,-0.136034691812550
Kākāriki and Ibex,W1J 8LR,51.507093682055500,-0.143170052950421
Hawk and Maya,N1 7BP,51.529470537458600,-0.092390627627503
Parakeet and Herring gull,NW1W 8WA,51.530786000000000,-0.135404000000000
Marsh harrier and Herring gull,N2 0SG,51.592658583645800,-0.180020181789940
Macaw and Francolin,N16 8EZ,51.558201853079100,-0.074785860173800
Black cockatoo and Thicketbird,N9 8QB,51.634034143144500,-0.041548275403732
Parrotbill and Egret,EN4 9JY,51.648430121826500,-0.154746365531654
Prion and American sparrow,N17 9HN,51.592253552623500,-0.066950745189625
Partridge and Piping shrike,N9 8JJ,51.629662571612700,-0.051200733791965
Mole and Masked owl,E6 5UD,51.518626000000000,0.048932000000000
Cuscus and Minke whale,E11 2PG,51.573401945085500,0.021304856936485
Argus and Coati,E18 2QQ,51.599078684299200,0.022704757441232
Marmoset and Puffleg,IG9 6EP,51.619598357102100,0.047164218746126
Scimitar babbler and Cuscus,EC3R 7LQ,51.511442050717000,-0.079625000000000
Kestrel and Linsang,NW7 1PU,51.609850620161700,-0.202108558383332
Eagle and Buzzard,N1 8JR,51.534310134258200,-0.098027904399267
Nukupuʻu and Kestrel,N4 1EG,51.575282438315200,-0.102624634757058
Skunk and Booted eagles,W1U 6BZ,51.520070522101400,-0.158613191293243
Old World warbler and Marmoset,NW6 5BF,51.529733000000000,-0.197063000000000
Greenbul and Lemming,E5 0EG,51.552358000000000,-0.037875000000000
Badger and White ibis,N1P 1TE,51.538645000000000,-0.103543000000000
Fox and Mamo,NW8 9HH,51.528171561649500,-0.175225986813839
Philippine hawk-owl and Cuscus,E1 2FE,51.514317498713100,-0.061013675438689
Vulture and Linsang,SW1V 1QN,51.491817554507600,-0.142739238429137
Partridge and Mink,EN3 5EE,51.660400605295000,-0.036739036601396
Coati and Masked owl,N13 5TE,51.623238591234000,-0.095929458034444
Eagle and Wader,SE1 0HS,51.504673532025100,-0.097648380670434
Rat and Prion,NW5 2SD,51.551343676828400,-0.132844147242424
Vulture and White ibis,E17 3DG,51.589293502535700,-0.009302323588152
Boto and Mamo,E15 2JP,51.537671000000000,-0.006833884436643
Jackal and Tahr,SW1V 2NU,51.488624509038000,-0.138158802140873
Logrunners and Polecat,W2 6JU,51.518084544739300,-0.183498940028879
Condor and Hawaiian honeycreeper,E1W 3NP,51.506510208743500,-0.055019064714422
Eagle and Kestrel,NW2 2BJ,51.558892855022100,-0.203989031833822
Moluccan boobook and Jay,N8 0DG,51.591792530715100,-0.107076302312679
Partridge and Cloud rat,E1 5AL,51.520757540395400,-0.067716723019653
Petrel and Songlark,W1U 5JF,51.521755128523100,-0.151943308022999
Macaw and Goose,W11 4PG,51.509079534814600,-0.211352583773040
Ibex and Moluccan boobook,EC1R 3BB,51.523895492002200,-0.107399495097901
Tahr and Perching duck,N2 0BU,51.581289209499300,-0.157351973327502
Philippine hawk-owl and Fox,E1W 9EN,51.519025959342700,-0.058075035903984
Goose and Old World vulture,E4 9NX,51.605389530316200,-0.000799923502367
Black jay and New World blackbird,E2 0SX,51.530149000000000,-0.042362000000000
Kite and Hawaiian honeycreeper,SE1 0JN,51.500696017242400,-0.099327000000000
Marmoset and Viscacha,E17 4FF,51.593860523400000,-0.005449932400000
Viscacha and Mink,E14 3NF,51.488942851406200,-0.007655000000000
Parrotlet and Pitohui,W1B 5DP,51.510559863611900,-0.137754627737740
Quetzal and Marsh harrier,W1D 7LT,51.511271777502900,-0.134454203894425
Polecat and Shearwater,NW10 1NQ,51.553922659624500,-0.234375817859087
Polecat and Condor,SW1X 0DG,51.496071779625000,-0.163916887825583
Fulmarine petrel and Darwin's finches,NW4 9HN,51.588021619100000,-0.221765634600000
Wader and Nukupuʻu,N1 9JP,51.531381551485400,-0.116850000000000
Philippine hawk-owl and River dolphin,N16 5JP,51.573046903523000,-0.079628051608863
Parrotbill and Buzzard,NW6 6JY,51.535127961944500,-0.207058597413133
Wader and Chicken,SE1P 4XF,51.492762382100000,-0.080151676700000
Kestrel and Scimitar babbler,N9 7DU,51.639918118341400,-0.048202997475132
Prion and Mole,E16 1US,51.508330000000000,0.014747000000000
Grackle and Egret,W8 4DP,51.508783294090200,-0.194950609658370
Magpie and Jerboa,SW1W 0RN,51.496987955640900,-0.144992652797772
Snipe and Armadillo,N12 9NU,51.618821877401200,-0.171635373914878
Chipmunk and Old World vulture,SE16 6QQ,51.497932278411500,-0.037807267018364
Triller and Skunk,W1U 5HR,51.521773008806600,-0.151365995780385
Asiatic leopard and Treepie,SE1 2PS,51.502172725793500,-0.076096341829925
Hawaiian honeycreeper and Recurvebill,W1F 7EX,51.513571251423600,-0.138251539889269
Jerboa and Grackle,E9 7PS,51.541827040979000,-0.054652821353512
Pheasant and Recurvebill,N3 1NT,51.609261165969900,-0.188917103590648
Badger and Songlark,E1 8ZN,51.513648000000000,-0.068323000000000
Black jay and Shearwater,E7 0DR,51.553490478686700,0.023494540475752
Condor and Pitohui,NW1 8HW,51.544732000000000,-0.150598000000000
Dolphin and Black jay,EC3N 1AD,51.513450000000000,-0.076039000000000
Myna and Ibex,N14 5EB,51.632392520396000,-0.135124249619481
Myna and Black cockatoo,W1K 4PT,51.512301715343500,-0.144961521424767
Scimitar babbler and Elephant,N1 8PB,51.534286659730900,-0.097134919474751
Boto and Egret,W1B 1PD,51.522779245345700,-0.147317866865687
Triller and Francolin,W10 5JF,51.522602855393500,-0.223566000000000
Wader and Mockingbird,W1F 7DD,51.513283833775800,-0.138839740418148
B and Elephant,W1D 6LA,51.511822632148400,-0.132904070639227
Ibex and Kangaroo,EN1 9SA,51.654909528869800,-0.079899528265196
Fish eagle and Bronzewing pigeon,IG9 6BT,51.631039794037000,0.052664501003718
Stint and Stint,E10 7HS,51.570261882689200,-0.022933560394072
Jerboa and Vole,N17 1DQ,51.593860192300000,-0.071603719500000
Towhee and Tree warbler,WC1E 7AU,51.521626576932100,-0.133036451940402
Mouse and Puffleg,E2 0NB,51.528903095792500,-0.049682021965153
Boto and Greenbul,N15 6AQ,51.575695242400000,-0.087541000000000
Crow and Piping shrike,N1 6SG,51.531022141375600,-0.080013003669918
Tit-tyrant and Petrel,IG10 4RP,51.638266902651300,0.034752397053173
Dorcopsis and Vulture,NW1 7JH,51.535618259028300,-0.139788898647856
Tattler and B,E2 8HD,51.530536518403400,-0.076169514630667
Minke whale and Puffleg,NW1 6JG,51.522211262940500,-0.162087302785243
Pheasant and Gull,W1H 7NY,51.515332222014300,-0.158660157694861
Jackal and Old World vulture,E13 3EA,51.529279000000000,0.023328000000000
Coati and Minke whale,N10 1QT,51.600883774578000,-0.156789928334440
Pitohui and Egret,NW3 1PD,51.554199489823100,-0.170852384844135
Zebra and Mink,SW1P 1QD,51.496509147012600,-0.139177358171088
Minke whale and Tree warbler,N19 3ST,51.572444608325300,-0.126928847311544
Songlark and Triller,NW2 6RD,51.561246000000000,-0.232145000000000
Ibex and Kākāriki,SE1 9JE,51.508173483169200,-0.097761987468621
Mockingbird and Snipe,NW1 2HA,51.526778139511700,-0.136357731007676
Boto and Bunting,E16 1UQ,51.505214603139300,0.026801908892775
Solitaire and Towhee,NW1 7NN,51.536743866941200,-0.141588696754457
Bronzewing pigeon and Skunk,E6 5QL,51.510580146550800,0.052317893757520
Jerboa and American sparrow,W12 8DB,51.502017548866200,-0.226556149435938
Triller and Maya,W1T 4BL,51.521920111857700,-0.137925474005704
Solitaire and Towhee,SW5 9QR,51.494187000000000,-0.199436621668461
Linsang and Stint,E9 6LX,51.545650599522800,-0.050422607999529
Coati and Elephant,N21 2AA,51.635503000000000,-0.091355000000000
Old World quail and Eagle,N20 8DH,51.627262730797600,-0.187102248213400
B and Black jay,W8 7AA,51.504240587916900,-0.197190624659799
Chipmunk and Mouse,N15 5DN,51.583734427453500,-0.084301697764303
Grouse and Greenbul,W1H 1NA,51.519320259103900,-0.162953213958159
Grosbeak and Macaw,W12 0TR,51.516589599571900,-0.233110000000000
Siskin and Ibex,EN5 5TY,51.653998786950900,-0.200680127135651
Meadowlark and Duck,NW11 7JR,51.578780158581900,-0.189696137770502
Bronzewing pigeon and Warbler,NW5 1XH,51.556395442136000,-0.143485382851445
Perching duck and Zebra,W1S 1SJ,51.514128205699600,-0.146732095218970
Towhee and Perching duck,NW1 6BT,51.525147688617100,-0.161824909054442
Jerboa and Egret,EC4M 7AS,51.513597804360200,-0.101758803728240
Wallaby and Mole,N20 9QL,51.633079827894200,-0.178908403869555
Linsang and Wader,N3 3SA,51.596057964814700,-0.201036200267082
Booted eagles and Thrasher,E11 1PH,51.584223731794100,0.011146663873097
Solitaire and Logrunners,NW7 2AJ,51.609696000000000,-0.244705000000000
Herring gull and Boto,NW5 4DP,51.551075194095500,-0.149385038917200
Warbler and Dorcopsis,E17 9RQ,51.584173654157900,-0.013220000000000
Fulmarine petrel and Linsang,WC1A 9QQ,51.524567000000000,-0.112017000000000
Goose and Bronzewing pigeon,N4 3QN,51.567324585600000,-0.114369461619700
Bronzewing pigeon and Mouse,EC1P 1NE,51.524501611318500,-0.112088280168721
Parrotbill and Prion,E14 3GY,51.489136000000000,-0.018897000000000
Nukupuʻu and Linsang,NW10 5AZ,51.530909000000000,-0.231129000000000
New World blackbird and Songlark,NW1W 9QP,51.530783041088500,-0.135430048905449
Kite and Prion,N22 7AA,51.601386723717300,-0.127211004364041
Pitohui and Guillemot,N7 9TG,51.548770979405700,-0.120401216214710
Skunk and Mockingbird,W1T 5AS,51.523778981892100,-0.137763152119363
Crow and Recurvebill,W1W 7AF,51.518819106261000,-0.139147405307914
Chickadee and Condor,EN2 8PR,51.655041826249200,-0.098529137131135
Kite and Argus,E1 8JX,51.510601000000000,-0.069492587012499
Night heron and Jay,N15 4RN,51.584688410895400,-0.073363326593230
Fulmarine petrel and Tree warbler,N19 3LF,51.569042168642800,-0.126722384343146
Kākāriki and Logrunners,E13 8RX,51.521848000000000,0.032863836838612
Petrel and Pratincole,N3 2AE,51.600915863652700,-0.179588982378352
Snipe and Crow,E15 3LQ,51.533857823133300,0.009834000000000
Treepie and White ibis,SE1 6BB,51.496050000000000,-0.099252280519935
Fox and Dolphin,SE16 3UP,51.493622369867200,-0.069627938897357
Old World quail and Chicken,NW6 6DB,51.535062929900600,-0.217543621150873
Capuchin and American sparrow,E5 9PN,51.563404395140000,-0.049490172275042
Fulmarine petrel and Puffleg,W1H 4JD,51.519229750308300,-0.163490169653997
Chicken and Partridge,W1U 7DJ,51.519372847987200,-0.155989166259565
Polecat and Songlark,SW1E 6HQ,51.499956765320200,-0.137697004916439
Mouse and Dorcopsis,N17 7QD,51.598199657663400,-0.085180251009237
Skunk and Triller,EN2 8EU,51.659330040133600,-0.096238698349352
Zebra and American sparrow,E2 0QL,51.527238016176600,-0.043379000000000
Elephant and Duck,N3 1UD,51.600085493412900,-0.201555695540878
Tahr and Scimitar babbler,E7 9PJ,51.541747943160100,0.024066000000000
Logrunners and Parrotlet,W2 1QT,51.518044372703800,-0.170499574286030
Rat and Herring gull,W1T 1UG,51.516916278084100,-0.132018357786580
Coati and Tahr,E18 1DE,51.594363187965800,0.028631411786150
Wader and Philippine hawk-owl,W12 9JQ,51.501679988595600,-0.238167871337867
Solitaire and Eagle,E1W 3RH,51.506755397173600,-0.056247895760280
Flameback and Thrasher,NW7 2ZJ,51.615469131180800,-0.241174947996936
Kangaroo and Tattler,N15 5NH,51.580629005844800,-0.077782000000000
Mockingbird and Moluccan boobook,EC4V 6JA,51.513369579144400,-0.103771579606789
Goose and Cloud rat,WC2A 3RJ,51.515131702975000,-0.113021000000000
Piping shrike and Black cockatoo,EC2M 4JH,51.524501611318500,-0.112088280168721
Skunk and Booted eagles,E15 2RS,51.531964998239900,-0.003286000000000
Vulture and Fox,E3 2NQ,51.537771000000000,-0.022799000000000
Jackal and Night heron,NW10 2AN,51.543664455322100,-0.231528075879925
Old World quail and Petrel,N15 5LJ,51.582378240524000,-0.078354183077443
Magpie and Tattler,W1G 6AG,51.520822525761400,-0.148117999699379
Parrotlet and Tahr,E15 4LD,51.544094969652700,0.015030142657096
Grackle and Bunting,EC3V 0AT,51.512933689376100,-0.084693749153904
Warbler and Badger,NW6 6JT,51.535565241648600,-0.206839549067065
Flameback and Argus,E3 3AU,51.528713187446900,-0.015838722771977
Mole and Francolin,E2 0DJ,51.526777177637500,-0.059763486935652
Pratincole and Ground sloth,NW5 2EA,51.547652537031600,-0.141072103197662
Parakeet and Parakeet,E14 1TU,51.510000000000000,-0.006148000000000
Fox and Tahr,N6 5TJ,51.575709179086200,-0.142222242676802
Argus and Chickadee,N21 3HX,51.630406036209400,-0.088765940154423
Meadowlark and Mockingbird,N1P 2TU,51.538645000000000,-0.103543000000000
Herring gull and Petrel,NW1 1HN,51.529861076339700,-0.129484538518289
Mouse and Scimitar babbler,NW6 5PB,51.537570802285400,-0.189875352934224
Solitaire and Partridge,W12 7FN,51.513166000000000,-0.228593000000000
Prion and Lemming,EN5 2ET,51.647217782144900,-0.200037995790128
Hawaiian honeycreeper and Civet,N13 4LT,51.624788994069100,-0.110629839514633
Tit-tyrant and Chipmunk,N2 0FD,51.593756000000000,-0.182680000000000
Tit-tyrant and Grackle,E16 9EJ,51.519102000000000,-0.005663000000000
Nukupuʻu and Eagle,N1 3DE,51.540876687107900,-0.094826695525357
Parrotbill and Wader,W1H 5AU,51.515569745490500,-0.161763729624000
Crow and Asiatic leopard,W1T 5HX,51.523296761598700,-0.139109025039490
Diving bird and Duck,W1K 4AJ,51.512434134797800,-0.145374083513426
Asiatic leopard and Asiatic leopard,N12 9HT,51.618014877754700,-0.172361176006092
Duck and Duck,E7 0XB,51.548820397927000,0.023662319067946
Polecat and Prion,E17 3SR,51.591560767298200,0.002259850602983
Mole and Goose,N4 1BZ,51.570949192500000,-0.096499063600000
Parakeet and Civet,E2 6LU,51.527882803192400,-0.062455676531940
Tahr and Thicketbird,NW3 1AZ,51.562732546502000,-0.177161124991355
Moluccan boobook and Badger,WC2B 5HP,51.512493000000000,-0.121895000000000
Grosbeak and Jackal,E11 2RL,51.576700052368000,0.027686001411746
Duck and Black cockatoo,E10 7FB,51.572291623122300,-0.041547964147146
Tattler and Parrotbill,E16 1PJ,51.513830577025600,0.018925969156793
Peafowl and Dorcopsis,SW5 0PB,51.492116073664500,-0.189429157147222
Ice seal and Flameback,W6 8DJ,51.492093885022600,-0.219104842871239
Snipe and Masked owl,N17 7HY,51.602858119643100,-0.091829077184701
Black jay and Cloud rat,EN5 5EG,51.650103904356800,-0.183661423305352
Fox and Pitohui,E2 0EF,51.526987000000000,-0.057586603154713
Fox and Old World vulture,E5 0JT,51.553093519706300,-0.041608166536487
Marmoset and Snipe,SW1W 8AQ,51.492134827113200,-0.157722319096108
Quetzal and Black jay,W1K 3QT,51.511399066361400,-0.145475000000000
Linsang and Lemming,N12 7DQ,51.620791209973100,-0.186710108312526
Cloud rat and Shearwater,W6 9XY,51.492376768011800,-0.231856912862557
Scimitar babbler and Tahr,SE16 4JJ,51.501236092105200,-0.053125595231308
Pheasant and Mink,E16 1HG,51.515833000000000,0.014474000000000
Meadowlark and Perching duck,SE16 2UH,51.495050743244700,-0.051055314254900
Greenbul and Duck,EN2 7FN,51.655769000000000,-0.103371000000000
Dorcopsis and Marmoset,N10 3DJ,51.583654000000000,-0.137919150709592
Kākāriki and Logrunners,NW4 3QQ,51.588020000873000,-0.221765627820132
Capuchin and Macaw,WC2H 0BP,51.512598746125100,-0.128230000000000
Chickadee and Triller,E18 1AN,51.592728240077600,0.026710000000000
Wader and American sparrow,NW8 8RE,51.526405606875800,-0.176161558136247
Fulmarine petrel and Petrel,E14 9YS,51.501285000000000,-0.021065000000000
Jerboa and Rabbit,N17 8DG,51.604771724066800,-0.068628594798825
Black cockatoo and Stint,E16 4WB,51.519100000000000,-0.005691000000000
River dolphin and Thrasher,N6 6QH,51.563305383200100,-0.147705447467325
Siskin and Hawaiian honeycreeper,IG8 9AJ,51.603369547225300,0.027314365958602
Lemming and Philippine hawk-owl,NW3 2PP,51.553381000000000,-0.167885000000000
River dolphin and Macaw,NW11 8QN,51.572052031570600,-0.202648000000000
Snipe and Thrasher,N15 3LT,51.587447729207200,-0.094207123349853
Black cockatoo and Grosbeak,N17 0XB,51.599875502561200,-0.050960099818989
Old World warbler and Lemming,NW9 5UH,51.604161974189800,-0.245120985630152
Old World vulture and Black jay,N10 3AQ,51.591970858052100,-0.150408694375373
Chipmunk and Bunting,EN4 8EN,51.637233314657200,-0.160388901362899
Guillemot and Minke whale,N5 2JA,51.550578969073300,-0.089257602273717
Solitaire and Zebra,N19 3LW,51.569454639320900,-0.124396653842853
River dolphin and Partridge,SE1P 5ST,51.492760984014900,-0.080151672390443
Pratincole and Moluccan boobook,E2 0NG,51.530249231182400,-0.048975699081100
Hawaiian honeycreeper and Capuchin,SE1 7XT,51.498793675025200,-0.111638019629766
Chickadee and Night heron,N1 1HJ,51.538645000000000,-0.103543000000000
Piping shrike and Crow,N12 2FH,51.616854000000000,-0.180703000000000
Booted eagles and Dorcopsis,EC1A 4BB,51.516411000000000,-0.097721000000000
Kite and Black jay,SW1X 7HF,51.499866887453000,-0.149630332937029
Dorcopsis and Stilt,W1W 6NS,51.519366000000000,-0.142945000000000
Mole and Capuchin,NW1 0HR,51.538556057027400,-0.139049051511609
Warbler and Stilt,NW1 6BN,51.525147688617100,-0.161824909054442
Triller and Buzzard,N1 3GH,51.545558646884200,-0.087448801756538
Chicken and Chipmunk,N1 7DU,51.536011465111600,-0.093703284030080
Thicketbird and Prion,EC4V 6AF,51.513086759117800,-0.104461000000000
Skunk and Vole,W11 3LB,51.508484477808200,-0.198910877564700
Peafowl and Night heron,N4 4BH,51.572888907558300,-0.118165434737883
Crow and Partridge,EN3 5HA,51.652719000000000,-0.045716000000000
Linsang and Darwin's finches,SW1X 9EY,51.499182077122400,-0.157700000000000
River dolphin and Argus,W1D 1LS,51.516137581777400,-0.135639043697789
Hawaiian honeycreeper and Puffleg,SE1 0AN,51.499049290496500,-0.103515966512417
Pratincole and Towhee,WC2R 0PP,51.510278693762200,-0.123499086862004
Condor and Argus,NW1W 8YN,51.530784525000000,-0.135430053900000
Dolphin and Dorcopsis,SE1P 4ZJ,51.492762382100000,-0.080151676700000
Jay and White ibis,E9 5BJ,51.543847593630200,-0.041514839474020
Buzzard and Stilt,N6 6WP,51.565919670250400,-0.122089247813613
Shearwater and Egret,EN3 7TX,51.651093232963500,-0.038341078902488
Mink and River dolphin,NW9 5RU,51.605798000000000,-0.244971000000000
Crow and Towhee,W1T 5LD,51.524149882393900,-0.138468794412344
Dorcopsis and Mink,NW4 1PN,51.597782000000000,-0.220850000000000
Elephant and Capuchin,N13 5NA,51.620351687846000,-0.088162758327054
Vulture and Fish eagle,N16 7TJ,51.554221000000000,-0.074333341553881
Linsang and Tattler,E13 9PP,51.528537004436500,0.037226000000000
Warbler and Old World warbler,W11 3AG,51.509422606161100,-0.207318561069156
Logrunners and Booted eagles,EN1 2AZ,51.647710660847800,-0.075751651819539
Jackal and Partridge,NW3 4HU,51.547077663571800,-0.169710179098203
Fish eagle and Philippine hawk-owl,W1K 7DA,51.513235556270100,-0.156280252613874
Perching duck and Myna,N17 0BA,51.599868107985200,-0.063551764854275
Myna and Grouse,N21 1PH,51.643769747041600,-0.111054977607135
Nukupuʻu and Kestrel,E17 5BS,51.599370633322300,-0.022925765334034
Black cockatoo and Boto,SW5 0ED,51.489451574422200,-0.188854000000000
Snipe and Jay,E15 3LF,51.534445085989300,0.007206966951698
Puffleg and Kite,W6 7AL,51.493450000000000,-0.223738717908580
Tree warbler and Shearwater,E18 2LL,51.597230996611100,0.014060369968648
Siskin and Pratincole,EN3 7JB,51.659531011598000,-0.045524090248639
River dolphin and Bronzewing pigeon,N1 4BJ,51.546363000000000,-0.082684000000000
Stint and Ibex,SW1X 9JS,51.500478384986300,-0.159345360025187
Cuscus and New World blackbird,N7 7FG,51.553493000000000,-0.107449913600000
Pitohui and Jay,E11 3AR,51.569778079531100,0.015545174321097
Recurvebill and Linsang,N5 1SD,51.554885140856500,-0.099145996764929
Cuscus and Skunk,N19 5RQ,51.565308000000000,-0.134956000000000
Darwin's finches and Cuscus,N1 1HD,51.542575728090300,-0.108686784505042
Kite and Diving bird,N12 8SZ,51.620990299909100,-0.181559364338148
Maya and Snipe,EC2P 2RW,51.524567000000000,-0.112017000000000
Stilt and Triller,E11 3LW,51.556487381676700,0.009230397575670
Goose and Chicken,N1 2DD,51.540281916488400,-0.097519358324331
Guillemot and Ibex,NW6 2QT,51.546723952764300,-0.199737676574203
Linsang and Chicken,NW1 8XN,51.541487439251000,-0.156696076795048
Dolphin and Mockingbird,W1U 8AF,51.517470955714100,-0.157420836366031
Dolphin and Flameback,SW1H 9HF,51.499233386648300,-0.136314545446764
Peafowl and Diving bird,N1 9NZ,51.531028956478300,-0.115304000000000
Goose and Zebra,E17 3BN,51.586894000000000,-0.013536000000000
Dolphin and Old World warbler,E11 2TL,51.579602855856900,0.021536707952309
Fish eagle and Snipe,NW9 5WT,51.595444017500000,-0.242309636700000
Asiatic leopard and Thicketbird,EC4Y 1EU,51.514016896807400,-0.107102774115332
Hawk and Macaw,SE1 6SF,51.492590396959600,-0.100600400059073
Songlark and Masked owl,N15 5JQ,51.582218095925300,-0.084509812066636
Tahr and Mole,NW10 1BS,51.555959506062000,-0.243067566399424
Masked owl and Jay,W8 7BY,51.501639530794800,-0.198215401552400
Moluccan boobook and Minke whale,E18 1DR,51.597678658323700,0.031392637734721
Kangaroo and Mink,N11 1DT,51.628226669569300,-0.148038640615517
Mouse and Chicken,N16 6RS,51.568725000000000,-0.072061000000000
B and Stint,EN5 1BX,51.637934168851900,-0.167253911598219
Greenbul and Egret,WC2R 2AB,51.509981000000000,-0.117073000000000
Cuscus and Mouse,W1K 1LN,51.506920205412800,-0.150829000000000
New World blackbird and Marmoset,SW1Y 6QU,51.506367647289200,-0.138213755927269
Philippine hawk-owl and Diving bird,N14 4BT,51.638864128502300,-0.135509098802958
Masked owl and Guillemot,EN2 7DY,51.655075939087600,-0.106204421150244
Ibex and Quetzal,W1T 2DG,51.518332093430600,-0.133963927912587
Wallaby and Civet,NW5 4EY,51.548575845873900,-0.153986494978501
Macaw and Pratincole,W1D 1NB,51.515944949994400,-0.137664714794121
Badger and Chipmunk,SW3 1ET,51.499877950077100,-0.164066486983075
Condor and Petrel,E13 8QE,51.525254738360400,0.028628787047768
Jay and Cuscus,NW8 7DR,51.534945000000000,-0.165482000000000
Recurvebill and Hawaiian honeycreeper,E3 3PE,51.524027404000700,-0.017397500992822
Tahr and Chipmunk,W1A 5ZP,51.524565000000000,-0.112042000000000
Night heron and Parakeet,N16 9PE,51.552637713931500,-0.085363240795668
Civet and Solitaire,W1T 5BP,51.522452771498200,-0.138624493275012
Stint and Argus,SW3 6HL,51.491566778749900,-0.172568117831877
Pheasant and Mouse,E5 0PL,51.551911810889400,-0.050025096128713
Tit-tyrant and Grosbeak,W8 4BA,51.504028000000000,-0.193208000000000
Marmoset and Recurvebill,N11 1EL,51.628493668794100,-0.149573760665616
Mouse and Dorcopsis,NW2 3PB,51.552510473385100,-0.208250384519400
Jackal and Chipmunk,E1W 9EU,51.519025959342700,-0.058075035903984
Civet and Prion,W1U 7LF,51.519541861460600,-0.154728321701758
Ice seal and Towhee,E11 4HL,51.556103542672000,0.000644515638452
Grackle and Armadillo,E12 6AX,51.548696112127800,0.050499099336086
Chipmunk and Black jay,EN3 4RP,51.646886124293300,-0.045431994368261
Kite and Old World quail,W2 1PB,51.519414268679500,-0.176469698912539
Flameback and Eagle,W1H 7RY,51.515302774216800,-0.158502806054498
Booted eagles and Francolin,E7 8DU,51.545000258208700,0.039141120796991
Old World quail and Piping shrike,W11 3PJ,51.508999752212100,-0.202017654822141
Puffleg and Stilt,W1B 5RU,51.510599697547400,-0.137997993870271
Francolin and Wallaby,W1S 3ND,51.510259000000000,-0.141244000000000
Fox and Rat,NW3 3ST,51.542193337403500,-0.170194585179743
Armadillo and Pitohui,W1U 5BP,51.521422815124200,-0.154825265709591
Mink and Ground sloth,NW3 1HT,51.558254001498400,-0.176561182281427
Grouse and Stint,SE1P 4AS,51.492762382100000,-0.080151676700000
Eagle and Nukupuʻu,W6 7RN,51.499862859459100,-0.223815888609429
Petrel and Moluccan boobook,NW2 1QP,51.567645015395800,-0.208275900345493
New World blackbird and Egret,EC2A 4NQ,51.525316722412300,-0.084159743013968
Nukupuʻu and Rat,E10 5PS,51.558131000900100,-0.006465327680367
Stint and Parakeet,E17 9QR,51.581509113975100,-0.015329509077144
Tahr and Diving bird,W1S 1JF,51.513301037496400,-0.143897669556171
Masked owl and River dolphin,NW6 1QU,51.549765671456800,-0.192867416770133
Fulmarine petrel and Duck,N7 0DD,51.549696768757700,-0.129940321372709
Pitohui and Shearwater,W10 5HL,51.524056394647900,-0.225858616922108
Old World quail and Mockingbird,W8 4RN,51.505617233565300,-0.192568469822587
Fulmarine petrel and Wallaby,NW11 0JT,51.581681921778400,-0.207088759769283
Songlark and Maya,NW3 4UX,51.548432260819900,-0.164896189540972
Pitohui and Mink,NW1 5BR,51.520708000000000,-0.164180000000000
Parakeet and Tahr,WC1X 8TT,51.522841849131100,-0.114564251925221
Partridge and Masked owl,WC1H 0PN,51.524155026427600,-0.129747210461774
Mole and Chicken,N7 9TQ,51.548366353810200,-0.120403469575542
Towhee and Tree warbler,E5 9GR,51.565220077154800,-0.049441325102669
Treepie and Partridge,N17 6AA,51.597761887037200,-0.082050984433844
Scimitar babbler and Eagle,N1P 2YL,51.538645000000000,-0.103543000000000
Maya and Grouse,N20 9QG,51.637364000000000,-0.177913000000000
Piping shrike and Ground sloth,EC4A 3BH,51.515600695746600,-0.107552000000000
Cuscus and Vole,SW1P 2QN,51.494509695221700,-0.133323458594159
Mink and Minke whale,W8 7SY,51.508148862245200,-0.198722367974135
Tahr and Moluccan boobook,W1T 1UE,51.516967215735100,-0.131828901793535
Boto and Stilt,W1S 4LD,51.507938478124800,-0.141435285131215
Bronzewing pigeon and Lemming,E17 9BT,51.578041433594500,-0.014470295198468
Tit-tyrant and Armadillo,EC4M 8AP,51.513533781081100,-0.100493255564967
Philippine hawk-owl and Wallaby,N9 0LS,51.626684424393200,-0.054897053914739
Diving bird and Vole,N17 9UR,51.597814737029200,-0.063364771972220
Cloud rat and Stilt,E11 4RG,51.562503710977100,0.006061758980474
Black jay and Ice seal,SE1 6QG,51.496115095509400,-0.096693727933230
Old World warbler and Guillemot,W12 0JJ,51.507609276677900,-0.237189841960945
Logrunners and Boto,N16 0HY,51.563124549763200,-0.084908336540997
Prion and Grosbeak,SE16 4DD,51.496444238607400,-0.064062920252170
Badger and Vulture,W1G 9YL,51.517221345941100,-0.148422616569243
Bunting and Kite,W1W 7LZ,51.517341544879700,-0.141239907583765
Logrunners and Tattler,SE16 3YA,51.493923832139500,-0.068014000000000
Prion and Black jay,E20 1HH,51.548734000000000,-0.011565000000000
Grosbeak and Ground sloth,EN4 8QL,51.643529546950100,-0.152473817481651
American sparrow and Bunting,N9 9PS,51.630125786429000,-0.065615662013750
Recurvebill and Parakeet,SE16 4TY,51.500224677208700,-0.063915000000000
Duck and Elephant,E11 1QU,51.571225806499200,0.002419584584302
Logrunners and Siskin,W1D 4HX,51.513066505093600,-0.132521735356503
Buzzard and Macaw,N17 9HH,51.591706490920600,-0.065948942292995
Flameback and Kangaroo,IG1 3QA,51.575568233050800,0.053469095881179
New World blackbird and Hawaiian honeycreeper,N1 9AU,51.533664170834200,-0.117072897691284
Bronzewing pigeon and Flameback,N21 2JL,51.635209331703200,-0.083332829035433
Goose and Jay,E11 4RW,51.563380873233600,0.006302360582521
Booted eagles and Flameback,E17 7JY,51.582824000000000,-0.027628000000000
Condor and Jay,W1A 2XU,51.524565000000000,-0.112042000000000
Goose and Snipe,NW6 2DG,51.544746977953600,-0.200998300308881
Greenbul and Jay,EN5 5JB,51.651853265164900,-0.178025000000000
Vole and Flameback,E20 1HJ,51.548699000000000,-0.012158000000000
Piping shrike and Scimitar babbler,SW1A 1NF,51.506178093072600,-0.139302218114940
Civet and Bunting,WC2A 3PE,51.515282606893100,-0.115899720169121
Masked owl and River dolphin,W1G 7YZ,51.524503057780500,-0.112088284788377
Pitohui and Goose,N11 1HJ,51.619799000000000,-0.147818000000000
Francolin and Badger,SW1Y 6LA,51.507937088002100,-0.136247610965472
Linsang and Masked owl,N4 4BJ,51.573480593677500,-0.117491596573728
Capuchin and Quetzal,W12 7ER,51.507606935780400,-0.229869606809668
Chipmunk and Cloud rat,E7 9AE,51.546496190888600,0.021959000000000
Chickadee and Gull,WC1X 9JF,51.529872000000000,-0.118844000000000
Boto and Mockingbird,SE1 2XB,51.500556602637900,-0.075703344034607
Stilt and Jerboa,N9 9EF,51.631097422732400,-0.065097491231021
Chickadee and Kangaroo,E3 3RR,51.518654311556900,-0.020326270579015
Songlark and Guillemot,W1T 1QD,51.518719216847300,-0.136254308935864
Pheasant and Ice seal,N1 0XF,51.535690226182100,-0.120608497412928
Shearwater and Chipmunk,E14 9BG,51.506822000000000,-0.005507000000000
Lemming and Booted eagles,E14 0JL,51.513391000000000,-0.002512000000000
Kestrel and Maya,N9 7LL,51.639520496695500,-0.054044321106452
Siskin and Moluccan boobook,IG8 0TL,51.617251573546600,0.018066845739689
Scimitar babbler and Treepie,W1G 6EH,51.520858535582200,-0.150970594969740
Gull and Moluccan boobook,N1 8DU,51.535900021667000,-0.102359505128832
Piping shrike and Vulture,NW5 2NR,51.553626103582500,-0.137265651737476
Polecat and Ice seal,E17 6PG,51.585019949010800,-0.028889746121593
Fish eagle and Pratincole,E20 1HL,51.549091000000000,-0.011420000000000
Cuscus and Darwin's finches,W1S 1PY,51.512821966437400,-0.142605659750011
Herring gull and Kite,N20 0NE,51.625991693433800,-0.171823919102568
Egret and Mink,WC1X 9QU,51.529772705863300,-0.111062856763981
Civet and Mamo,NW3 4TZ,51.554291356224900,-0.173863515328332
Pratincole and Duck,E10 9FQ,51.570986000000000,-0.008617000000000
Buzzard and Gull,WC1N 3QH,51.521777257690000,-0.118042000000000
Condor and Mink,N1 5SJ,51.538962201426500,-0.081640008268504
Skunk and Goose,N1 8PZ,51.532773000000000,-0.098568000000000
Thicketbird and Thrasher,N2 0BH,51.575171480276000,-0.169808522434895
Eagle and Black cockatoo,N2 0SN,51.593044085804600,-0.175890163550873
Triller and Buzzard,W1U 1QS,51.515399851362000,-0.153238259537672
Old World quail and Mole,W6 9DG,51.490216971181900,-0.230557629648491
Linsang and White ibis,E4 6SS,51.619007113518700,-0.014213895758714
Viscacha and Prion,N19 4LT,51.563574000000000,-0.122633000000000
Petrel and Minke whale,W10 5AB,51.527320000000000,-0.215717693277849
Warbler and Songlark,E14 7PN,51.513522157931100,-0.036532071674605
Ice seal and Argus,N5 2NJ,51.548838510673300,-0.093931584521647
Peafowl and Grackle,N12 9AN,51.616876089938500,-0.163350028443934
Macaw and Hawaiian honeycreeper,E20 1EH,51.543594000000000,-0.006639000000000
Pratincole and Bronzewing pigeon,NW2 3JG,51.555112556977500,-0.213773941290444
Parakeet and Mole,N13 5HN,51.615992230615800,-0.099352804923662
Flameback and Buzzard,N8 8SR,51.582065969443500,-0.125205318989861
Hawaiian honeycreeper and Argus,N3 2AG,51.600600942007700,-0.178417527301469
Chipmunk and Minke whale,N9 7EY,51.634993940853400,-0.052086000000000
Hawk and Kestrel,NW1 4EE,51.526591000000000,-0.143761000000000
New World blackbird and Ice seal,W1W 6QD,51.520547938029000,-0.142694934685223
Greenbul and Viscacha,W2 4HG,51.511057322309300,-0.195466001203440
Old World vulture and Marsh harrier,N16 0AD,51.564832902344400,-0.081041869934973
Logrunners and Songlark,E17 5PA,51.600368182670600,-0.034131068339709
Fulmarine petrel and Coati,E4 9SY,51.617998195827500,-0.009332035308678
Jerboa and Petrel,N3 1AR,51.610395120677200,-0.194230218078908
Chipmunk and Prion,IG4 5LT,51.584173371753900,0.054030286521867
Pheasant and Mink,N17 8LZ,51.599121780662600,-0.069012715030687
Songlark and Tree warbler,N8 9JB,51.578695687530200,-0.120102000000000
Kangaroo and Solitaire,E11 1BH,51.569631989217600,0.003071052747019
Lemming and Peafowl,N11 1RE,51.615322401552700,-0.139492909823438
Gull and Lemming,N18 2AA,51.613086813272800,-0.063538076888971
Flameback and Black jay,NW6 1PR,51.549974882390900,-0.197114073389058
Recurvebill and Viscacha,N19 5JS,51.563019611047600,-0.138961000000000
Francolin and Condor,W1F 8EN,51.514516258104500,-0.136036730153866
Piping shrike and Booted eagles,WC1X 9QT,51.529589788374600,-0.111430859390034
Zebra and Recurvebill,W1C 2JB,51.514441263968300,-0.147194998347405
Greenbul and Capuchin,W1H 1NP,51.520054507063500,-0.163327264194498
Hawk and Piping shrike,W1H 1FX,51.520728623368900,-0.161584834049219
River dolphin and Rat,E5 9FQ,51.558582000000000,-0.053169066254662
Maya and Hawaiian honeycreeper,EC1P 1YB,51.524501611318500,-0.112088280168721
Cloud rat and Cuscus,WC2E 8HR,51.511420910799900,-0.124633893450276
Goose and Cuscus,E2 8QB,51.532731000000000,-0.065227948024607
Greenbul and Grackle,N17 0LL,51.598852463923500,-0.066309555199694
Capuchin and Flameback,W1K 2PQ,51.509401101042200,-0.151477741748717
Jay and Magpie,N17 8BE,51.603629507194200,-0.072994860746127
Magpie and Wallaby,NW1W 9QF,51.530783041088500,-0.135430048905449
Condor and Zebra,W14 8DA,51.504328901368600,-0.212359927118278
Rat and Boto,E14 6LB,51.515624024975600,-0.018742517435435
Old World vulture and Duck,E1 1PY,51.514247799960300,-0.063109000000000
Gull and Armadillo,EC1V 9HX,51.524103000000000,-0.096824000000000
Bronzewing pigeon and Pratincole,W12 8DL,51.502830862881600,-0.225631242686441
Zebra and Grosbeak,N1 8NA,51.536837208709200,-0.100258526879515
Ibex and Partridge,N8 9DU,51.577201923034500,-0.122345000000000
Kangaroo and Solitaire,W2 1HT,51.514682518897300,-0.175203016292388
Shearwater and Triller,W1A 2EU,51.524565000000000,-0.112042000000000
Armadillo and Piping shrike,EN1 2RY,51.647752060369400,-0.077180924205659
Pitohui and Quetzal,E3 5JT,51.534503564769300,-0.033408774335409
Vulture and Kestrel,SE1 4JB,51.497765870727800,-0.092029050855541
Argus and Darwin's finches,SW1P 2AE,51.495367000000000,-0.130573058486112
Mamo and Puffleg,N9 8JS,51.628179390784500,-0.052319047558056
Grackle and Viscacha,NW11 6BL,51.589080057929700,-0.191683091993872
Prion and Armadillo,W1D 4PX,51.513374845987400,-0.132119998632892
Solitaire and Fish eagle,NW3 1EG,51.560455157901100,-0.174698629496016
Quetzal and Songlark,N1 5LU,51.534534840585300,-0.080355434466206
Black jay and Nukupuʻu,W1F 8QA,51.514555804658600,-0.136827800959211
Elephant and Jackal,E1 6AX,51.524490805975100,-0.077649682320110
Tattler and Booted eagles,W1F 8ZU,51.514735541897100,-0.134557701864829
Chickadee and Chickadee,E1 4LJ,51.521397452348900,-0.047710768730570
Jackal and Hawk,N1 6FE,51.527615000000000,-0.087718368800000
Perching duck and Rabbit,W1U 3JQ,51.517695293598900,-0.151675243034279
Goose and Capuchin,SE1 8UG,51.501761021030200,-0.108835384359578
Meadowlark and Polecat,SW1P 2LW,51.498120911215700,-0.130827532061008
Jackal and Bunting,E12 5HD,51.565318572582300,0.036846899859468
Linsang and Stint,SW7 4XD,51.495380000000000,-0.186995000000000
Crow and Eagle,W1U 7QF,51.518884014400400,-0.154639600633134
Asiatic leopard and White ibis,N21 2QT,51.634724951886200,-0.095564034678066
Gull and Old World vulture,E9 7BL,51.542268000000000,-0.040544000000000
Stilt and Tree warbler,W1H 4QA,51.519580010461300,-0.163461665655819
Treepie and Wallaby,NW1 6NA,51.522134809008900,-0.161225492620206
Recurvebill and Greenbul,SW3 3QY,51.491182823323100,-0.167556119483352
Nukupuʻu and Badger,N20 0AQ,51.632132088260600,-0.151636495222494
Siskin and Old World quail,NW8 6LJ,51.536668661652600,-0.168253253022936
Kangaroo and Solitaire,NW11 6QP,51.587251218102300,-0.194382944295852
Viscacha and Logrunners,E7 8LL,51.541825021989700,0.032840000000000
Kangaroo and Zebra,N13 5AL,51.625238723070900,-0.094502091806017
Egret and Vulture,E4 9DD,51.612363589481300,-0.011672909013754
Vulture and Shearwater,W6 0BU,51.494119277796000,-0.228189000000000
Warbler and Grouse,NW10 2HT,51.546112775574700,-0.237778000000000
New World blackbird and Ground sloth,E1 2DW,51.515101000000000,-0.058289851801097
Stilt and Dorcopsis,SW3 1SA,51.497587333006200,-0.162764000000000
Old World warbler and Coati,N22 5EA,51.600410554083200,-0.097823086558079
Tree warbler and Mole,N17 0HD,51.606719937747400,-0.066798459293404
American sparrow and Coati,SW5 9QT,51.493236000000000,-0.200146000000000
Dorcopsis and Duck,E8 3LJ,51.542265821691100,-0.067598909446824
Tahr and Kite,EC1V 9NU,51.527060752088500,-0.089089059400608
Diving bird and Towhee,N14 6EG,51.626704619216500,-0.124899000000000
Capuchin and Grackle,EN3 4DW,51.647397000000000,-0.046414354170091
Macaw and Mamo,W14 8QZ,51.496752411188900,-0.204977589832980
Duck and White ibis,E17 6HN,51.588535551754600,-0.036908391560582
Kestrel and Pratincole,NW9 6DU,51.590856759461700,-0.245345041815703
Magpie and Piping shrike,E2 8JU,51.531561629697300,-0.071238611649491
Jerboa and Thrasher,W1J 6PA,51.510837228895200,-0.145611872562527
Rabbit and Condor,NW4 3NE,51.580651000000000,-0.225589000000000
Darwin's finches and Grouse,W1U 5LW,51.521878031077800,-0.153466294990634
Lemming and Partridge,WC1X 8PP,51.522042231795200,-0.114049514378882
Recurvebill and American sparrow,E15 2FJ,51.537343786165700,-0.003437242036014
B and Partridge,NW4 4BB,51.588498464238300,-0.226048784776913
Philippine hawk-owl and Flameback,N1P 1LS,51.538645000000000,-0.103543000000000
Stilt and Mockingbird,E2 7LB,51.526338010732000,-0.073492068708829
Gull and Fox,W12 8BJ,51.502032857663500,-0.233529189918932
Wader and Snipe,E4 8AA,51.621944569104100,-0.017755112644005
Viscacha and Moluccan boobook,E11 4PL,51.561824380282700,0.004242828187058
Thrasher and Songlark,E5 9NX,51.561894098416200,-0.052223905583768
Ibex and Elephant,E15 1AG,51.544026873041500,0.000619505485373
Tree warbler and Mole,N9 9EX,51.630640795784800,-0.065218068311361
Gull and Cuscus,N1 3QP,51.546393000000000,-0.086707000000000
Old World quail and Prion,E1 0BP,51.510162232159600,-0.056708161632184
Recurvebill and Macaw,W1J 0PT,51.509246514115000,-0.140560640093576
Minke whale and Towhee,E16 1PL,51.513404709494900,0.018590065917270
Zebra and Mole,NW2 3UE,51.548009311298700,-0.205571488607359
Tit-tyrant and Dorcopsis,N1 2EH,51.541246407536200,-0.100435431013765
Night heron and Pheasant,SW1V 1JE,51.492882417141200,-0.142407847168634
Mole and Darwin's finches,E17 3ES,51.588151000783800,-0.008745957142593
Old World warbler and Parrotlet,E14 8PF,51.496130076059300,-0.020466792492339
Piping shrike and Moluccan boobook,WC2B 5PF,51.515429176195900,-0.122797386514792
Black cockatoo and Recurvebill,SE16 4PX,51.498766638165100,-0.065837498030275
Prion and American sparrow,SW1X 7DL,51.501500000000000,-0.151581000000000
Bronzewing pigeon and Civet,EN5 3DY,51.647933329497800,-0.218656102564373
Capuchin and Solitaire,N9 7JX,51.630641375358900,-0.060348600639783
Quetzal and Mole,SE1 4BW,51.500120856560000,-0.088098172515928
New World blackbird and Vulture,E1W 9LR,51.519025959342700,-0.058075035903984
Skunk and Civet,NW9 6JP,51.584949998579500,-0.244822003773994
Hawaiian honeycreeper and Songlark,NW10 5DT,51.530094567281500,-0.219611916528934
Moluccan boobook and Wader,E1 0BG,51.512558777770300,-0.052642877244258
American sparrow and Vole,SE16 3TX,51.492469785682600,-0.065715084930497
Dolphin and Skunk,W1W 5NU,51.520491000000000,-0.142423000000000
Old World quail and Parakeet,N12 9EJ,51.622001000000000,-0.175730000000000
Siskin and Wallaby,E4 6PE,51.622624571521300,0.000997764597205
Peafowl and Fox,SE1 5HQ,51.488752019900000,-0.073593281500000
Guillemot and Ibex,W2 2SY,51.514629136386900,-0.171774995291222
Parrotlet and Shearwater,WC2H 9DZ,51.515212090488600,-0.126092404208801
Bronzewing pigeon and Cuscus,WC2B 4BX,51.514484838326500,-0.119982542658566
Booted eagles and Mole,SE11 4RD,51.491747699539000,-0.102983494178943
Crow and Scimitar babbler,SW7 5JW,51.496246547409000,-0.179742733345026
Civet and Linsang,E17 7JU,51.583941405625200,-0.019842606604502
Logrunners and Parrotbill,N8 7BB,51.589702752863100,-0.119722742259789
Greenbul and River dolphin,N16 6RA,51.572915190310100,-0.072143895722005
Meadowlark and Stint,W1J 5QG,51.508746625038900,-0.146474932283983
Pheasant and Linsang,W1U 2BB,51.517143374601600,-0.150890444488537
Puffleg and Goose,SE1 9AH,51.505478768976500,-0.090755840055329
Wallaby and Rabbit,EC3N 2ER,51.513339942223300,-0.076548240450985
Petrel and Cloud rat,NW1 5WR,51.530783041088500,-0.135430048905449
Marmoset and Rabbit,E9 7EL,51.539520700441300,-0.047901432867837
Piping shrike and Guillemot,E16 3TS,51.511439000000000,0.045439000000000
Ibex and Minke whale,EN1 3DP,51.656131755285400,-0.072678000000000
Goose and Skunk,SE16 9FT,51.492763000000000,-0.080126000000000
Piping shrike and Polecat,NW9 5FW,51.596375294399200,-0.242158107662698
Macaw and Scimitar babbler,EC1P 1RW,51.524501611318500,-0.112088280168721
Grackle and Kestrel,NW3 5PF,51.552365280194800,-0.170291290441078
Peafowl and Marsh harrier,W2 6AZ,51.518017779726900,-0.183833106075583
Ground sloth and Elephant,NW1W 7LP,51.530784525000000,-0.135430053900000
Old World warbler and Tree warbler,W10 5DX,51.524918273666400,-0.207430829250723
Kangaroo and Cuscus,NW2 9PD,51.562193726200000,-0.213498000000000
Triller and Ground sloth,N22 5BS,51.602116965843100,-0.100466542593784
Mink and New World blackbird,IG8 0HA,51.608985109503800,0.031232992932765
Kestrel and Black cockatoo,N1P 1QR,51.538645000000000,-0.103543000000000
Kākāriki and Ibex,E14 5AA,51.504952707239000,-0.019450416773229
Jerboa and Coati,N19 4LY,51.564545683881900,-0.125017088990505
Towhee and Bunting,E20 1GU,51.549104372600000,-0.013927598600000
Armadillo and Parakeet,E17 4DB,51.596618677685800,0.002020266305147
Black cockatoo and Thrasher,EN5 1NW,51.649367000000000,-0.175466000000000
River dolphin and Partridge,N21 2AE,51.636201941701100,-0.090718848878932
Mouse and Coati,NW2 6GJ,51.565868645486400,-0.224520128330521
Buzzard and Magpie,NW5 9RZ,51.550839000000000,-0.146700000000000
Night heron and Magpie,NW1 0QW,51.539883000000000,-0.135318000000000
Darwin's finches and Fulmarine petrel,EC2A 2AF,51.520435000000000,-0.081986000000000
Tahr and Pitohui,E10 5NH,51.555255543588100,-0.008711622070631
Fish eagle and Tattler,N4 4RL,51.576363918073600,-0.110574961642500
Logrunners and Tattler,E14 8RS,51.506697825043500,-0.028020854148197
Marmoset and Parrotbill,NW4 1AA,51.592276531632500,-0.221974767100213
Towhee and Mockingbird,IG9 6JU,51.620476846576300,0.049513000000000
Flameback and Guillemot,SE16 4RA,51.495688000000000,-0.066141000000000
Philippine hawk-owl and Piping shrike,W14 8RY,51.495468784827600,-0.208067746670152
Magpie and Ice seal,N7 8PF,51.548006000000000,-0.110755000000000
Stilt and Magpie,SE1P 4EH,51.492762382100000,-0.080151676700000
Francolin and Armadillo,E17 4PZ,51.590339162986300,-0.019549961689176
Thicketbird and Mockingbird,N1 8LG,51.532268001710400,-0.099641345980222
Puffleg and Gull,W1A 6PJ,51.524565000000000,-0.112042000000000
Hawaiian honeycreeper and Tree warbler,IG8 0HE,51.608863020415800,0.033090645281473
Fulmarine petrel and Kākāriki,W1C 2DW,51.514887584046500,-0.143573751253933
Gull and Macaw,EC4V 4HN,51.511779617021600,-0.096660602674895
Booted eagles and Rabbit,E8 3FL,51.539484903929700,-0.070658548159007
Viscacha and Cuscus,N20 9BP,51.632765000000000,-0.177436000000000
Wallaby and Mink,W1G 8TP,51.518881832411800,-0.149364239669505
Black cockatoo and Fox,W14 9HE,51.489394736593200,-0.206620591937896
Jackal and Badger,E17 8AY,51.578066964497300,-0.033073022234185
Pratincole and Rabbit,EC1V 0ED,51.527572034841500,-0.101192052054672
Puffleg and Logrunners,W1U 7HB,51.518231300988400,-0.154305643412395
Capuchin and Vulture,EC3V 3PD,51.513306000000000,-0.084837000000000
Peafowl and Mockingbird,WC1H 9QG,51.527325821869500,-0.125580656492963
Snipe and Black cockatoo,SE1 8UL,51.502716050083600,-0.110063817700775
Fulmarine petrel and Coati,NW3 2DD,51.545359139284200,-0.156438656090515
Nukupuʻu and Macaw,E15 4QD,51.537421179802900,0.004078996271807
Pitohui and Maya,E5 8DH,51.557933335111200,-0.057947272908868
Philippine hawk-owl and Jerboa,W10 6LS,51.518450827560000,-0.219705668362622
Maya and White ibis,EN4 8RZ,51.642400460854400,-0.165917590570825
Meadowlark and Snipe,EN5 5TZ,51.653324273946500,-0.198914252689303
Elephant and Booted eagles,SW1V 2HF,51.491676718471900,-0.140094400406694
White ibis and Prion,N16 9BG,51.555686113394100,-0.088668509504524
Mink and Lemming,SW7 1PL,51.499590964914300,-0.168717292278861
Siskin and Grosbeak,N6 5JJ,51.570506741653500,-0.145897578647996
Rabbit and River dolphin,E12 6RJ,51.546534353596500,0.050185555516064
Solitaire and Rabbit,N5 1LP,51.558548232332800,-0.105456305357057
Armadillo and Lemming,EN3 4JN,51.648746092590200,-0.047505810369025
Cuscus and Pratincole,W1K 7AN,51.509407184066900,-0.156537000000000
Lemming and Jay,SE16 6HN,51.499016132001800,-0.036478425934553
Pheasant and Gull,E14 9US,51.489876290209200,-0.014918121434474
Peafowl and Jerboa,N8 8AD,51.577798752302000,-0.124904659671226
Ibex and Linsang,E16 3TR,51.511540951563600,0.044160728268307
Old World quail and Kangaroo,WC1N 3PA,51.520852847311900,-0.118941918492999
Kangaroo and Greenbul,N21 2TH,51.639479034804900,-0.085985419902989
Thrasher and Perching duck,W1U 1JA,51.514751110521400,-0.149733437572147
Towhee and Vulture,E6 1JB,51.538001528041900,0.051143131917548
Mole and Vulture,N16 7ET,51.561514572796500,-0.069524210618940
Treepie and Stilt,SE1P 5SB,51.492760984014900,-0.080151672390443
Skunk and Booted eagles,EN4 8QX,51.645939913809500,-0.166844352063133
Tree warbler and Maya,SW7 5AT,51.492620344178100,-0.179599068431266
Chicken and Stilt,E8 4JG,51.536312326422100,-0.071398267802130
Fish eagle and Ground sloth,E17 8BN,51.575237165764200,-0.032170533683897
Zebra and Tit-tyrant,SW1V 1LW,51.495338079007100,-0.142452079990020
Rat and Peafowl,W1S 3AN,51.510606391705100,-0.141254653148046
Hawaiian honeycreeper and Petrel,E10 5NN,51.558601984376800,-0.008781845680068
Black jay and Kākāriki,NW2 6QG,51.559737137557400,-0.218670912556754
Jerboa and Pratincole,E4 9DE,51.610966787796600,-0.015749166610681
Bunting and Snipe,N15 6PA,51.578175008418600,-0.079224261011549
Coati and Rat,W2 6BN,51.517047724085900,-0.185067985048516
Maya and Eagle,NW9 5PN,51.599978000000000,-0.242432939623961
White ibis and Nukupuʻu,W9 3RH,51.523169270129500,-0.197163914379472
Marsh harrier and Duck,E2 9QR,51.527750661527300,-0.057646147136494
Kite and Elephant,W1S 4SQ,51.509188088312000,-0.141413253387201
Night heron and Fox,W1K 3JF,51.511512837266100,-0.146823825083730
Darwin's finches and Old World vulture,SW1Y 5NG,51.507487000000000,-0.132159000000000
Ibex and Jay,NW1 8AE,51.543372305733500,-0.153939000000000
Macaw and Kangaroo,NW1 1LD,51.529723587059700,-0.132142949851367
Partridge and Towhee,W2 4AG,51.510964637008800,-0.188869323661522
Zebra and Warbler,W3 7HN,51.507827841842800,-0.245769853070616
Siskin and Moluccan boobook,NW6 4LE,51.542901440079200,-0.194422863805720
Egret and Tree warbler,NW2 9NS,51.562193726200000,-0.213498000000000
Ibex and Marsh harrier,NW10 1LS,51.553333582228800,-0.241856112084794
Marmoset and Kangaroo,E7 9GX,51.539029680181900,0.029255728682840
Jackal and Siskin,W1T 1JE,51.517848875859500,-0.134113399617899
Polecat and Parrotbill,EC3R 6AN,51.508391000000000,-0.081126000000000
Macaw and Dorcopsis,E3 5LJ,51.534633521450600,-0.029899355517512
Booted eagles and Flameback,N9 7EP,51.631728000000000,-0.055274000000000
Badger and Philippine hawk-owl,W11 2BD,51.515712357411400,-0.203468454850330
Warbler and Mamo,NW10 5HH,51.535664450774400,-0.222220709630075
Vulture and Condor,SE1 8JD,51.500307064403800,-0.105668179277993
Rabbit and Towhee,E14 9JG,51.497872983677400,-0.020622000000000
Boto and Tit-tyrant,W10 5ST,51.521002721440000,-0.210712498641167
Tahr and Prion,SW1W 9HS,51.495308645406800,-0.150261525799140
Skunk and Herring gull,E2 6ES,51.523246184285700,-0.070854823056171
Viscacha and Black cockatoo,SW1W 8NE,51.490415285697700,-0.153023647155622
Quetzal and B,N11 1TA,51.621410042375400,-0.144025643455439
Linsang and Black cockatoo,NW5 1SW,51.558224430332300,-0.144276478129817
Myna and Duck,E3 2FN,51.530022097139400,-0.027330278856073
Diving bird and Cloud rat,W1U 8AS,51.519043706284600,-0.157933914895095
Jerboa and Parakeet,N1P 1LX,51.538645000000000,-0.103543000000000
Dolphin and Jay,E14 3BF,51.490668016381100,-0.003287575923046
Grouse and Stint,E14 3UU,51.495451131011400,-0.007458181796892
Goose and Mouse,SE1 9AF,51.505775945721400,-0.091334218300869
Skunk and Chickadee,E8 2HD,51.550676417076500,-0.069939803796967
Ice seal and Tahr,EN3 7EQ,51.649256773318200,-0.037683140347455
Old World quail and Jerboa,E13 0DF,51.529348823867700,0.019107847581705
Fox and Old World vulture,SE1 7BZ,51.496923000000000,-0.113242000000000
Old World warbler and Jay,N16 5TB,51.566709730756200,-0.073748311930394
Dolphin and Rat,E9 5GN,51.551706000000000,-0.031152000000000
Guillemot and New World blackbird,WC2B 4PJ,51.512283000000000,-0.117767000000000
Night heron and Kite,E8 1BX,51.545640360420400,-0.063922443683979
Chipmunk and Wader,EC1V 3ST,51.526473109365500,-0.093871044620672
Bronzewing pigeon and Kangaroo,SE1 0QW,51.500819000000000,-0.101094000000000
Bronzewing pigeon and Parakeet,WC1X 9NB,51.528529206248300,-0.118178613109341
Ice seal and Old World vulture,E14 0BF,51.509525110590200,-0.017566021785929
Ibex and Ibex,NW1W 8EB,51.530783041088500,-0.135430048905449
Diving bird and Black cockatoo,W1B 5DR,51.510543490870900,-0.137856173706229
Maya and Jackal,SW1Y 4RL,51.508802008578300,-0.132393494024871
Flameback and Rabbit,W11 1QB,51.515423719243800,-0.210469924477157
Old World warbler and Francolin,W1T 6HA,51.522197415024600,-0.138966447735089
Tree warbler and Pitohui,SE16 5GA,51.503026133195500,-0.049015000000000
Macaw and Wallaby,N1 2PG,51.548186973591300,-0.092574191432770
Bronzewing pigeon and Viscacha,WC1A 1LP,51.518011544992600,-0.125703645319360
Rat and Grouse,SE1 9SG,51.504962000000000,-0.087651000000000
Maya and Partridge,NW3 9XL,51.554295000000000,-0.173838000000000
Night heron and Logrunners,N3 3NJ,51.593318343892300,-0.195961459510627
Magpie and Kestrel,W10 6SX,51.514737479140500,-0.217371521832880
Magpie and Pheasant,NW1W 7YX,51.530786000000000,-0.135404000000000
Hawaiian honeycreeper and Vole,E10 5PW,51.560126969159500,-0.009090335643903
Petrel and Petrel,NW10 5HD,51.535590066557900,-0.226217656040810
Herring gull and Jay,E16 3NL,51.513514115247100,0.030485163766286
Thicketbird and Thicketbird,N1 7HN,51.532035188263500,-0.090841608354233
Macaw and Chicken,NW4 4XL,51.588618043067200,-0.234575642489895
Kestrel and Guillemot,N7 0LD,51.552400000000000,-0.126053000000000
Philippine hawk-owl and Pitohui,EC1N 2LE,51.517845000000000,-0.110279175045483
Asiatic leopard and Quetzal,E11 1DE,51.568951085126500,-0.000768379360831
Masked owl and Parakeet,N7 8LD,51.546483596295400,-0.106217117142385
Dolphin and Chicken,NW11 7HD,51.579089000000000,-0.198603000000000
Gull and Prion,N9 8JN,51.631229618347900,-0.050801228751631
Herring gull and Black jay,W6 9BB,51.491763205928900,-0.241287172184237
Pheasant and Piping shrike,NW2 3LX,51.555254543951300,-0.211878679275559
Stint and Greenbul,N19 4AX,51.569358784255500,-0.125150949449342
Crow and Piping shrike,E3 3TX,51.520347000000000,-0.016635000000000
Herring gull and Night heron,NW5 4SA,51.548862875734600,-0.149373851611654
Vole and Old World quail,W1W 6DW,51.519622501532600,-0.139907431121520
Maya and Armadillo,W9 3BA,51.526380658352700,-0.203682883059193
Francolin and Chipmunk,N14 5NG,51.636751690432700,-0.146347415526568
Jerboa and Masked owl,NW8 8QB,51.524380322809600,-0.170260052369924
Ground sloth and Petrel,EC1Y 0RE,51.522101099390700,-0.095985213113154
Argus and Goose,W1C 1BY,51.514766146403600,-0.148406878211175
Chicken and Peafowl,N19 3RG,51.568534602856700,-0.131548287124195
Myna and Jay,N9 7BD,51.629533281616600,-0.062404284919927
Grosbeak and Mouse,IG1 3PL,51.573214165560600,0.053868092346198
Booted eagles and Fulmarine petrel,E17 6HL,51.587968523043700,-0.038376000000000
Kākāriki and Parakeet,E16 1GZ,51.516449005300800,0.011360000000000
Quetzal and B,SE1P 5FW,51.492760984014900,-0.080151672390443
Puffleg and Pitohui,E6 3LA,51.523813421718700,0.044825653147352
New World blackbird and Diving bird,E20 1AR,51.547684000000000,-0.006547000000000
Puffleg and Moluccan boobook,WC2H 7PZ,51.512198253434400,-0.128824606663361
Snipe and Tit-tyrant,E14 3ET,51.499123914122600,-0.008738776123066
Parrotbill and Treepie,E9 5JA,51.545676109835200,-0.030334000000000
Fulmarine petrel and Booted eagles,NW1 6NU,51.523923379805600,-0.164036517837413
Pitohui and Puffleg,WC2H 9LL,51.513765653106600,-0.127866819458653
Pheasant and Jackal,EC4P 4JN,51.524567000000000,-0.112017000000000
Lemming and Night heron,NW1 7PZ,51.534039429211100,-0.144005823404229
Bunting and Nukupuʻu,N9 8UE,51.629676257848200,-0.042834112648036
Capuchin and Triller,W1T 5DL,51.523601764076900,-0.137928950568967
Linsang and Mink,SE11 4NU,51.491180742840000,-0.108524196791472
Gull and Flameback,E7 0NY,51.549105312446500,0.041473818027051
Treepie and Nukupuʻu,N15 3HP,51.586163322773600,-0.098735782221472
Armadillo and Asiatic leopard,W1K 1DW,51.508078321470500,-0.151992412659664
Bronzewing pigeon and Prion,N10 2QL,51.597565478272500,-0.135150691502910
Triller and Partridge,W1U 3SF,51.515740605713400,-0.154319850047673
Kestrel and Mink,E6 5SH,51.514779481718800,0.047188297710056
Myna and Stilt,SE17 2FW,51.488954000000000,-0.085270000000000
Recurvebill and Old World vulture,E11 3HY,51.552922650190400,0.007342322664829
Zebra and Recurvebill,W1S 4NW,51.508205392527500,-0.142389922910436
Myna and Badger,N20 9BU,51.636144184450400,-0.174724949349822
Parrotbill and Asiatic leopard,N16 6UP,51.566055791223500,-0.071582000000000
Asiatic leopard and Viscacha,EN3 7QY,51.655258688609800,-0.034156549891260
Thicketbird and Solitaire,N1 7JS,51.529637438679200,-0.089384850894066
Badger and New World blackbird,E1 2PA,51.512173375556500,-0.054345500980005
Jay and Dolphin,SE1 7LL,51.498758000000000,-0.116639000000000
Macaw and Lemming,N9 7AS,51.628386243244700,-0.058291942592203
Polecat and Marsh harrier,E1 8LX,51.508640269508500,-0.070189310610090
Fish eagle and Kākāriki,EC2P 2RF,51.524567000000000,-0.112017000000000
Argus and Grouse,IG9 5TP,51.630302256820000,0.026795527733728
Perching duck and Ice seal,E15 3QR,51.535338534589800,0.018551014611077
Argus and Pratincole,WC1N 3NG,51.521566228982300,-0.118566569458126
Polecat and River dolphin,NW6 2AF,51.546918395600000,-0.192980303000000
Pitohui and Magpie,W6 8FX,51.492364569747800,-0.238815133557647
Coati and Vulture,NW1 2HD,51.526399842375600,-0.135753281131345
Marsh harrier and Masked owl,W1U 1BD,51.514931854505100,-0.150360265706404
Chipmunk and Recurvebill,E8 1FP,51.549919000000000,-0.058837000000000
Quetzal and Capuchin,WC1X 8JX,51.525520463788900,-0.116731325444149
Ibex and Nukupuʻu,EC4V 6AL,51.513364643025100,-0.104578864500929
Myna and Hawk,E14 8JL,51.502454244635700,-0.027008124506307
Pitohui and Nukupuʻu,N19 5AJ,51.553001800370900,-0.133064742977399
Guillemot and Parrotbill,N22 6AL,51.595628040807700,-0.092926227091784
Solitaire and Pheasant,E3 2LP,51.536614224785900,-0.027362486934246
Ground sloth and Zebra,E3 4EX,51.521864499974700,-0.019250074651904
Dolphin and Myna,SW1A 2WH,51.506737381875900,-0.128673678342614
Tattler and Fox,W1W 8RD,51.517313830087300,-0.138358371394184
B and Tattler,N17 0XY,51.607624811705200,-0.059510099514911
Jerboa and Philippine hawk-owl,IG4 5LR,51.584895951141800,0.052821458597400
Logrunners and Logrunners,W11 3EP,51.512943985991000,-0.197106455997757
Mole and Francolin,IG8 9PU,51.607320000000000,0.008427000000000
Moluccan boobook and Viscacha,N14 4HD,51.645518128809500,-0.139894000000000
Tit-tyrant and Piping shrike,W1K 4DT,51.512268000000000,-0.146736000000000
Perching duck and Masked owl,EN5 3HS,51.648902879912000,-0.241818182485668
Minke whale and Dorcopsis,E15 4HH,51.540230227668800,0.011239780544557
Snipe and Petrel,W12 0BJ,51.515511609865000,-0.246656503896059
White ibis and Viscacha,NW5 9JE,51.550839000000000,-0.146700000000000
Pratincole and Dolphin,N1 7FQ,51.531202563400000,-0.093745649300000
Peafowl and Maya,E1 3HP,51.518286977983100,-0.052095857747504
Puffleg and Petrel,NW1W 8EZ,51.530783041088500,-0.135430048905449
Prion and Coati,NW9 4EG,51.593083000000000,-0.244166000000000
Triller and Puffleg,EN4 8LE,51.633619355690000,-0.146157219893813
Mamo and Chipmunk,N20 8PH,51.624770706869400,-0.194613036075321
Crow and Old World quail,E13 0DX,51.530761710207600,0.018002517151168
Tahr and Piping shrike,W1H 5FF,51.518248346926400,-0.162837795690524
Condor and Treepie,NW1W 7BG,51.530784525000000,-0.135430053900000
Mole and Nukupuʻu,NW6 3NN,51.546012713419700,-0.189165361847622
Warbler and Mamo,N20 0DG,51.625798961328900,-0.158915466165971
Elephant and Parakeet,W12 9PY,51.504912255627200,-0.236040322393303
Piping shrike and Old World quail,N1 6DP,51.527527356415600,-0.086820525672168
Darwin's finches and Lemming,N9 7HJ,51.629280000000000,-0.055646305235802
Stint and Tree warbler,NW1W 7ZG,51.530786000000000,-0.135404000000000
Guillemot and Flameback,EN4 8DR,51.638519360825800,-0.166146441512232
Jerboa and Prion,NW11 9LS,51.579669000000000,-0.207096000000000
Marsh harrier and Marmoset,N17 8HA,51.605959834321900,-0.076362154928506
Old World warbler and Peafowl,N17 9LH,51.590790244109400,-0.060559650142436
Flameback and Quetzal,E17 6HE,51.587868814777800,-0.035219266985679
Hawk and Rat,N4 1DQ,51.575741452239500,-0.095432871199860
Dorcopsis and Mouse,W1D 7DY,51.511053010093400,-0.135399878878603
Black cockatoo and Jay,E14 0BN,51.508653000000000,-0.009548000000000
Eagle and Jay,N22 6JD,51.594456221398500,-0.104410066805044
Mole and Black jay,NW1W 7YG,51.530786000000000,-0.135404000000000
Viscacha and Minke whale,N4 4ND,51.572184900979500,-0.106823091330071
Grackle and Hawk,W1H 1NH,51.519646040238900,-0.163084244979485
New World blackbird and Zebra,N1 3LX,51.545764503874000,-0.086286376088647
Chickadee and Grouse,EN1 1XG,51.639482834452700,-0.066460375787496
Chipmunk and Dorcopsis,EC1Y 8PA,51.523332650816300,-0.090427193177626
Perching duck and Buzzard,EC1P 1FL,51.524567000000000,-0.112017000000000
Peafowl and Asiatic leopard,E4 7PS,51.635217679465000,-0.011916271973862
Cloud rat and Myna,E17 9LS,51.582871382872200,-0.008470000000000
Darwin's finches and Mink,N1 1DT,51.541033868244800,-0.117374392251008
Polecat and Minke whale,W9 1RP,51.530097804202400,-0.182876634566998
Bronzewing pigeon and Vulture,E14 3QT,51.490603851602400,-0.019654612582638
Peafowl and Chipmunk,IG8 7JQ,51.607076358551600,0.043799068552050
Argus and Darwin's finches,W1D 3TN,51.514500200272300,-0.132765760926854
Asiatic leopard and Chicken,W6 0PW,51.497225892874300,-0.228427735679031
Siskin and Old World quail,WC1H 8JS,51.527279748893500,-0.123823735771746
Grackle and Chicken,N4 1LD,51.581118159742200,-0.096492659963740
River dolphin and Mink,W1U 1QA,51.515898206662600,-0.150623789183168
Prion and Quetzal,EC1V 8EL,51.529529571895900,-0.098241569748052
Philippine hawk-owl and Coati,WC2B 5AP,51.515389000000000,-0.122341000000000
Minke whale and Ice seal,E1 2PN,51.512475439795500,-0.056292655867987
Coati and Macaw,IG4 5DA,51.577382155320500,0.053103448572842
Duck and Cuscus,W11 2RN,51.514945738882500,-0.197459794349404
Masked owl and Greenbul,N21 1PE,51.643896718554300,-0.115038867871820
Armadillo and New World blackbird,E17 3QN,51.585996504752300,-0.001030653582108
Thrasher and Night heron,SE1 5DA,51.489848781987000,-0.064918520817257
Marmoset and Nukupuʻu,N8 0NE,51.584628172536900,-0.106681211587214
Coati and Philippine hawk-owl,N17 9BX,51.594282813768700,-0.067312161234105
Thicketbird and Diving bird,E17 7QP,51.582188000000000,-0.020309000000000
Mockingbird and Crow,N8 9SY,51.579391135101200,-0.121160000000000
Zebra and Scimitar babbler,SW1W 8QZ,51.488768892311300,-0.150122897945633
Old World quail and Ground sloth,WC2E 7LN,51.511071586152800,-0.122472120537332
Pheasant and Crow,W1G 0AU,51.515947525448500,-0.148875000000000
Black jay and Goose,NW1W 7SL,51.530784525000000,-0.135430053900000
Triller and Asiatic leopard,EN1 2ET,51.641755000000000,-0.077174000000000
Buzzard and Wallaby,W1J 6QB,51.510380023945600,-0.144564014719560
Logrunners and Grackle,W2 4SN,51.512728655427900,-0.189548774228584
Guillemot and American sparrow,E7 8BW,51.544707171191300,0.029075660591223
Grackle and New World blackbird,NW2 1AY,51.571911038306300,-0.215135000000000
Black jay and Pitohui,EN3 7LH,51.658314447278100,-0.039012000000000
Lemming and Greenbul,N7 8EL,51.550368255504800,-0.115705336674918
Masked owl and Petrel,E14 2DP,51.508682737639100,-0.002370327647585
B and B,EN4 8LA,51.635107284256200,-0.146992488205238
Kangaroo and Parrotlet,W1W 7LQ,51.517622785249400,-0.141963541930988
Mamo and Buzzard,E1 6JU,51.523795113540500,-0.075141000000000
Parrotlet and Jerboa,E4 7UW,51.638696052895900,-0.013154000000000
Songlark and Grosbeak,EC4R 9HA,51.509192297811900,-0.086868184285279
Skunk and Stilt,NW10 3LH,51.539364697527100,-0.225479677005500
Jackal and Marmoset,E4 6SH,51.617544404805500,-0.018120202648946
Asiatic leopard and Francolin,W1D 6LZ,51.511827075460800,-0.132053604384015
Magpie and Peafowl,NW3 4ND,51.546982200055900,-0.164175711516124
Scimitar babbler and Philippine hawk-owl,SW7 9BB,51.497992548614100,-0.174529886594787
Crow and Linsang,NW8 6LA,51.535459421920200,-0.166254300364330
Myna and Skunk,E2 9BL,51.532926354379700,-0.063467085053676
Guillemot and Elephant,N22 8QA,51.603339928715000,-0.114408469278679
Capuchin and New World blackbird,W1D 5BR,51.511956866884200,-0.131169184841376
Siskin and Kākāriki,WC1H 8ND,51.529431000742100,-0.124513823638083
Grosbeak and Cuscus,W14 8ES,51.500466094215800,-0.205552074109101
Chipmunk and New World blackbird,EN1 1BX,51.643663193294300,-0.068031407510543
Treepie and Tattler,N7 6PL,51.557191880847800,-0.116721662350931
Jay and Macaw,W1U 6SB,51.521627374626600,-0.157541367221385
Parrotlet and River dolphin,E1 8PJ,51.513128000000000,-0.069590122325094
Hawk and Polecat,EC1M 5NY,51.521488000000000,-0.104058409334871
Black cockatoo and Solitaire,E15 3PR,51.536035489971800,0.015150000378538
Booted eagles and Philippine hawk-owl,E15 3LH,51.534958623646900,0.007676554136604
Condor and Kestrel,IG8 7AB,51.598871699009900,0.038824457547080
Cloud rat and Night heron,WC2E 9HJ,51.510054000000000,-0.124013000000000
Flameback and Towhee,W1D 6JL,51.511365544170000,-0.131870722711754
Viscacha and Puffleg,E8 3PE,51.541796000000000,-0.058134304063260
Civet and Vole,NW5 4PJ,51.551429166931900,-0.151303501758880
Jay and Mouse,NW1 3TE,51.530544654970600,-0.141942084066390
Philippine hawk-owl and Ground sloth,SE1 6PU,51.497138260263700,-0.096017195627171
Thicketbird and Quetzal,E8 3BS,51.543825635927300,-0.067302076784999
Prion and Duck,N9 8HP,51.631846520701200,-0.040862217478425
Vole and Chickadee,EN5 2NZ,51.642862147713300,-0.206280753584297
Buzzard and Siskin,W10 5JU,51.526670126180600,-0.213806047193036
New World blackbird and Nukupuʻu,N16 0HL,51.564354018845300,-0.087511485208150
Towhee and Mink,NW11 7JD,51.570081000000000,-0.182996654371823
Piping shrike and Mamo,E1 0HR,51.512533865500300,-0.041964657355044
Capuchin and Viscacha,WC1A 9AN,51.524565000000000,-0.112042000000000
Fox and Macaw,NW9 7FJ,51.575810000000000,-0.238236000000000
Mole and Petrel,IG8 7RG,51.613373320112700,0.041092006969835
Tree warbler and Black cockatoo,IG8 7BQ,51.601151788780100,0.039056552929478
Duck and Kestrel,N11 2PU,51.603835000000000,-0.124468000000000
Eagle and Petrel,N1 1UH,51.541880657632700,-0.103509568154977
Recurvebill and Magpie,SE1 8JN,51.499790111910300,-0.106510862617121
Thrasher and Kite,N16 7SL,51.558966581790600,-0.067150732753336
Hawk and Old World warbler,EC1V 0EU,51.524970000000000,-0.100873521542220
Cuscus and Fox,W1T 6DE,51.522938804490900,-0.141215000000000
Zebra and Ground sloth,N1 9SY,51.533279482282700,-0.112719992466425
Partridge and Gull,W11 2QB,51.512498000000000,-0.201952000000000
Diving bird and Pheasant,W1W 8DY,51.516312000000000,-0.139088471121392
Argus and Triller,W2 5RD,51.516359955621500,-0.190024547421890
Mouse and Kestrel,NW8 9TY,51.535322138227100,-0.175906099868557
Diving bird and Parrotlet,SE1 1HG,51.503528982047200,-0.093791000000000
Ice seal and Eagle,SW1V 2LS,51.491161814547600,-0.139380697917599
Moluccan boobook and Thrasher,N14 5JJ,51.634081232635600,-0.138407461659869
Bronzewing pigeon and Bronzewing pigeon,EC3N 1AL,51.514221000000000,-0.074277000000000
Peafowl and Macaw,N1 4ED,51.541091901650600,-0.082646438520146
Condor and Rat,N21 2NR,51.637054976457300,-0.095625389215263
Meadowlark and Badger,W1J 7EB,51.505347000000000,-0.147535000000000
Kangaroo and Greenbul,N20 8DD,51.627517783603100,-0.188479103803953
Fulmarine petrel and Wader,N12 9DJ,51.615275261229800,-0.170824581197159
Parrotlet and Magpie,E2 8LT,51.533325094657100,-0.071841739645540
Wallaby and Shearwater,E13 9PT,51.526952410788600,0.039113109378150
Fulmarine petrel and Civet,N22 6SY,51.595179081934000,-0.112436392820751
Night heron and Black cockatoo,N4 1DJ,51.574256125030100,-0.095509000000000
Kestrel and Chipmunk,N18 1HJ,51.612150201548000,-0.070005297475399
Duck and Nukupuʻu,E5 9JP,51.561243908266700,-0.056940586759138
Magpie and Jay,W8 7JJ,51.506749368086600,-0.203042883432385
Pheasant and Old World vulture,N1 1NJ,51.543415885620200,-0.107253049715513
Bronzewing pigeon and Solitaire,W11 3NT,51.508612935303300,-0.204943795676905
Wallaby and Tattler,NW11 1LG,51.580293550300000,-0.199118647300000
Minke whale and Grosbeak,NW4 4ER,51.588341074189600,-0.222778022639780
Egret and Capuchin,E7 9TS,51.548820397927000,0.023662319067946
Chickadee and Eagle,W2 3PD,51.512591909964000,-0.176079206500326
Gull and Black cockatoo,E10 6DJ,51.577558830300500,-0.002988517079069
Logrunners and Magpie,E8 4LT,51.539668868368900,-0.065531419474924
Nukupuʻu and Tit-tyrant,E16 1AG,51.505980546105300,0.015754569526007
Condor and Condor,N20 8LN,51.631996767920300,-0.208457803536023
Parrotbill and Perching duck,EC2A 3BH,51.522484000000000,-0.079020000000000
Meadowlark and Mockingbird,W12 0LX,51.509271000000000,-0.241222705000179
Goose and Eagle,EN1 3PY,51.659559838871000,-0.054299228846891
Wallaby and Tattler,W1B 5TP,51.512981787937200,-0.140206775005447
Kangaroo and Cloud rat,IG8 7LY,51.608333041994900,0.039277238295062
Chickadee and Lemming,EN3 7DJ,51.651932047314100,-0.077090766898905
Recurvebill and Argus,E3 4DH,51.527040504319800,-0.024359586732897
Piping shrike and Hawk,EN5 1QJ,51.649243000000000,-0.176208000000000
Mink and Wallaby,N11 2EA,51.608648016968300,-0.128616374263134
American sparrow and Black jay,E14 6NQ,51.518686693905800,-0.015856530262759
Zebra and Black cockatoo,W11 3PD,51.509620235931800,-0.199673091313631
Mamo and B,N22 5SP,51.601921640767900,-0.110091853357038
Ibex and Siskin,E17 5BJ,51.598232473850300,-0.019423161846478
Flameback and Kite,E1 4LU,51.521034314353500,-0.041571232184731
Triller and Snipe,EC4N 8AA,51.511835000000000,-0.088807000000000
Logrunners and Minke whale,IG8 7QL,51.610010205441500,0.037980317415593
Marsh harrier and Pratincole,W1U 4EE,51.519875051721400,-0.154758096542330
Kite and Recurvebill,SE10 0QE,51.495339552271000,0.003313124306728
Towhee and Condor,N16 5PF,51.574848910049900,-0.072711497885591
Jerboa and Kangaroo,W2 3SN,51.511254570118300,-0.184937945201631
Fish eagle and Kestrel,E2 8GU,51.535181000000000,-0.070742000000000
Magpie and Philippine hawk-owl,E1 2QE,51.511578722215600,-0.056446118487407
Mockingbird and Snipe,E17 8JP,51.574256719132900,-0.020393435816882
Recurvebill and Ibex,N9 9JZ,51.632835000000000,-0.079950000000000
Jay and Ground sloth,W8 5EA,51.502169386409800,-0.188829014938948
Lemming and Skunk,E15 2LS,51.535811647600800,-0.004369398500866
Philippine hawk-owl and Jerboa,E1W 3AR,51.507136010585200,-0.057427810911599
Skunk and New World blackbird,N12 0QE,51.609139104150800,-0.164846585142020
Herring gull and Old World warbler,N2 0RE,51.583005024247200,-0.173925039608097
Kestrel and Stilt,EC1P 1EE,51.524501611318500,-0.112088280168721
Zebra and Shearwater,N3 2QR,51.597058000000000,-0.185880000000000
Coati and Stint,E14 9BF,51.506822000000000,-0.005507000000000
Goose and Guillemot,NW3 6AE,51.553211663973800,-0.177873522669411
Herring gull and River dolphin,SW1X 0BW,51.495701861453100,-0.159249652873074
Hawk and Coati,W1H 7NB,51.514675490963500,-0.160934983848163
New World blackbird and Mamo,W1K 3NR,51.510032068758100,-0.148152082269615
Viscacha and Black jay,N21 1EN,51.643672982364500,-0.109512481318593
Hawk and Marmoset,IG8 0UE,51.608119560163200,0.019900395524029
Snipe and Armadillo,SE1 7XP,51.498458858640900,-0.105932109976874
Diving bird and Tattler,N16 5DL,51.574555617738500,-0.079971000000000
Night heron and Ice seal,EC3M 5JF,51.512575068695100,-0.079261080347414
Flameback and Stilt,N1 7DT,51.536341473286200,-0.092982943769770
Elephant and Bronzewing pigeon,NW1W 7PX,51.530784525000000,-0.135430053900000
Argus and Shearwater,W12 8NZ,51.503208143609500,-0.230962219806462
Chicken and American sparrow,N6 6JR,51.562506192942400,-0.152340327296973
Tree warbler and Fox,EN1 1SH,51.643251000000000,-0.057121616511597
Francolin and Macaw,NW1 5RA,51.518229217616800,-0.166787882545279
Old World warbler and Minke whale,N21 1PQ,51.643848054425400,-0.112455000000000
Booted eagles and Asiatic leopard,E1 4DN,51.522781240189500,-0.038483496005284
Ground sloth and Petrel,N17 0JL,51.601848311783500,-0.059308730943273
Parrotbill and Jerboa,W1T 5PB,51.524435556037900,-0.138904026621815
Guillemot and Songlark,E17 3QQ,51.587338528225900,0.001482334105028
B and Vulture,E7 0NE,51.549543000000000,0.024655089920720
Ice seal and Herring gull,W1K 2DP,51.511105390065400,-0.154060441957526
Scimitar babbler and Tree warbler,NW2 3RU,51.553652570630800,-0.206488968848513
Prion and Viscacha,NW10 5NF,51.532428490911700,-0.237933000000000
Capuchin and Cloud rat,EC2P 2RG,51.524567000000000,-0.112017000000000
Philippine hawk-owl and Perching duck,W12 8HD,51.502077079881400,-0.229305834023680
Quetzal and Shearwater,IG8 0TZ,51.617171076076200,0.022743541939853
Night heron and Argus,N8 8HF,51.579449737578900,-0.124677939831605
Pratincole and Black cockatoo,EN4 9HT,51.654712931438700,-0.159724579575498
Boto and River dolphin,NW2 6GY,51.567837365000000,-0.229132977400000
Zebra and Argus,E15 9EP,51.532076000000000,-0.005138000000000
Meadowlark and Black jay,N1 7GL,51.530388000000000,-0.093419000000000
Jay and Badger,N16 6TA,51.574523620394900,-0.066057878549041
Armadillo and Parakeet,E17 6LG,51.586577964388300,-0.035462619927308
White ibis and Darwin's finches,NW2 5JY,51.543795315816600,-0.222336483438671
Mamo and Dorcopsis,NW3 4NX,51.546154054211300,-0.171030835345720
Siskin and Kangaroo,NW9 5JA,51.595918654654600,-0.245049000000000
Argus and Moluccan boobook,NW6 5QT,51.533783223712200,-0.196182276929160
Kite and Stint,N8 9JR,51.581672757418000,-0.116373629091959
Duck and Parakeet,EN3 7UY,51.658309309633600,-0.025711029868806
Dolphin and Recurvebill,EN5 3NB,51.646265000000000,-0.236110000000000
Mole and Cloud rat,E18 2RD,51.598726228706200,0.028537061657773
Pratincole and Meadowlark,NW4 1DP,51.589418714656300,-0.220902595763689
Meadowlark and Ground sloth,E17 3PG,51.583420217949300,0.002392727860356
Mouse and Macaw,IG8 9PT,51.606812794954200,0.009588594453129
Armadillo and Maya,N13 4QA,51.622644606247900,-0.113723842147927
Fox and Grouse,W12 9NW,51.501454889642800,-0.236951860358709
Tattler and Dorcopsis,N1 6BL,51.529500189309300,-0.085930452129418
Booted eagles and Pratincole,N22 8YE,51.605771447470000,-0.118553495132507
Elephant and Cloud rat,SW1W 8SH,51.490177320367900,-0.149907436602841
Flameback and Kākāriki,N11 1QH,51.615446000000000,-0.143807000000000
Pheasant and Maya,NW7 1FW,51.611872000000000,-0.207564000000000
Thrasher and Stilt,N10 2ED,51.594485830746100,-0.143390851352413
Pitohui and Nukupuʻu,E9 6HP,51.545631726885600,-0.042808360369991
Myna and Hawaiian honeycreeper,NW2 7RJ,51.561468888077700,-0.241672215573711
Tattler and Black cockatoo,W2 6EZ,51.519231576196300,-0.180453000000000
New World blackbird and Kite,E6 1QX,51.535504524365200,0.040012000000000
Piping shrike and Myna,W2 2JG,51.514245791459300,-0.162206161617729
Bronzewing pigeon and Siskin,N9 7BE,51.630471174284700,-0.062566609290379
Peafowl and Tit-tyrant,N19 5NE,51.567344529020500,-0.138710652977800
Black jay and Capuchin,W1D 2JN,51.515489373141600,-0.137856249702083
Snipe and Kite,NW1 4GE,51.530783041088500,-0.135430048905449
Guillemot and Jackal,SW1H 9NH,51.500001000000000,-0.130092000000000
Old World vulture and Armadillo,E11 2AQ,51.578103741104900,0.025554684351342
Guillemot and Siskin,SW1X 0AW,51.493656879362200,-0.159015103549493
Masked owl and Bunting,E12 6PQ,51.543856210309500,0.049574816086578
Dolphin and Civet,W1F 8DD,51.514735541897100,-0.134557701864829
Puffleg and Mole,SE16 2NW,51.492624447375900,-0.044676234340195
Bunting and Chipmunk,NW4 1TD,51.591287000000000,-0.217056813051391
Recurvebill and Mockingbird,N19 5AW,51.553517018758200,-0.133231169981162
Puffleg and Kangaroo,N16 7LG,51.561496720995500,-0.072814419901178
Shearwater and Kite,NW4 3ES,51.579863151019400,-0.235838000000000
Maya and Jackal,EC3A 7QX,51.514925000000000,-0.075501000000000
Rabbit and Eagle,W1K 5PF,51.513047134198500,-0.150595140098242
Linsang and Ibex,EC4V 2BJ,51.512036270874300,-0.093637851676053
Diving bird and Francolin,N12 8JH,51.616661381839400,-0.177846768731141
Night heron and Jerboa,NW1 7BX,51.540921898621600,-0.144778535511743
B and Goose,SW1Y 4LG,51.507337661563900,-0.137006990711601
Warbler and Jackal,WC1A 9JE,51.524503057780500,-0.112088284788377
Meadowlark and Cloud rat,E9 7LL,51.542862849338700,-0.048796754414683
Argus and Myna,EC3M 5AF,51.511999000000000,-0.081234000000000
Peafowl and Armadillo,SW1V 4PY,51.490043192916300,-0.143128251386523
Ice seal and Grackle,NW10 5QU,51.532260252022500,-0.218921872049884
Fox and Parakeet,E4 9QB,51.611000515707500,0.003967348852366
Coati and Rabbit,E11 3BE,51.569377289469300,0.014272028597172
Mink and Petrel,NW4 2DT,51.586720230529800,-0.220257381044655
Petrel and Songlark,N1 8SE,51.539229000000000,-0.096294000000000
Stint and Lemming,E15 2DA,51.553663425342000,-0.007627151926732
Pratincole and Recurvebill,W1F 9PJ,51.513008290114000,-0.138476259999399
Mouse and Tahr,N13 5BW,51.616169920934900,-0.097554236402028
Crow and Petrel,N14 7NP,51.628896863829500,-0.136972555914527
Perching duck and Polecat,N12 8AB,51.614034355529000,-0.184148405313017
Macaw and Buzzard,NW1W 7SN,51.530784525000000,-0.135430053900000
Piping shrike and Piping shrike,SE1 2AY,51.500480694141900,-0.072176549522451
Marsh harrier and Rabbit,E2 7LP,51.526729843011000,-0.072163634498213
Moluccan boobook and Myna,N3 1YL,51.607726804510700,-0.187967234773118
Grouse and Eagle,W1U 5BQ,51.521577243161900,-0.153781169414711
Nukupuʻu and Magpie,W2 6PN,51.521775289066300,-0.186653037103885
Darwin's finches and Elephant,E4 9NP,51.603372794894400,0.000396722507967
Condor and Scimitar babbler,SE16 4UB,51.501088565415300,-0.068002000000000
Elephant and Chicken,N19 3YA,51.572059345728000,-0.123640060632116
Tit-tyrant and Towhee,N1P 1BY,51.538645000000000,-0.103543000000000
Recurvebill and Jerboa,E17 0TY,51.585505000000000,-0.017986000000000
Viscacha and Skunk,W1C 1LQ,51.514042257444700,-0.155541479596602
Lemming and Francolin,N7 6EP,51.554847106037100,-0.114063294604865
Zebra and Petrel,E10 7BH,51.565048500124900,-0.020403852456194
Kangaroo and Mink,N21 9BJ,51.632901019200000,-0.099455307800000
Egret and Parakeet,E8 2HG,51.550428131114100,-0.066329906688520
Armadillo and Maya,NW10 1NP,51.553276804274100,-0.232092901520953
Old World quail and Treepie,NW5 4HB,51.549512959379100,-0.154107219839418
Puffleg and Old World vulture,NW1 1HL,51.533406831316400,-0.130218714253302
Towhee and Wader,N12 8AJ,51.616499831203600,-0.181926636013706
Condor and Ibex,N14 6NU,51.627509704866400,-0.118781225855943
Gull and Hawk,NW1W 7YT,51.530786000000000,-0.135404000000000
New World blackbird and Egret,N9 0JH,51.626510258947400,-0.050902382000015
Stilt and Parakeet,N8 7FD,51.588120492389900,-0.114143683014059
Pratincole and American sparrow,W12 8HY,51.503112777780200,-0.229409775779982
Stint and Prion,SW5 9PN,51.492849970391000,-0.196790103486817
Stint and Triller,N4 1FN,51.573368062700000,-0.094276635000000
Ibex and Myna,N16 5NH,51.568385771726900,-0.081642605487037
Egret and Elephant,NW1 8AL,51.541496616703600,-0.145865575721040
Quetzal and Myna,NW4 4EB,51.589834519686300,-0.225202753486626
Old World vulture and Pheasant,N5 1PH,51.558121481358700,-0.106731000000000
Macaw and Kākāriki,WC1B 3BN,51.518790630967600,-0.124374416979999
Partridge and New World blackbird,EN3 4EY,51.644686194085700,-0.047246624451527
Jay and Ice seal,N4 4SS,51.575118715334800,-0.118145495796155
Treepie and Hawaiian honeycreeper,NW1W 7YP,51.530786000000000,-0.135404000000000
Dolphin and Guillemot,WC2B 6XF,51.513478507680000,-0.118352166422411
Nukupuʻu and American sparrow,EC1R 1XU,51.528564203850700,-0.109728851713156
Black cockatoo and Gull,E18 1JU,51.592968173194500,0.031297960515960
Mockingbird and Gull,N16 0RD,51.560957958893300,-0.079993111756284
Kite and Tahr,N1 7TH,51.529067703133700,-0.093056236887759
Wallaby and Vulture,NW9 5NJ,51.597997677400100,-0.243611527268518
Siskin and Masked owl,E14 3HN,51.493152000000000,-0.007573000000000
Stilt and Mink,NW1W 8LP,51.530784525000000,-0.135430053900000
Diving bird and Chickadee,N2 9QP,51.588883805805600,-0.160538190355382
Old World quail and Polecat,N22 7RT,51.600232077851200,-0.124731578338191
Prion and Buzzard,SE1P 5QE,51.492760984014900,-0.080151672390443
Elephant and Jay,W1C 1JF,51.514858634608000,-0.146860986714362
Goose and Jay,W1U 3QG,51.517695293598900,-0.151675243034279
Treepie and Myna,N5 2TJ,51.557642757257300,-0.093967438804480
Grackle and Old World vulture,NW1 1AS,51.531738757724200,-0.133891537621438
Partridge and Crow,W6 9UB,51.490633367952700,-0.239702917222679
Pitohui and Mink,E12 6TY,51.545598784992800,0.047114745081575
Tattler and Old World vulture,NW1W 7BX,51.530784525000000,-0.135430053900000
Pratincole and American sparrow,N20 9HB,51.630175174465900,-0.169647314755836
Grackle and Gull,W8 4JE,51.503176539057800,-0.194077100013975
B and Philippine hawk-owl,NW10 5NN,51.531167300718400,-0.230484149044905
Argus and Mouse,E5 8AN,51.560572345598200,-0.062552522243153
Mole and Tahr,W1K 6WF,51.512762419087100,-0.153071099687016
Wader and Kite,W1D 6AJ,51.512413731705900,-0.132188136408068
Jay and Stilt,N16 0AG,51.565233300646000,-0.080231439074996
New World blackbird and Guillemot,SW3 2NT,51.492816337696500,-0.164880000000000
Peafowl and Buzzard,SE10 0FB,51.488643078800000,0.004146000000000
Pratincole and Greenbul,NW5 2HT,51.555399152756900,-0.137928908886827
Hawaiian honeycreeper and Songlark,SW7 4DA,51.493438058395800,-0.184781360242674
Old World quail and Argus,NW3 4ET,51.547065000000000,-0.172273651613831
Pitohui and Jerboa,W8 6HW,51.496655502117100,-0.200414476983103
Vulture and Goose,W1S 2XF,51.512859003781300,-0.141537671802596
Black jay and Siskin,W11 3HD,51.510995935686300,-0.203769289085276
Grouse and Flameback,EC4A 1AA,51.517525050446200,-0.108917000000000
Marmoset and Old World warbler,E16 1EB,51.512372549106100,0.011669884097886
Peafowl and Egret,EN5 1JE,51.647165199148300,-0.176233672929080
Quetzal and Coati,E17 4BU,51.596806268070300,0.003674535559773
Darwin's finches and Grackle,EC1P 1FP,51.524501611318500,-0.112088280168721
Snipe and New World blackbird,SW1P 2DG,51.497400791276800,-0.131346832644484
Marsh harrier and Jackal,NW1 3FA,51.531438000000000,-0.139801000000000
Petrel and Rat,N13 6HT,51.610784946275700,-0.109333786973392
Petrel and Jay,N1 7NY,51.531452552610000,-0.090404612473047
Tahr and Guillemot,N7 9FA,51.548106000000000,-0.122999000000000
Armadillo and Puffleg,W8 9GR,51.498288000000000,-0.198319000000000
Hawk and Marsh harrier,E15 1PN,51.544886325231600,0.000958000000000
Tit-tyrant and Shearwater,W1F 7QB,51.513551226903200,-0.139823279098406
Viscacha and Tattler,NW9 1NY,51.582756000000000,-0.246581000000000
Eagle and Parrotbill,W11 4DG,51.510540752966800,-0.215777191988118
Parakeet and Maya,NW3 7AG,51.556443284515100,-0.194377105060308
Hawaiian honeycreeper and Pratincole,E5 8PJ,51.557872175827600,-0.064585975232644
River dolphin and Diving bird,NW1W 7BY,51.530784525000000,-0.135430053900000
Magpie and Scimitar babbler,E13 9PD,51.523522838086600,0.039148000000000
Nukupuʻu and Mole,IG8 7NX,51.607942965300900,0.041541652716857
Black jay and Partridge,N11 2AR,51.605453368419600,-0.134683090856937
Civet and Meadowlark,N13 4NP,51.613020000000000,-0.120781000000000
Duck and Tit-tyrant,NW3 3PX,51.543980762415800,-0.160432000000000
Tit-tyrant and Moluccan boobook,N1 5RR,51.535748517529000,-0.079237344830923
Ibex and Black cockatoo,EN4 8JU,51.633404951098900,-0.146816216731461
Stint and Night heron,E9 7PQ,51.541499070491400,-0.052560000000000
Piping shrike and Ibex,N22 8JX,51.601028020494100,-0.111558504809813
Kangaroo and Rabbit,NW8 9JT,51.530462089217800,-0.175062312842494
Parrotbill and Guillemot,NW6 4BF,51.540147000000000,-0.193570758000000
Viscacha and Minke whale,NW1 3EF,51.528027640424800,-0.139161217545373
Black cockatoo and Argus,EC1R 4SL,51.524093680268100,-0.111326714731969
Tattler and Mole,E5 9DT,51.562827484595900,-0.049947696881080
Mamo and Magpie,NW7 1GU,51.607685340608800,-0.210469264741028
Magpie and Duck,E4 8ET,51.617140687230400,-0.013919797010314
Fox and Marsh harrier,WC2H 9PZ,51.514539243804400,-0.126192080176090
Badger and Parakeet,N1 9FJ,51.531129763600000,-0.122122819400000
Grouse and Crow,W1D 6AQ,51.512510061940200,-0.132025666183213
Condor and Puffleg,SE16 2DR,51.492352598553700,-0.057537670596255
Meadowlark and Argus,N11 1AS,51.616338831316700,-0.128762262259577
Lemming and Petrel,N17 8FA,51.608236000000000,-0.068655000000000
Philippine hawk-owl and Black jay,N15 4BN,51.588427000000000,-0.070352267603328
Tit-tyrant and Capuchin,W1S 2EH,51.511368033738900,-0.142218041793861
Black cockatoo and Capuchin,N4 2PB,51.566733937408500,-0.093399670808943
River dolphin and Zebra,E2 0HP,51.527005123939300,-0.053439351220418
Armadillo and Civet,NW9 7FB,51.577919000000000,-0.240363000000000
Towhee and Pitohui,N21 1JS,51.640251202092500,-0.110897701521425
Hawk and Chickadee,N12 9NN,51.611987697783700,-0.162420777002091
Partridge and Parrotlet,N1 5PH,51.537296000000000,-0.084724000000000
Ground sloth and American sparrow,SW1W 8JX,51.493010291137800,-0.155065201779524
Petrel and Kangaroo,N1 4BD,51.545595881038500,-0.079269756882870
Black cockatoo and Partridge,WC2B 5AN,51.515911000000000,-0.121815000000000
Armadillo and Pitohui,NW7 2JS,51.612557914027800,-0.247339222233340
Philippine hawk-owl and Civet,E5 0SS,51.556153000901700,-0.037423097894544
Diving bird and Mole,SE8 3QF,51.489411901547600,-0.034327064151798
Ground sloth and Maya,N18 3PE,51.617737988814300,-0.047378033911702
Badger and Fox,W1U 7NN,51.518863398856900,-0.155157000000000
Fish eagle and Meadowlark,N6 6HQ,51.567349548959600,-0.158406216835994
Pheasant and Macaw,EC1N 8SQ,51.519376122239700,-0.107082368129017
Fish eagle and Buzzard,E3 5JN,51.532692524806900,-0.033198462696208
Mamo and Armadillo,E17 8BW,51.575421519085600,-0.031902796449878
Grosbeak and Snipe,NW2 3ED,51.556675655704100,-0.214852329246628
Minke whale and Goose,SW1V 1HJ,51.494024000000000,-0.141713000000000
Viscacha and Booted eagles,SE11 5PR,51.488532212631700,-0.116052020203173
Argus and Grouse,W1T 6PA,51.523067128898300,-0.141641035833857
Quetzal and Wader,W11 1DR,51.517809682249500,-0.200085268495922
Boto and Marsh harrier,W9 1QQ,51.534712072683200,-0.189931087531914
Logrunners and Buzzard,NW6 3AB,51.541569123250800,-0.190827111999894
Tahr and Jerboa,NW3 5LF,51.545703655714900,-0.177336990639242
Fox and Zebra,E16 3LN,51.517877141700600,0.037136612398391
Tahr and Pheasant,EN2 8DF,51.654598479417100,-0.091709557556182
Treepie and Argus,W1U 2SH,51.516187000000000,-0.150688007817124
Cuscus and Mockingbird,IG8 0SD,51.622800613999700,0.023253954518492
American sparrow and Greenbul,E15 3NS,51.536415244100900,0.002953334846725
Black cockatoo and Wader,N7 6EY,51.561333440005300,-0.119453000000000
Logrunners and Stint,N11 2UD,51.609872724119700,-0.136406000000000
Badger and Wallaby,SE11 4RT,51.489382120942400,-0.105732129292937
Jay and Badger,EN1 2FF,51.646695949530400,-0.078035061288775
Crow and Herring gull,E1 6AH,51.518630056683400,-0.077247852483332
Fish eagle and Wader,N10 3HS,51.589382212759500,-0.145923150505037
Herring gull and Parakeet,W1H 6LT,51.514975523508000,-0.155579000000000
Towhee and Old World warbler,E1W 1NT,51.504137337778200,-0.064875211330231
Polecat and Wader,EC1M 4DH,51.522304963745800,-0.103573400859649
Pitohui and Quetzal,E16 1QQ,51.516127503972400,0.021838125321917
Myna and Linsang,W1T 6HW,51.521765674272500,-0.140093983242341
Booted eagles and Old World vulture,N6 6AH,51.564135681518300,-0.149605073245367
Black cockatoo and Jerboa,EC2A 1YQ,51.524501611318500,-0.112088280168721
Grouse and Viscacha,EC2A 2BH,51.522311770547100,-0.086275135959974
Piping shrike and Marsh harrier,SW3 3TB,51.490329942759400,-0.166495555365489
Old World vulture and Egret,SW5 0NT,51.493959166371900,-0.188823113829053
Black cockatoo and Argus,E98 1NP,51.508023187390400,-0.064393533930118
Parakeet and Duck,W6 7AN,51.493817827554300,-0.223676312667242
Armadillo and American sparrow,W1K 2HZ,51.508828252978900,-0.153359897829877
Vole and Duck,N1 0PJ,51.534184876720900,-0.105732000000000
Diving bird and Towhee,W1K 2XE,51.508674668405000,-0.151031595213408
Quetzal and Maya,SW3 3QR,51.490385903930200,-0.167385000000000
Parakeet and Mole,W1G 6QJ,51.521724718630100,-0.148874208750755
Petrel and Maya,EC1V 0EB,51.526036852090200,-0.102050000000000
Bunting and Prion,N4 3QY,51.564364543019900,-0.117074580215093
Maya and Warbler,N2 2FA,51.590698000000000,-0.167600000000000
Kākāriki and Skunk,SE1 7PW,51.497204898867700,-0.109585852727754
Goose and Perching duck,SW1V 1JH,51.492795000000000,-0.139625937462915
Perching duck and Chicken,N22 5TB,51.602569050233800,-0.109530677997666
Mamo and Duck,NW3 5RB,51.550277403519500,-0.173649239261318
Moluccan boobook and Hawk,W11 1AS,51.519115846871600,-0.203752529271810
Macaw and Fulmarine petrel,EC1R 1YA,51.530569289511600,-0.108996000000000
Jay and Flameback,N14 6EB,51.627398000000000,-0.125773288307965
Mouse and Buzzard,SW1X 7PQ,51.502126850580900,-0.162967512338755
Flameback and Hawaiian honeycreeper,N16 9PF,51.552701324158000,-0.085403843638347
Old World quail and Diving bird,NW3 4DG,51.549629587591400,-0.166131700418763
Wallaby and Boto,N16 5QA,51.569475624164100,-0.076805986475073
New World blackbird and Warbler,EN3 4EJ,51.640577000000000,-0.047221000000000
Mink and B,E9 7NB,51.535820367424000,-0.055759687401349
Kangaroo and Vole,W2 3DS,51.513359777311500,-0.180357725332140
Mamo and River dolphin,E5 9AZ,51.571761696105800,-0.069176749877477
Elephant and B,N1 9AG,51.534239000000000,-0.121958632826381
Chickadee and Crow,E5 9BQ,51.565262000000000,-0.051330000000000
Darwin's finches and Elephant,N9 8UF,51.629643358057600,-0.041939684018350
Snipe and Dolphin,NW11 0LA,51.580615509908700,-0.204388417166966
Perching duck and Marsh harrier,IG8 7DH,51.603137669740600,0.032921520656949
Eagle and Mockingbird,NW1 1QP,51.532370000000000,-0.134471000000000
Siskin and Snipe,EC1P 1HU,51.524501611318500,-0.112088280168721
Booted eagles and Boto,EN5 5AQ,51.649732073113600,-0.188114040610800
Tree warbler and Macaw,SE10 0UJ,51.497252000000000,0.012529000000000
Warbler and Linsang,SE1 9AL,51.505476000000000,-0.090055882966627
Mockingbird and Grouse,W14 8BG,51.502926268848100,-0.212962344966783
Tit-tyrant and River dolphin,WC1N 1AL,51.525810077467200,-0.125830313618850
Old World quail and Wader,NW3 2RU,51.554860859939200,-0.167710022272984
Warbler and Grosbeak,NW7 1BA,51.607736235460300,-0.207911058976029
Boto and Cuscus,EC1M 4AS,51.522194363289900,-0.102295066709594
Parakeet and Siskin,N16 6DH,51.575160779531000,-0.064342315654840
Eagle and Magpie,NW7 1GY,51.607928270366500,-0.211658389163138
Meadowlark and Ibex,E9 6FE,51.544242000000000,-0.047296000000000
Maya and Old World quail,W14 0QW,51.494306532598100,-0.212046144027247
Solitaire and Jackal,E1 0DG,51.510602114028600,-0.060465217719756
Condor and Minke whale,W1G 8EH,51.518073480081300,-0.149425833370772
Maya and Mockingbird,EN5 1YZ,51.649821205073300,-0.176445090643670
Siskin and Towhee,SE7 7SW,51.490840000000000,0.025496389509381
Parrotlet and Puffleg,NW1 7BA,51.538887178962100,-0.149749703414165
Songlark and Fox,N7 6DP,51.557963283317900,-0.113241928544268
Quetzal and Rat,E1 4DZ,51.525472000000000,-0.049295000000000
Francolin and Hawaiian honeycreeper,N13 5LX,51.621173607994300,-0.091147493241937
Piping shrike and Chicken,EN5 2NS,51.644290000000000,-0.206740117109560
Egret and Ground sloth,W1U 4HL,51.520288593067200,-0.155894520040261
Towhee and Pheasant,W1G 6LX,51.520947977174200,-0.149799401697912
B and Macaw,N9 9JR,51.636031930499500,-0.079743186062801
Tattler and Mink,NW1W 7RE,51.530784525000000,-0.135430053900000
Mouse and Maya,W1W 7PF,51.518040763749900,-0.140534003647437
Minke whale and Thicketbird,IG9 5JW,51.623815870715800,0.026434204830725
Cuscus and Scimitar babbler,E10 6JB,51.571962433651100,-0.003868768148694
Zebra and Ibex,E7 9HR,51.542913645657400,0.017314271062083
Coati and Old World vulture,N1 8HD,51.533205501090800,-0.098117204346687
Meadowlark and Vulture,NW7 1EZ,51.619216278890900,-0.223681105850290
Hawaiian honeycreeper and Flameback,W1C 1LG,51.514042257444700,-0.155541479596602
Hawaiian honeycreeper and Stint,E16 1YD,51.514902000000000,0.009070000000000
Ice seal and Pitohui,N17 0TX,51.606019000000000,-0.065124000000000
Badger and Linsang,EC1A 7BG,51.518578000000000,-0.099220000000000
Herring gull and Hawaiian honeycreeper,E8 1BY,51.545760178019700,-0.066084000000000
Marmoset and Guillemot,NW1W 8TG,51.530784525000000,-0.135430053900000
Eagle and Recurvebill,EN2 6ES,51.646973314372300,-0.080148149220634
Songlark and White ibis,N11 3JE,51.614229131871500,-0.154544941887076
B and Civet,NW2 2JT,51.561456467183100,-0.198174869962215
Tree warbler and Argus,W1T 3PN,51.518562000000000,-0.139864000000000
Condor and Wader,E17 9PA,51.580721000000000,-0.013753291388760
Mamo and Kestrel,IG8 8QS,51.593519853339900,0.047160838251444
Ibex and Asiatic leopard,NW4 1NY,51.597076333723800,-0.216502856174794
Mole and B,W1F 0RJ,51.512103643783600,-0.134175221246161
Fulmarine petrel and Petrel,W11 1UE,51.516342223729600,-0.212912942269434
Grosbeak and Civet,NW6 5FF,51.533428742800000,-0.201689734100000
Dolphin and Marmoset,E1W 3DJ,51.509356358023600,-0.051496860792277
Maya and Fish eagle,W1T 4EU,51.521602794381100,-0.136064508908926
Peafowl and Asiatic leopard,SE1 9TG,51.507617000000000,-0.099399000000000
Old World quail and Treepie,EN5 4NR,51.656766139820300,-0.211717200270837
Treepie and American sparrow,E15 2HX,51.538017000000000,-0.007653139313567
Gull and Vole,NW1 8UR,51.542182970032000,-0.156321863469677
Buzzard and Black jay,EC1P 1UJ,51.524501611318500,-0.112088280168721
Greenbul and Stilt,W1J 0DW,51.509264703174800,-0.137173365694673
Old World quail and Stint,E3 4PE,51.526627581260900,-0.036184553015934
Duck and Herring gull,W1F 7FD,51.513082973917300,-0.139121820712104
Cuscus and Old World quail,NW5 4SF,51.552953000000000,-0.156060000000000
Tahr and Hawk,EC1P 1GR,51.524503057780500,-0.112088284788377
Masked owl and Capuchin,WC2R 1ES,51.512186665441900,-0.116863341878867
Magpie and Argus,E11 3FE,51.562296472567400,0.010885904337806
Elephant and Rat,W14 9DU,51.489864224163000,-0.210448000000000
Duck and Chipmunk,W1T 5DF,51.523240583844700,-0.137741937206509
Crow and Diving bird,SE18 5SX,51.494449711048900,0.047026407877610
Grosbeak and Gull,E15 4DT,51.542199410152800,0.007577024965364
Nukupuʻu and Kākāriki,IG8 7RB,51.612309101810100,0.040235412565855
Skunk and Booted eagles,N5 1JS,51.549124022101700,-0.099890963675150
Badger and Mole,EN1 4US,51.662263805481000,-0.061745689261121
Stilt and Siskin,EC2A 3BX,51.526212755922100,-0.080662232869860
Siskin and Francolin,E14 7BW,51.516562106797900,-0.028517269490428
Civet and Tattler,N11 3BP,51.609963762558100,-0.151497219938319
Fox and Bunting,N16 5BS,51.567342084818300,-0.083259327670134
Lemming and Parrotbill,E18 1NR,51.586829933950500,0.033160625428547
Myna and Recurvebill,NW1W 9HS,51.530783041088500,-0.135430048905449
Chickadee and Prion,N15 5NS,51.584855000000000,-0.076835000000000
Armadillo and Booted eagles,N1P 2UH,51.538645000000000,-0.103543000000000
Pheasant and Kite,NW7 2PL,51.610742445114200,-0.224069677833379
Stint and Mink,EC3M 1HD,51.510370579573700,-0.083028668586472
Guillemot and Nukupuʻu,NW2 3HB,51.553403367630500,-0.210191470844076
Old World vulture and Wallaby,WC1N 3PB,51.521028420433900,-0.118675222185858
Grackle and Herring gull,NW1 9ET,51.543392000000000,-0.137514000000000
Treepie and Tree warbler,W9 2PF,51.521641576920300,-0.183242086452102
Kangaroo and Black jay,NW1 1PU,51.532222890351200,-0.133799648947694
Scimitar babbler and Parrotbill,W9 4GF,51.498289000000000,-0.198295000000000
Mockingbird and Treepie,W1K 5JL,51.513218631101600,-0.148829995323682
Cuscus and Eagle,N20 0XZ,51.620457594733400,-0.161789718963667
Old World warbler and Wader,NW8 8HH,51.522978808361200,-0.172651469829077
Pheasant and Grackle,E1 8JH,51.510532552640300,-0.064964505645500
Siskin and Chickadee,N16 5NQ,51.568479107859200,-0.082951771590159
Philippine hawk-owl and Philippine hawk-owl,NW3 5DL,51.544556801659600,-0.175291648026798
Siskin and Chickadee,EC2Y 5BL,51.518186000000000,-0.094582721259119
Bronzewing pigeon and Stilt,N1 3AA,51.540573347216800,-0.094421162281478
Magpie and Thicketbird,NW2 3EP,51.554178300977100,-0.212065133308548
Ibex and Tahr,W1F 8AJ,51.514484089923400,-0.135144472252430
Boto and Tree warbler,N1 2TF,51.537177033295000,-0.102364068475371
Rabbit and Piping shrike,E1W 1UE,51.505257610526400,-0.070101680685646
Zebra and Old World quail,E16 2DT,51.502277333164800,0.048861304579379
Towhee and Nukupuʻu,W1K 2RA,51.508493891393400,-0.151543281926128
Solitaire and Parrotlet,W1G 8NP,51.519923000000000,-0.150850000000000
Booted eagles and Mamo,N21 3HS,51.629208214437400,-0.091417084032796
Cloud rat and New World blackbird,EN2 8PX,51.659787695902300,-0.097289452973177
Petrel and Goose,W9 2ND,51.528165082050800,-0.192814584407702
Warbler and Parrotbill,E14 8BP,51.508544472166600,-0.033028114623282
Egret and Francolin,W1U 2SE,51.516251544151900,-0.150220327312523
Tree warbler and Old World warbler,EC1M 4DS,51.522410839756100,-0.102891497192532
Bunting and Jerboa,N9 0XD,51.625446322052000,-0.044244218746836
Vulture and Ground sloth,E8 1EE,51.543913938928200,-0.055775253712812
Wader and Macaw,NW2 2BG,51.564248330300000,-0.197761588000000
Thrasher and Logrunners,SE8 3QL,51.488635469932500,-0.034144392598261
Zebra and Boto,NW2 3ES,51.554141867719400,-0.210854875479497
Siskin and Songlark,E1W 3DX,51.510301869335700,-0.048329270441543
Black cockatoo and Mole,W1W 7GB,51.517392680881200,-0.142102692339440
Treepie and Siskin,W1D 3BZ,51.515136603454600,-0.133200940444442
Civet and Rabbit,N14 4AT,51.644780717381100,-0.138101000000000
Chickadee and Dorcopsis,E7 8QQ,51.542944464036300,0.043379000000000
Logrunners and Cloud rat,N17 6TE,51.594327383056900,-0.076045158430905
Kākāriki and Mink,E1W 3RD,51.506667121258800,-0.055804939029380
Skunk and Capuchin,NW2 4QT,51.549185000000000,-0.221261000000000
Maya and Tattler,SE1 4RF,51.493829340717300,-0.084442996029304
Mink and Mockingbird,SE16 5LQ,51.501905999385100,-0.036671198875898
Ground sloth and Jackal,E12 5EF,51.563169724907600,0.040963893754229
Skunk and Fox,N1 7SX,51.533140631506000,-0.094673909330596
Bronzewing pigeon and Darwin's finches,W10 6EG,51.520228352196200,-0.212414885914486
Pheasant and Thicketbird,N1 3HU,51.545446679853700,-0.083343136171428
Siskin and Rabbit,N8 0AG,51.584236054176300,-0.101890799987390
Night heron and Parakeet,W1B 5SQ,51.511475221911500,-0.138887000000000
Bronzewing pigeon and Triller,N3 1QT,51.604038000000000,-0.194150000000000
Black cockatoo and Boto,W1H 7DP,51.513998217946800,-0.159607510979338
Logrunners and Partridge,W1H 6LJ,51.516450786658000,-0.156020704570541
Macaw and Perching duck,SE17 3FD,51.488600000000000,-0.097269000000000
Kangaroo and Hawk,NW6 7RB,51.541102461130100,-0.199467000000000
Civet and Boto,SE16 7WB,51.493515868777400,-0.044205909092297
Pheasant and Snipe,N7 6QP,51.558817705552800,-0.116048586165442
Pratincole and Bronzewing pigeon,W1K 2LY,51.510615797048600,-0.153806419442949
River dolphin and Ground sloth,IG9 5RB,51.632705139411100,0.040543000000000
Polecat and Warbler,W2 2YE,51.513950318370400,-0.165734634370791
Mamo and Grackle,EC2A 3EZ,51.524353831488500,-0.079169095684265
Masked owl and Triller,N14 4AE,51.642750228601000,-0.137864525873260
Puffleg and Recurvebill,EN2 8QG,51.659725637108700,-0.097899312696570
Argus and Dolphin,W6 0YE,51.496781322015800,-0.244911793914134
Kite and Treepie,NW6 5LD,51.529855178371200,-0.194535390167586
New World blackbird and Kestrel,NW4 2EA,51.586021651540000,-0.220443463109841
Thicketbird and Booted eagles,N12 2FG,51.616854000000000,-0.180703000000000
New World blackbird and Pitohui,E2 9NW,51.531896334594300,-0.056647791884719
Magpie and Grosbeak,E16 1XN,51.510650000000000,0.012659000000000
Mouse and Gull,N8 7AF,51.590469464434700,-0.122116417993776
Hawaiian honeycreeper and Grouse,W14 0HY,51.497046000000000,-0.219445000000000
Boto and Warbler,SW1V 2QP,51.489532000000000,-0.134650000000000
American sparrow and Myna,N9 7DJ,51.639357894278700,-0.049123088819433
Chipmunk and Civet,W1G 8AB,51.520025316061900,-0.148885461009522
Buzzard and Wallaby,E10 5AH,51.572822505257200,-0.011623902936710
Mamo and Civet,WC2H 9EG,51.512787508630400,-0.127431328794675
Stint and Songlark,E8 2LF,51.549380613404000,-0.074812125845243
Tit-tyrant and Warbler,W1T 2PB,51.519897147831600,-0.133986441734108
Stilt and Parrotbill,N1 3HE,51.541097169945900,-0.091241096967476
Grackle and Tree warbler,W9 2LY,51.529243737367300,-0.193954065465037
Goose and Asiatic leopard,E8 2LX,51.547748410444500,-0.074291000000000
American sparrow and Diving bird,NW6 1TF,51.551896793437500,-0.194802000000000
Dolphin and Capuchin,NW1W 8DN,51.530783041088500,-0.135430048905449
Peafowl and Francolin,E11 4AZ,51.568072964544700,0.006422353025519
Mockingbird and Skunk,IG8 0SX,51.616485254469000,0.017657278696431
Kangaroo and Recurvebill,SW1X 9EN,51.497514087138300,-0.157260506152777
Fish eagle and Prion,W1D 7NE,51.510926160086900,-0.134208919137779
Mouse and Peafowl,W1F 8AZ,51.515665806984000,-0.135283639917495
Pratincole and Elephant,NW8 0QJ,51.538188840581900,-0.180997051865641
Old World vulture and Chickadee,W1W 6TJ,51.519849373427100,-0.140604479312163
Puffleg and Vulture,W6 6BW,51.492364569747800,-0.238815133557647
Egret and Night heron,NW11 7SR,51.569060501527800,-0.186272846933856
Minke whale and Kite,W8 5RY,51.500546000000000,-0.193115000000000
Marsh harrier and Polecat,W1U 7HD,51.518231300988400,-0.154305643412395
Jay and Nukupuʻu,SE17 1PA,51.492922700906400,-0.088399359208423
Linsang and Fish eagle,E7 8JG,51.544200000000000,0.031971108266903
Kangaroo and Civet,W8 6DL,51.495101816279400,-0.197032583952617
Stilt and Polecat,N22 6QT,51.594047570782000,-0.096385287537921
Chicken and Meadowlark,NW2 6DG,51.554830014002000,-0.218256774737256
Grouse and Greenbul,EC4Y 1PB,51.513998675196900,-0.105417285996821
Night heron and Polecat,N5 2LD,51.558571336937300,-0.091346278884610
Kangaroo and Boto,SE1 4TE,51.496091704765400,-0.085313398671867
Tahr and Eagle,NW2 2LL,51.564520985722400,-0.200982643296121
Shearwater and Mouse,WC1N 2JS,51.523506743991500,-0.116208965675412
Stint and Snipe,SE1 8QP,51.500824727631100,-0.106540020481943
White ibis and Rabbit,NW10 3AX,51.536618787255000,-0.230027607510249
Puffleg and Wader,W1T 2PJ,51.519647532289000,-0.134688519952389
Thrasher and Magpie,SE10 1DE,51.489387498200000,0.018004312100000
Coati and Meadowlark,W1T 6DG,51.522751080748600,-0.141132000000000
Fulmarine petrel and Mockingbird,NW1 8LD,51.540261540349100,-0.151366746155379
Francolin and Fox,IG9 5LN,51.626748216032700,0.040406385911076
Cuscus and Myna,E8 3HR,51.542890756890400,-0.070978000000000
Hawaiian honeycreeper and Partridge,E1 8QU,51.514583000000000,-0.068802000000000
Jackal and Stint,E8 2NG,51.546806000000000,-0.070219000000000
Polecat and Prion,NW1 1PW,51.530783041088500,-0.135430048905449
Gull and Jackal,EC1V 4NB,51.526484341810600,-0.104553050590542
Mouse and Triller,EN4 8BL,51.646755506483300,-0.167677000000000
Marmoset and Gull,NW1 6JF,51.521376000000000,-0.164355000000000
Guillemot and Zebra,N17 0UN,51.605353000000000,-0.049792137905378
Kākāriki and Armadillo,E15 4NH,51.544819690195300,0.008427899364235
Minke whale and Diving bird,N2 0XF,51.590766754300000,-0.167564968700000
Stilt and American sparrow,N9 8RD,51.630525462608700,-0.053345605447708
Cuscus and Mole,N19 5QT,51.564862000000000,-0.134657000000000
Petrel and Stint,NW3 6HQ,51.552080972148300,-0.186731913565027
Zebra and Old World vulture,NW2 5AE,51.548186910928500,-0.225525858847479
Mockingbird and Marmoset,N20 2DN,51.629749000000000,-0.173771000000000
Greenbul and Solitaire,N14 6DH,51.629149631701100,-0.127989508996193
Duck and Siskin,NW8 6QB,51.536466025533700,-0.169097709056161
Kangaroo and Old World quail,W2 6EJ,51.516033163854400,-0.184589451236546
Warbler and Egret,E4 9JF,51.610672530825200,-0.002113226105691
Condor and Solitaire,EN1 1LH,51.646710960294400,-0.068537834646952
Goose and Skunk,W11 4RA,51.508105668181600,-0.212356211651803
Pratincole and New World blackbird,N11 2BQ,51.609352000000000,-0.123619000000000
Siskin and Solitaire,E6 3AG,51.531769587055500,0.053561000000000
Logrunners and Myna,W1K 5SH,51.513697867250800,-0.147383696405389
Masked owl and Greenbul,W1J 9EZ,51.508881606008300,-0.136480000000000
Ice seal and Kangaroo,E14 9UZ,51.492320197314200,-0.019580229877850
Viscacha and Gull,NW3 4UJ,51.546667362199200,-0.163020156958651
Mockingbird and Rabbit,E6 5SR,51.513978429119900,0.045682292246018
Siskin and Kite,N2 9JE,51.588961622881600,-0.159192502394824
Maya and Jerboa,W3 7SL,51.505778269091600,-0.247620934425529
Fox and Prion,NW1W 7GR,51.530784525000000,-0.135430053900000
Piping shrike and Parrotlet,W10 5XU,51.523335910006000,-0.212754479251178
Bunting and Tattler,SW1P 2LX,51.493249724058000,-0.133259682978393
Diving bird and Black jay,N10 3SD,51.590730741673200,-0.142490089796741
Maya and Jay,EC2N 2DL,51.516246174237700,-0.086543800198318
Tahr and Vulture,NW5 2SB,51.551041000000000,-0.132373246913011
Herring gull and Fulmarine petrel,N12 8DR,51.613515734318900,-0.182594738096734
Viscacha and Black jay,NW1 9YJ,51.542090314615100,-0.126632457255478
Kite and Crow,N14 5LD,51.638760237061100,-0.142002228348941
Vulture and Stint,N4 3HP,51.563795673127100,-0.108542231867008
Peafowl and Kite,N1P 2QS,51.538645000000000,-0.103543000000000
Snipe and Booted eagles,E17 4DT,51.598771068549600,0.000252248590363
Towhee and Diving bird,N7 9UN,51.542826874492200,-0.119005000000000
Coati and Crow,SW1P 1QW,51.495074317518200,-0.138861227538139
Wader and Bronzewing pigeon,E3 4NE,51.525915537161200,-0.024840771940454
Badger and Darwin's finches,N21 1DY,51.645230734438100,-0.102394157794313
Rabbit and Jay,N9 0JA,51.627009939821300,-0.055547749969398
Skunk and Elephant,E8 4NL,51.538932621979700,-0.067783364946326
Old World vulture and Thrasher,NW6 4DX,51.539772191996200,-0.188014307317386
Recurvebill and Kangaroo,SE1 3QG,51.501797571635100,-0.085592956846398
Bunting and Ibex,E17 5SS,51.601728927777800,-0.036989228296919
Piping shrike and Jackal,SE18 5TS,51.493022000000000,0.040278000000000
Hawaiian honeycreeper and Ground sloth,N20 0QB,51.624342139450100,-0.176888000000000
Capuchin and Gull,E13 9GD,51.532262000000000,0.038527000000000
Quetzal and Grosbeak,N17 1FJ,51.593862000000000,-0.071579000000000
Greenbul and Cuscus,N16 7EH,51.562256891206300,-0.066001274782117
Kākāriki and Fish eagle,E16 3HU,51.512556054114400,0.037504514867484
Masked owl and Argus,E17 6GN,51.589103138991800,-0.026706424326559
Bronzewing pigeon and Partridge,EN3 4PX,51.642488355270000,-0.037958000000000
Peafowl and Magpie,N1P 1GW,51.538645000000000,-0.103543000000000
Zebra and Dorcopsis,N14 4PX,51.640813505649200,-0.142192896529610
Stint and Viscacha,SE1 3NY,51.498533023487800,-0.074592754912922
Gull and Old World warbler,NW8 8SD,51.526183530652500,-0.169985940494534
Puffleg and Fulmarine petrel,N5 1NS,51.552495828759400,-0.104871164295248
Guillemot and Chicken,W12 9RS,51.502019069311900,-0.245937000000000
Old World quail and Dolphin,W1U 3HX,51.517472984837700,-0.152404910359583
Hawaiian honeycreeper and Mink,SW3 3PS,51.491439637597800,-0.168453343423286
Elephant and Dolphin,SE16 2HN,51.493390220846000,-0.058833312269027
Puffleg and Egret,N7 0HB,51.556599411688200,-0.129152304701159
Wallaby and Jay,NW6 6BF,51.533704000000000,-0.203813000000000
Logrunners and Ibex,N2 9BE,51.593684557608000,-0.167360852003891
Old World quail and Wader,SW1W 9TJ,51.491941000000000,-0.148756000000000
Argus and Nukupuʻu,SE1 7JW,51.495543422596300,-0.116425649028474
Pheasant and Fish eagle,W1B 4NF,51.513304459397200,-0.141274537165805
Minke whale and Booted eagles,E17 6JW,51.590853000000000,-0.036650000000000
Fox and Linsang,E3 3LL,51.522926165990700,-0.012371136968768
Boto and Tattler,E14 6AP,51.513568274082300,-0.015761885530594
Parrotlet and Duck,NW1 7TS,51.538849845837800,-0.150803885579240
Treepie and B,EC3N 3ED,51.512120000000000,-0.078286000000000
Mink and Hawk,N14 6DY,51.627259692283300,-0.129020889038198
Kestrel and Mockingbird,W9 2DL,51.524823000000000,-0.195253000000000
Old World warbler and Hawk,E4 8LG,51.615933306074100,-0.019100413491300
Vole and Fish eagle,SW7 1JP,51.500446722905300,-0.167660025138962
Prion and Snipe,SE1P 4LN,51.492762382100000,-0.080151676700000
Goose and Crow,EC3N 2LB,51.511473000000000,-0.076713000000000
Badger and Rabbit,SE1 6BA,51.496050000000000,-0.099252280519935
Condor and Flameback,N22 8LR,51.605738894272200,-0.112604995791842
B and Duck,W6 0RF,51.493521996614300,-0.237445208076493
Marsh harrier and Moluccan boobook,SE1 2PY,51.501958961464000,-0.072935453736776
Grosbeak and Asiatic leopard,N1 9DP,51.532352496280400,-0.119952973431825
Tahr and Zebra,SE1 5UB,51.489266500438800,-0.079275749150611
Diving bird and Piping shrike,EC2A 2EH,51.519640439809200,-0.080350000000000
Parrotbill and Rat,W1K 2HB,51.508564603092700,-0.152606799739645
Kākāriki and Elephant,N9 9HT,51.635132515637500,-0.082483471840980
Minke whale and Viscacha,W1T 1QR,51.517728430504800,-0.133325581502610
Rabbit and Myna,E2 9BG,51.534349938158700,-0.063089450123143
Grouse and Thrasher,E1W 9PZ,51.519019000000000,-0.058106000000000
Peafowl and Old World quail,EN4 8LF,51.635117083371200,-0.147613466664191
New World blackbird and Elephant,E2 9LT,51.531203365549800,-0.053535000000000
Cuscus and Viscacha,E1 3HF,51.517917927249500,-0.052616082798675
Cloud rat and Parakeet,SW1X 8JT,51.499098028741000,-0.157340695219653
Capuchin and Petrel,NW8 8JD,51.525715186133900,-0.176290057735319
Prion and Lemming,NW2 5PR,51.549574659815700,-0.238250957106182
Fox and Crow,EC2R 6AD,51.515542026935200,-0.089686487459921
Peafowl and New World blackbird,IG4 5JT,51.580991678944600,0.046727614184028
Buzzard and Guillemot,NW1W 8LZ,51.530784525000000,-0.135430053900000
Kite and Dolphin,NW3 2EG,51.548267290252000,-0.156667254415987
Mole and Asiatic leopard,W1G 6PS,51.520932340653800,-0.151659498927081
Jay and Tit-tyrant,EC4Y 8AX,51.513667000000000,-0.108251875241876
Eagle and Booted eagles,W1T 4PJ,51.519964641955100,-0.136534990724002
Chipmunk and Badger,N7 0BT,51.549978541170000,-0.130693220981195
Diving bird and Parakeet,IG8 8HX,51.604497756143200,0.051914804602305
River dolphin and Partridge,NW10 5SU,51.532640463934000,-0.229187076512300
Asiatic leopard and Asiatic leopard,W1T 4JD,51.519920494939300,-0.137718753127948
Armadillo and Parrotbill,W8 7DL,51.500036000000000,-0.196745099801031
Jay and Macaw,NW3 9FU,51.554291356224900,-0.173863515328332
Greenbul and Guillemot,W11 3BL,51.511723344233400,-0.200771920397059
River dolphin and Grackle,W1T 4PP,51.520276596077400,-0.136925856398505
Bunting and Pitohui,N4 2HE,51.569794843924700,-0.094643000000000
Marmoset and Bronzewing pigeon,W1B 2EZ,51.515960000000000,-0.142478000000000
Peafowl and Masked owl,N1 2QZ,51.545443346581200,-0.088650688617450
Pheasant and Pitohui,NW2 6EG,51.564980535435800,-0.230614584586738
Mink and Polecat,W1F 8DZ,51.514596619443700,-0.136566711070681
Condor and Grackle,SE1 8AP,51.505078930384300,-0.107141784996606
Meadowlark and Wallaby,NW6 3AD,51.541795253060300,-0.191495929255705
Skunk and Ground sloth,E17 9SE,51.584411195624800,-0.016776440059006
Capuchin and Capuchin,SW1W 0EX,51.498038963581700,-0.145725000000000
Mink and Coati,E11 3HG,51.560936000000000,0.009989000000000
Kite and Stilt,WC2H 9EE,51.514573828680800,-0.124980012296951
Chicken and Rat,E17 3EP,51.587534958022100,-0.009537992249583
Mouse and Old World vulture,N22 8HS,51.601788517283100,-0.112436681074469
B and Pratincole,N22 6QY,51.593586784311900,-0.095697112881796
Piping shrike and American sparrow,W10 4JB,51.529660669428400,-0.208830443201360
Kangaroo and Asiatic leopard,N22 5NX,51.599930221027300,-0.109279282459749
Badger and Bunting,E14 0ET,51.509353466431600,-0.011146146204776
Solitaire and Chicken,NW10 5NH,51.532351167616000,-0.235051973642551
Herring gull and Philippine hawk-owl,N12 0AG,51.606087757840600,-0.160637208491781
B and Minke whale,EC4M 7AW,51.514223000000000,-0.103088000000000
Bronzewing pigeon and Thicketbird,EN5 2UT,51.643893284529600,-0.201383738957702
Black cockatoo and Tit-tyrant,W11 2RW,51.514798136036000,-0.198241000000000
Hawaiian honeycreeper and Stilt,SE1P 5YX,51.492762382100000,-0.080151676700000
Kākāriki and Parrotbill,N21 2LN,51.639427508596600,-0.092765637934599
Rabbit and Elephant,WC1B 5AF,51.521116549991200,-0.123316000000000
Civet and B,NW9 5QU,51.601997188346300,-0.242273133823910
Greenbul and Thicketbird,N18 2NY,51.615417010769500,-0.051652134888007
Kestrel and Ice seal,W2 6PJ,51.521441513725600,-0.186003226499683
Vole and Fulmarine petrel,W1J 8LD,51.507185048547600,-0.143829203866012
Meadowlark and Vulture,SW1V 1QL,51.491335820339800,-0.143551098058004
Solitaire and Flameback,N1 5EZ,51.538460081200000,-0.085496935500000
Condor and Tit-tyrant,NW4 4BD,51.588307349308400,-0.228107000000000
Kākāriki and Gull,N3 1AX,51.609578163218900,-0.191980729864588
Booted eagles and Warbler,NW1 5DE,51.520720626914900,-0.167970714533892
Siskin and Egret,SE10 0YD,51.502521000000000,0.006292000000000
Recurvebill and Puffleg,WC2B 6JR,51.515539671730500,-0.118469004397823
Black jay and Mole,N18 2LG,51.613177224760500,-0.055951212229706
Viscacha and Darwin's finches,W14 8JB,51.498319970814400,-0.209872082826034
Dorcopsis and Thicketbird,E1 6DW,51.519783866662300,-0.076362000000000
Solitaire and Marmoset,E3 4BF,51.519824945011200,-0.023086301010539
Mouse and Kite,E7 0EG,51.552757972270500,0.024774692829260
Kākāriki and White ibis,E6 1LZ,51.531892503858900,0.045649078132226
Prion and Peafowl,E16 3EJ,51.513032783685100,0.023835000000000
Old World quail and Skunk,E1 0JR,51.511896426207500,-0.044182583414493
Ibex and Pratincole,EN2 8RX,51.662018000000000,-0.095591000000000
Pitohui and Myna,E14 3PB,51.497910912770800,-0.009857797598665
Buzzard and Snipe,E6 3PX,51.522523697387400,0.052249431271252
Buzzard and Meadowlark,E17 3LT,51.587763000000000,-0.001199000000000
Myna and Kākāriki,SW1V 2RF,51.492343323452500,-0.136768423006884
Condor and Francolin,EN3 4BD,51.641180890115300,-0.053137000000000
Ground sloth and Mockingbird,NW7 2LL,51.609331427275900,-0.240242348839899
Magpie and Triller,E14 3SN,51.494558426342900,-0.025389826740354
Kite and Ibex,E14 9HR,51.499802000000000,-0.017368000000000
Darwin's finches and B,E8 1DQ,51.546798782477400,-0.065459773472119
Darwin's finches and Buzzard,NW1 0SS,51.541694320608900,-0.136209872726543
Ibex and Rat,NW2 6JE,51.558965948674100,-0.246875663669209
Black jay and Thicketbird,E2 6EH,51.523506037700500,-0.069705023247214
Jay and Fox,SE17 1AZ,51.493066000000000,-0.098261000000000
Badger and Hawaiian honeycreeper,N1 9UU,51.534757292058800,-0.116825923403244
Vole and Scimitar babbler,E18 1QB,51.586445759852600,0.026777402960795
Thrasher and Stilt,N7 9SB,51.555904763276300,-0.117207596303407
Herring gull and Scimitar babbler,N1 7HR,51.532113485167600,-0.092337813807299
Linsang and Cuscus,W1T 4QQ,51.520494398050800,-0.136484537692942
Puffleg and Prion,N15 6SJ,51.577659209905600,-0.084528313499686
Ice seal and Old World vulture,NW6 4HY,51.539551000000000,-0.194599000000000
Cuscus and White ibis,W14 0EB,51.501047282742400,-0.217718462351393
Polecat and Moluccan boobook,EC1A 4EE,51.515513934121300,-0.097009000000000
Pitohui and Tahr,EN4 8BP,51.645009619028900,-0.167734647787326
Recurvebill and Mole,EC4Y 1AE,51.513989076456700,-0.106135000000000
Francolin and Viscacha,EN1 3DH,51.655330873976600,-0.073780775127921
Maya and Mole,IG10 4PW,51.635769985224100,0.044929902406778
Nukupuʻu and Ice seal,N17 6QL,51.591587364949200,-0.070184034724206
Polecat and Pheasant,W9 3BD,51.526557808797100,-0.204093978809764
Dorcopsis and Puffleg,W2 3UR,51.514853377170000,-0.177516597259882
Nukupuʻu and Prion,N6 4QX,51.579238345916700,-0.152166923910172
Flameback and Treepie,W1U 6BA,51.520155640638500,-0.158307060121074
Argus and Mole,N16 5JS,51.572859152293200,-0.079145310330419
Scimitar babbler and Kite,WC1X 9PT,51.528466225553600,-0.113697557024495
Vulture and Marsh harrier,E3 4NS,51.525996670656600,-0.023784871900684
Tattler and Masked owl,W1G 8QB,51.518742156310400,-0.147351975431457
Eagle and Elephant,NW4 3AR,51.580587914900000,-0.231480699900000
Mink and Tattler,N8 9JY,51.579951566472600,-0.114467454052983
Fox and Francolin,E17 6PJ,51.585086299316600,-0.027486680775597
Kestrel and Grosbeak,N8 8SH,51.581976991148900,-0.122452122268048
Herring gull and Myna,IG8 7RN,51.614862364344600,0.041823264809575
Bronzewing pigeon and Ibex,SW7 4DU,51.494370522322700,-0.187510270011777
Jerboa and Old World quail,N1 3HN,51.546192700870600,-0.084422321991164
Mamo and Scimitar babbler,N12 7ES,51.620736836565000,-0.190179315873353
Rat and Grouse,NW8 8NS,51.525615969158400,-0.173958649224218
Chicken and Scimitar babbler,W1H 2HN,51.519370893467600,-0.161019709625705
Flameback and Philippine hawk-owl,NW6 1SB,51.547367903128400,-0.190741324551097
Herring gull and Pitohui,E17 5QG,51.597432264612000,-0.041939342400298
Thicketbird and Lemming,E6 5SG,51.515050998710100,0.047604035427716
Rabbit and Pheasant,NW6 7TS,51.541418000000000,-0.208470000000000
Zebra and Civet,E15 2RA,51.538022000000000,-0.002471000000000
Civet and Grackle,N6 4TB,51.586316388899500,-0.157379548500724
Cloud rat and Chicken,E3 5HD,51.532141071489800,-0.028204693396402
Chickadee and Prion,E9 5TG,51.548263742783600,-0.035108747685671
Towhee and Cuscus,EN5 5NE,51.653336509105600,-0.185107941407804
Shearwater and Triller,SW1H 9JY,51.499341098216300,-0.132909944301436
Partridge and Ice seal,N17 8AU,51.602309281065200,-0.074740278197220
Flameback and Old World vulture,W8 7RG,51.500004000000000,-0.196993430885228
River dolphin and Badger,SE1 8LP,51.503508000000000,-0.106750643309293
Elephant and Kite,SE10 0BS,51.494444698098400,0.012508381797694
Hawaiian honeycreeper and Mole,E3 2BA,51.529092430443900,-0.026591934157023
Egret and Kākāriki,N13 6AU,51.607554464531900,-0.097510051093797
Pheasant and Kestrel,E2 8EG,51.534285012079300,-0.074987731979218
Black cockatoo and Hawaiian honeycreeper,N16 8UF,51.552857454760600,-0.081199709473603
Recurvebill and Puffleg,N16 0PG,51.560817569422600,-0.074170436190350
Songlark and Guillemot,N15 9DQ,51.560837000000000,-0.131246000000000
Herring gull and Fulmarine petrel,SE11 5EZ,51.488621303463900,-0.119361338411882
Shearwater and Tahr,SE16 7LN,51.500196595573400,-0.052262186916911
Vole and Asiatic leopard,E3 4HQ,51.521354786709100,-0.031092402604106
Mamo and Towhee,SE1 4RD,51.493691000000000,-0.083037000000000
Greenbul and Fish eagle,E15 1SQ,51.549178411917500,0.005432233424046
Marsh harrier and Wader,SE1P 4DB,51.492762382100000,-0.080151676700000
Old World quail and Wallaby,W1B 5DQ,51.510390570723000,-0.135023414146047
Ground sloth and Thicketbird,NW8 9XX,51.531029033533700,-0.183199993879762
Gull and B,EC1V 3XZ,51.524501611318500,-0.112088280168721
Bronzewing pigeon and Rabbit,E14 3DN,51.488708486190100,-0.008097883105750
Buzzard and Guillemot,E4 7EP,51.632171900644300,0.001157829082070
Chicken and Kestrel,EN4 0NR,51.663137849899200,-0.176966019735476
Scimitar babbler and Towhee,NW10 1AQ,51.549584000000000,-0.239996000000000
Coati and Mole,N11 2TG,51.610248535114300,-0.123538906464068
Nukupuʻu and Ice seal,SW3 4SW,51.489758000000000,-0.158543000000000
Goose and Prion,EN5 2PR,51.643399242977300,-0.209656052535275
Civet and Thicketbird,N15 6JN,51.579559839651800,-0.072642089525427
Mockingbird and Francolin,NW7 2XD,51.615469131180800,-0.241174947996936
Booted eagles and Prion,N9 9UY,51.622776381554900,-0.064367990008375
Philippine hawk-owl and Chickadee,N11 1LR,51.626453555189900,-0.146796088568446
Jackal and Treepie,N1 0GG,51.537728000000000,-0.120315344558627
Puffleg and Old World vulture,EC4V 2AR,51.511528533582700,-0.095042559752178
Elephant and Masked owl,IG1 3UA,51.573963859862300,0.046989144191800
Maya and Pratincole,EC4N 5AF,51.511614000000000,-0.089687091990087
Siskin and Cuscus,W2 6AH,51.517769556553100,-0.183277000000000
Maya and Eagle,EC1P 1DP,51.524501611318500,-0.112088280168721
Asiatic leopard and Rabbit,W10 5LP,51.522716900888300,-0.212850789166451
Pitohui and Guillemot,IG1 3NH,51.571916403610300,0.053001457058399
Black cockatoo and Old World quail,W1J 6HE,51.510706298605700,-0.145862179989102
Egret and Piping shrike,E2 9SW,51.534507767803100,-0.061756211063693
Greenbul and Crow,W14 8UJ,51.491852701610800,-0.205054809325144
Moluccan boobook and Mole,W1H 5LP,51.518934000000000,-0.163502000000000
Argus and Old World vulture,WC2E 9EU,51.510566494552200,-0.124063709778965
Darwin's finches and Fox,IG8 9LN,51.604202336074300,0.002902614180917
Old World quail and Lemming,NW11 6DP,51.588309242847500,-0.190096900620611
Pratincole and Warbler,NW9 4ER,51.593666000000000,-0.244648000000000
Black cockatoo and Capuchin,W12 8JU,51.501129000000000,-0.233613000000000
Maya and Logrunners,E18 2RF,51.598533007270300,0.022016299563981
Kestrel and Piping shrike,N16 6UE,51.574270154225700,-0.070325923769276
Cuscus and Darwin's finches,N12 9ET,51.612139816113800,-0.172741598444139
Condor and Old World quail,N4 3BZ,51.567519888084700,-0.119815636342360
Grackle and Hawk,W1H 4BS,51.518688404365900,-0.165674002676405
Quetzal and Hawk,SE1 9NS,51.506657000000000,-0.110679000000000
Duck and Tit-tyrant,EN3 4BB,51.641910309384700,-0.053913097544387
Ground sloth and Rat,E11 3JF,51.554741658763100,0.009297717316196
Civet and Puffleg,NW8 6QR,51.537950841179400,-0.174359024072222
Logrunners and Cuscus,W1D 4AH,51.513737523551500,-0.132306933704962
Perching duck and Kākāriki,N20 0DN,51.625740283955800,-0.156895171016460
Masked owl and Lemming,N7 0RX,51.556505133197200,-0.119317815028754
Jerboa and Tahr,N16 5SP,51.564392227788000,-0.075000524786877
Recurvebill and Guillemot,N3 1UZ,51.601389000000000,-0.195059409551236
Black jay and Ice seal,W9 1AA,51.522733908292800,-0.181194934107274
Piping shrike and Boto,N7 6HP,51.557849000000000,-0.120056000000000
Warbler and Meadowlark,NW7 1GT,51.606410000000000,-0.210465599141967
Kite and Armadillo,N22 6JG,51.595327238181900,-0.102107021372163
Armadillo and Shearwater,NW2 3BU,51.552364224233300,-0.211472000000000
Maya and Parakeet,EC3R 7AH,51.511609906233100,-0.081164000000000
Pheasant and Viscacha,SE10 0PY,51.492866568324700,0.013288822157181
Flameback and American sparrow,E1 2HF,51.517186234944600,-0.056755123935809
Ground sloth and Nukupuʻu,N8 9LG,51.577152085265800,-0.113731814303045
Dorcopsis and Kestrel,NW3 4SX,51.545067785579200,-0.156782139837851
Rat and Skunk,E12 9DB,51.551892318673800,0.046228842262348
Songlark and Perching duck,N17 8BZ,51.602853154927100,-0.073359862402131
Snipe and Pheasant,N1 3FS,51.546061000000000,-0.084372000000000
Armadillo and Treepie,N1 6HX,51.529860857432800,-0.082685828971924
Bunting and Mamo,N15 3SL,51.584223934244200,-0.096146343856840
Black cockatoo and Asiatic leopard,NW2 5RH,51.546455223408500,-0.216048000000000
Mockingbird and Fox,IG8 0PL,51.615208626534100,0.026513006841842
Black cockatoo and Booted eagles,NW2 3DD,51.554366000000000,-0.217236000000000
Night heron and Perching duck,N1 2HQ,51.543084000000000,-0.098377925622428
Mole and Kite,E17 4FT,51.597371000000000,-0.000779000000000
Cloud rat and Siskin,SE1 9PU,51.506402344751400,-0.111698117774833
New World blackbird and Guillemot,E2 8GA,51.535066000000000,-0.073181000000000
Mole and Towhee,N14 7LA,51.624516446455500,-0.135201611122624
Grouse and Vulture,W1U 6DP,51.520899990969900,-0.156460813695630
Pheasant and Guillemot,NW10 3UH,51.543495301501500,-0.246619439953314
Old World vulture and Francolin,E1W 2JJ,51.506682278048100,-0.063787497635462
Polecat and Kite,W12 9DZ,51.504872117401300,-0.245955411170499
Parrotbill and Asiatic leopard,EC1V 9DX,51.527894947022500,-0.091721231297638
Quetzal and Dolphin,N1 0EG,51.535303946551600,-0.108324954429037
Tahr and Argus,E16 1DR,51.508878210809800,0.025033433592229
Argus and Marmoset,E1 7JF,51.517946000000000,-0.078805000000000
Old World quail and Peafowl,N14 7JG,51.619527856477500,-0.122925016328543
Zebra and Elephant,E2 7HA,51.525096243054500,-0.075086984422973
Cloud rat and Quetzal,N20 0LD,51.626828354426500,-0.174893000000000
Zebra and Jerboa,N16 9NB,51.552633146901800,-0.086185634313935
Chickadee and Thrasher,E7 8BZ,51.545656944889800,0.031353421493238
Armadillo and Asiatic leopard,NW2 5BR,51.551779010600000,-0.239420760000000
Kite and Condor,N12 0DN,51.609728819463700,-0.177301153541537
Siskin and Logrunners,E1 6FU,51.518805000000000,-0.077301000000000
Vole and Kestrel,N15 4DP,51.584790679514100,-0.066459160542163
Old World quail and Cuscus,E6 5QS,51.511542873849700,0.052289104852897
Tahr and Marsh harrier,NW1W 9FG,51.530783041088500,-0.135430048905449
Vole and White ibis,W1D 3DA,51.513942981391900,-0.133350625700016
Black cockatoo and Parrotbill,N21 2BA,51.637158398401800,-0.083192846782036
Old World vulture and Armadillo,W12 0QX,51.514927968486100,-0.245511511810409
Siskin and Kangaroo,W1B 2EQ,51.514160848689800,-0.141974705300920
Songlark and Cloud rat,W14 8BE,51.502300025118400,-0.213174152658429
Thicketbird and Meadowlark,SE1 4YR,51.499867361560700,-0.092964245669142
Quetzal and Condor,EC2A 4EE,51.524060318504500,-0.083765596596157
Chickadee and Fox,N8 8NP,51.583261335106200,-0.121230007972783
Dolphin and Prion,EC1N 8JE,51.521379951769100,-0.109219135707358
Fish eagle and Masked owl,N19 4LQ,51.566198000000000,-0.124805000000000
Parakeet and Rat,EN1 2PL,51.641411306683000,-0.073821529147316
Chipmunk and Eagle,N8 8LU,51.585601917999100,-0.130963665777811
Hawaiian honeycreeper and Pratincole,SE1 3NQ,51.497318305928000,-0.079772000000000
Capuchin and Jay,N15 6LT,51.575949496964400,-0.072924715947617
Flameback and Greenbul,E1W 1YL,51.508007000000000,-0.073718256080452
Moluccan boobook and New World blackbird,N1 7ES,51.533664384010700,-0.090384139870857
Goose and Wader,N4 4SJ,51.574539680756000,-0.118486904070032
Macaw and Chipmunk,W1T 5LX,51.523815016980900,-0.140601511380059
Macaw and Dolphin,E15 4DP,51.539811902681000,0.006260609085412
Tattler and Francolin,E3 2YA,51.532062011052600,-0.024574723773956
Elephant and Grackle,E2 0BT,51.525323716152700,-0.059421626396164
Black cockatoo and Night heron,E3 2SE,51.528556945627400,-0.019896723045178
American sparrow and Partridge,W1G 9HH,51.517521425064300,-0.149203182423948
Mink and Lemming,E1 8DA,51.513647355066300,-0.071173919838126
Jay and Snipe,NW11 6PZ,51.578561209350800,-0.180771046067292
Duck and Badger,N19 3EH,51.565724028231300,-0.132933231672457
Recurvebill and Duck,E13 8DE,51.523730072694800,0.017965508521872
Ibex and Piping shrike,NW11 7BU,51.575247745875500,-0.193300066265030
Rabbit and Hawk,W1F 0RE,51.512337576287400,-0.133618015979994
Zebra and Fox,NW2 3RH,51.554824000000000,-0.203644000000000
Rat and Chickadee,N20 9DJ,51.638188881877200,-0.172634082846104
Mouse and Grackle,E11 3DZ,51.566177030514800,0.013683276716751
Old World quail and Armadillo,W1S 3PS,51.510964426519400,-0.140015118541411
Gull and Pitohui,EN2 8LT,51.660601000000000,-0.099656000000000
Crow and Triller,W1F 9DX,51.511086943074000,-0.136969331892294
Treepie and Old World vulture,N8 8PG,51.581946363227400,-0.123348280867461
Civet and Dorcopsis,N1 5QY,51.536427370933900,-0.081155394422971
Moluccan boobook and Thicketbird,SE17 1EH,51.490119968303100,-0.094105671474492
Badger and Parakeet,N11 3DT,51.613794309637100,-0.152627101547892
Parakeet and Argus,N7 8HR,51.550455000000000,-0.114894000000000
Zebra and B,SE16 6QG,51.497832557222300,-0.038834472754555
Capuchin and Guillemot,N12 0EX,51.612815000000000,-0.176730000000000
Tree warbler and Kākāriki,NW1W 9ZN,51.530783041088500,-0.135430048905449
Moluccan boobook and Viscacha,N13 4SH,51.610645024569600,-0.121341675655754
Greenbul and Pratincole,E6 1PD,51.532893495778400,0.047034886893931
Marmoset and Jerboa,N9 9BD,51.621400053391700,-0.066521295804611
Marsh harrier and Pratincole,WC1A 1LU,51.517928133377300,-0.125548520673475
Fox and Stilt,SE1 3DQ,51.498650229893200,-0.078449038194338
Hawk and Marmoset,NW10 6BN,51.531655878200800,-0.233835000000000
Shearwater and Francolin,SE10 0SP,51.490091000000000,0.008975000000000
Chickadee and Elephant,N4 1JB,51.579571312566300,-0.093713975227686
Jerboa and Jay,N15 4SX,51.586038972576400,-0.074562055029391
Buzzard and Magpie,W10 5YN,51.523889785705800,-0.219017847899838
Treepie and Crow,W1U 4QU,51.520231238578800,-0.152250039700002
Stilt and Parrotlet,W1H 6LD,51.515931821018200,-0.154470661997903
Stilt and Condor,N1 9PW,51.532531337507700,-0.110447000000000
Boto and Diving bird,SW1Y 6BS,51.507298675034300,-0.137529000000000
Dolphin and Herring gull,W1K 3AT,51.510854393262200,-0.149545451809612
Jay and Chipmunk,E15 3PA,51.538219000000000,-0.000089482236676
Fulmarine petrel and Recurvebill,SE1 9DJ,51.506785985984500,-0.107604211427820
Argus and Egret,N5 1HL,51.548525303606600,-0.098459159461338
Linsang and Francolin,N12 8PL,51.610243723110100,-0.184415213490089
Old World quail and Buzzard,NW11 8TB,51.570669427023500,-0.199657669315721
Prion and Dorcopsis,NW1W 7PZ,51.530784525000000,-0.135430053900000
Prion and New World blackbird,E9 6ES,51.551186208271700,-0.049652247914569
Fox and Scimitar babbler,NW5 2DY,51.548360655639000,-0.140927854649956
Flameback and Argus,E15 1DY,51.550546000000000,-0.003523000000000
Scimitar babbler and Myna,W12 9SH,51.502727971816800,-0.240288735100395
Meadowlark and Perching duck,SE1 3BS,51.496187338248100,-0.081261092011347
Jerboa and Boto,N14 5BT,51.633107108959100,-0.129026000000000
Kite and Bunting,NW1W 9RB,51.530784525000000,-0.135430053900000
Treepie and Flameback,E5 0ND,51.553125356203600,-0.042977158119984
Asiatic leopard and Greenbul,E2 7EE,51.525080845515800,-0.071959383341282
Chicken and Black cockatoo,SE11 4UA,51.493575977712800,-0.108165744925715
Diving bird and Booted eagles,E10 6PZ,51.563166300140800,-0.010140680035987
Flameback and Condor,N8 8RW,51.582572620259900,-0.128778531318275
Scimitar babbler and Goose,NW3 2YP,51.549865322920600,-0.158218102421061
Old World quail and Lemming,N12 9UD,51.615954621657100,-0.169410593804945
Thrasher and Jerboa,NW1W 7PQ,51.530784525000000,-0.135430053900000
Wallaby and Herring gull,SE1 7AJ,51.500071496906400,-0.112809875209841
Nukupuʻu and Crow,E1 6GQ,51.524372000000000,-0.072523000000000
Guillemot and Parakeet,E16 4LA,51.524575000000000,0.012842000000000
Black cockatoo and Bronzewing pigeon,E16 1EQ,51.516510000000000,0.010108000000000
Ground sloth and Condor,E3 2AF,51.528310937631400,-0.024506426791376
Pratincole and Fish eagle,NW8 8BD,51.521443194030500,-0.171631847287165
Parrotbill and Jackal,N7 8PL,51.546013028300600,-0.111053755851172
Snipe and Thrasher,E3 2LY,51.535616696530000,-0.029006161542116
Thicketbird and Viscacha,SW1X 8BU,51.497528832186500,-0.153053053334263
Partridge and Parakeet,N14 4UG,51.642849334412500,-0.124317875254291
Rabbit and Ice seal,NW1 8YH,51.540500935098800,-0.156865724006281
Tree warbler and Treepie,WC1H 9ER,51.526786862584800,-0.125054970121878
White ibis and Tahr,W11 2AN,51.515100458517900,-0.198576000000000
Songlark and Jerboa,NW1 5EE,51.519266736448700,-0.166429116098270
Stilt and Songlark,WC1H 9PJ,51.527491000000000,-0.129052802485406
Hawk and Meadowlark,EC2V 8BB,51.514266494775600,-0.092535868278602
Night heron and Old World warbler,WC1N 3JQ,51.521634275777500,-0.120567411653124
Asiatic leopard and Recurvebill,N1 6FQ,51.527615000000000,-0.087718368800000
Parrotlet and Peafowl,E3 2JJ,51.536256000000000,-0.022014000000000
Ibex and Bunting,SE1 3DJ,51.498304991113800,-0.077685557270152
Hawaiian honeycreeper and Asiatic leopard,W1U 5PG,51.521965771182700,-0.152756422232394
Recurvebill and Lemming,N13 4BD,51.628684948437500,-0.116926524777151
Crow and Marsh harrier,N4 3LA,51.566831998842900,-0.110580576185497
Booted eagles and Partridge,NW10 2EY,51.548646820339500,-0.238142568165134
Solitaire and Parrotlet,NW3 5DD,51.550082834770100,-0.173858962163969
Boto and Masked owl,EC2A 4DX,51.521669495932600,-0.083202943133172
Boto and Jay,E17 6RN,51.586093747436000,-0.023762041559408
Wallaby and Grouse,E1 2FB,51.514316282310400,-0.057266000000000
Solitaire and Fish eagle,SE16 2BS,51.491582345353500,-0.053567000000000
Peafowl and Towhee,E17 6ZF,51.589284000000000,-0.041672000000000
Masked owl and Dorcopsis,E5 0NU,51.551065000000000,-0.052542000000000
Parrotbill and Partridge,N21 1PA,51.642679777112300,-0.116534649504929
Cuscus and Elephant,WC1X 9NE,51.528728931503700,-0.117175606625961
Guillemot and Hawaiian honeycreeper,IG10 4NE,51.639665603117100,0.053068482020978
Siskin and Crow,E17 4QE,51.593591345559900,-0.019365185947012
Kākāriki and Grosbeak,E17 0TU,51.585505000000000,-0.017986000000000
Ibex and Viscacha,W1T 4RL,51.520331000000000,-0.136178000000000
Egret and Parrotbill,N4 2QZ,51.562754996819000,-0.103679978569024
Quetzal and Scimitar babbler,W1D 5BU,51.512791283999300,-0.130486499764509
Mole and B,EN5 5DG,51.649760304831300,-0.181795976302980
Parrotbill and Hawk,E6 1DP,51.533909696492600,0.037737019668755
Rabbit and Capuchin,W1D 3RF,51.515626467981300,-0.133469168155266
Triller and Magpie,NW1W 8QT,51.530784525000000,-0.135430053900000
Buzzard and Linsang,EC1A 1TU,51.524501611318500,-0.112088280168721
B and Pitohui,N9 8NT,51.632725824597400,-0.048844124322739
Guillemot and Masked owl,IG8 7PG,51.607907303210000,0.043590869538211
Tit-tyrant and Lemming,E14 8BQ,51.510382370626100,-0.034303616553259
Tit-tyrant and Coati,N17 6QT,51.593068904778000,-0.070049053402510
Thicketbird and Jay,N4 9FX,51.560819000000000,-0.131261000000000
Wader and Minke whale,SE16 2DH,51.491584869805000,-0.056792415741018
Dorcopsis and Snipe,W1D 6AH,51.512566000000000,-0.132188136408068
Lemming and Chipmunk,SW5 9NF,51.491925356876100,-0.195141177955521
Old World quail and Polecat,WC1R 4BX,51.519639011882400,-0.115590206580285
Chipmunk and Marsh harrier,EN2 7HS,51.647933604524100,-0.094938243072612
Rabbit and River dolphin,W8 5DT,51.501225400875700,-0.188146000000000
Armadillo and Marsh harrier,N9 7NA,51.639856316292000,-0.058033239579637
Peafowl and Armadillo,SE16 3TL,51.495075602900700,-0.071050405939694
Vulture and Black cockatoo,NW10 1EL,51.553289889439400,-0.240141279235875
Nukupuʻu and Chicken,N15 4NQ,51.583450057446200,-0.069691638915033
Chicken and Jerboa,SE1 1PZ,51.500585465529100,-0.096204912894068
Tree warbler and Partridge,E15 4DR,51.539325762820100,0.007868751933766
Herring gull and Rabbit,N10 3YJ,51.592193191547000,-0.142849104706191
Songlark and Songlark,N1 7PP,51.531090722775500,-0.088749000000000
Linsang and Towhee,E14 8JS,51.498469513612800,-0.026949695817313
Tahr and Partridge,N5 2QE,51.555178405014700,-0.097821061214426
Peafowl and Guillemot,W11 2JA,51.514898617088400,-0.204941715437020
Fish eagle and Macaw,N2 9AA,51.601733861885100,-0.172047475002744
Stilt and Dorcopsis,E8 3XA,51.542227240906100,-0.072847000000000
Booted eagles and Flameback,N16 8EN,51.558542623738100,-0.075998000000000
White ibis and Ice seal,E3 5FG,51.530863014722300,-0.039404883110411
Logrunners and Thrasher,W6 7NA,51.502776000000000,-0.222536000000000
Wallaby and Kestrel,N11 1NS,51.618475912886100,-0.144868000000000
Masked owl and Maya,W2 4TB,51.512193692217100,-0.194513165749114
Fulmarine petrel and Vole,EC2A 4QS,51.524847631663700,-0.082968505061671
Rabbit and Wader,EN3 7SX,51.653820000000000,-0.029184015570602
Tree warbler and Warbler,W9 2RE,51.522898628810000,-0.188352628610042
Warbler and Skunk,E15 4LP,51.543011344947700,0.007425279594188
Cloud rat and American sparrow,E14 6QP,51.517128314471400,-0.013574857873307
Egret and Hawaiian honeycreeper,W12 0FG,51.517075000000000,-0.231972000000000
Kite and Solitaire,E1 6DX,51.520663809383200,-0.077335166570419
Old World quail and Gull,NW4 3HR,51.573794020070600,-0.230084761568829
Myna and Hawk,W1S 2TB,51.512098000000000,-0.144537000000000
Marsh harrier and Herring gull,W9 2AL,51.524048000000000,-0.198081000000000
Logrunners and American sparrow,W1K 2TF,51.509648095042900,-0.150603091514640
Minke whale and Gull,N19 3QL,51.568990101981000,-0.124026171184949
Partridge and Thrasher,NW2 6HA,51.562076622593600,-0.230225000000000
Meadowlark and Viscacha,SW1V 2RE,51.492567000000000,-0.137163000000000
Thicketbird and Vole,W1K 6NG,51.512379628699400,-0.155032166435489
Black jay and Warbler,EC1V 8AS,51.528935278940600,-0.097084135116088
Petrel and Stint,SW1Y 4JY,51.506448500393900,-0.136002000000000
Flameback and Elephant,NW1 0RR,51.537649000000000,-0.141292000000000
Kangaroo and Masked owl,EN1 3JD,51.659054945450600,-0.074403609082432
Tit-tyrant and Pheasant,W2 2DE,51.517198433268200,-0.167002229343546
Pratincole and Viscacha,EC2M 5PP,51.516987000000000,-0.086109000000000
Recurvebill and Black cockatoo,W2 4RB,51.511918765038400,-0.187765029865622
Treepie and Lemming,N17 0TY,51.605772460757400,-0.057884986831969
Stint and Grackle,N12 9QL,51.613498575332800,-0.175691326432563
Perching duck and Marsh harrier,SW7 5LF,51.494732361983800,-0.178362439968756
Shearwater and Prion,W1S 4LP,51.508396028610900,-0.141935443509956
White ibis and Fish eagle,NW4 1AR,51.593195080993500,-0.223844608921849
Peafowl and Tit-tyrant,W1D 4UR,51.513520545498500,-0.131105188864990
Stint and Coati,N1C 4AP,51.532379063547600,-0.123296882014003
Solitaire and Rat,SE1 9BZ,51.492762382100000,-0.080151676700000
Kestrel and Siskin,NW1W 9YT,51.530783041088500,-0.135430048905449
Jay and Wallaby,E98 1AS,51.508023187390400,-0.064393533930118
Flameback and Civet,E8 3ER,51.541361235328400,-0.064003122556789
Polecat and Ground sloth,E10 5DZ,51.567501400782700,-0.014958412074482
Skunk and Meadowlark,N1P 2LW,51.538645000000000,-0.103543000000000
Kite and Polecat,W11 1EF,51.516612371466400,-0.205868836725706
Stint and Marsh harrier,WC2B 5BB,51.515550823575600,-0.121408756528620
Petrel and Parakeet,E2 8QT,51.534415459010200,-0.063245276276168
Kite and Booted eagles,W1T 1JR,51.516615459604900,-0.133457563559974
Perching duck and Cuscus,N14 5DU,51.630872238506100,-0.147584108693326
Mockingbird and Herring gull,W6 9LG,51.492092867643400,-0.232112785450902
Chicken and Crow,W1B 4DQ,51.509710014459300,-0.138034268024986
Jerboa and White ibis,NW2 3EL,51.554709211309000,-0.212679016054725
Asiatic leopard and Prion,W14 0YR,51.496732619882300,-0.212513072105160
Eagle and Fulmarine petrel,E15 2SW,51.536852000000000,-0.000431000000000
Puffleg and Songlark,NW4 4LA,51.589848212900300,-0.226703576979293
Meadowlark and Mole,NW6 4TW,51.542271128855900,-0.177502987560423
Polecat and Macaw,W12 0EX,51.515796023586100,-0.227289367838275
Grouse and Recurvebill,N12 7WP,51.616894435384500,-0.180697504006309
Night heron and Stint,NW1W 9JP,51.530783041088500,-0.135430048905449
Petrel and Minke whale,N17 0LX,51.600457147749600,-0.063281229568414
Vulture and Jackal,W1W 8BT,51.517074538452200,-0.140847206977471
Black jay and Scimitar babbler,SW1V 4HR,51.491203449722900,-0.146552730194586
Kite and Francolin,E14 1JE,51.513195247177900,-0.028302336687097
Armadillo and Puffleg,N81 1AB,51.518997000000000,-0.005422000000000
Quetzal and Snipe,N12 8TT,51.622233000000000,-0.180455000000000
Kestrel and Armadillo,W8 7RR,51.500023000000000,-0.196536000000000
Rabbit and Shearwater,E11 1LL,51.572883013285800,0.001741995078598
Nukupuʻu and Quetzal,W1T 4RH,51.520370704784700,-0.136057158082163
Black cockatoo and Goose,W1H 7TB,51.515194870108800,-0.160222259347454
Capuchin and Gull,SE16 2JH,51.494624204941600,-0.058953764252508
Fox and Mouse,W1B 4DG,51.509462571933700,-0.137741728641486
Tit-tyrant and Grosbeak,E1 0BX,51.510913415740600,-0.055912387797399
Vulture and Capuchin,EC1V 8AH,51.529081000000000,-0.097084135116088
Chicken and Vole,N1 9FX,51.531709000000000,-0.113235000000000
Moluccan boobook and Kangaroo,W1K 7DB,51.511757802700300,-0.155518458454204
Skunk and Old World vulture,EC2V 6BN,51.515633749837300,-0.095880187944563
Grouse and Kākāriki,NW8 7SE,51.533858513182300,-0.170846045969519
Mockingbird and Black jay,N3 1SS,51.597213192681100,-0.205423173123129
Lemming and Ibex,NW7 2QA,51.604206852143300,-0.236714793427089
Night heron and Mamo,W1K 6ZG,51.512715528315200,-0.153519763432686
Tit-tyrant and Duck,E14 8EP,51.509875397815000,-0.023934976453844
Crow and Tree warbler,W1W 6HA,51.519478240746600,-0.141585333444896
Recurvebill and Skunk,N13 6LH,51.610718258839900,-0.097969936170890
B and Rabbit,EN5 5NJ,51.654942503172200,-0.184292028610161
Triller and Ibex,E2 9DP,51.534413647889900,-0.054983335644528
Macaw and Pitohui,EC1Y 1AH,51.524952012091200,-0.087072698113546
Greenbul and Cuscus,W12 7AE,51.515204403153700,-0.230987522711650
Linsang and American sparrow,W1J 8EH,51.508200677929800,-0.144364344682189
White ibis and Polecat,N3 1JN,51.604612484998200,-0.194777350157247
Fulmarine petrel and Nukupuʻu,W14 8TW,51.494102000000000,-0.202705000000000
Lemming and Masked owl,NW1 9ND,51.543537247924400,-0.138442029328730
Rat and Argus,N12 0BT,51.612294786635000,-0.176346211050347
Crow and Stint,E17 5ST,51.601727487494600,-0.034459000000000
Mouse and Meadowlark,W1K 5HQ,51.513035549694200,-0.149860599715426
Grouse and Prion,E17 6QT,51.588150313847800,-0.025737135733794
Zebra and Triller,NW10 3SP,51.536925491262700,-0.240253447949073
Scimitar babbler and Elephant,E14 8GN,51.511618000000000,-0.029686960617385
Kākāriki and Duck,SE1 1YX,51.502435091120800,-0.089946490270860
Quetzal and Partridge,E15 2QU,51.531131000000000,-0.013428000000000
Shearwater and Perching duck,E13 8PT,51.525986838536200,0.028935239928327
Old World warbler and Parrotbill,W8 9GJ,51.498288000000000,-0.198319000000000
Egret and Vole,E9 5BQ,51.543551000000000,-0.037691000000000
B and Egret,NW1 5SR,51.523084137803400,-0.157540229166498
Jerboa and Old World vulture,E1W 9RA,51.519019000000000,-0.058106000000000
Cloud rat and Quetzal,E15 2RX,51.531814613115900,-0.004645141720212
Rabbit and Polecat,E4 6TW,51.627027754392600,-0.007275222571078
Partridge and Ice seal,E9 5LX,51.544302000000000,-0.026179000000000
Badger and Ibex,N3 3QJ,51.596599000000000,-0.194604000000000
Wader and Kestrel,W8 9HA,51.498288000000000,-0.198319000000000
Vole and Parakeet,EC2R 7EF,51.516391182231500,-0.088267298445116
Diving bird and Rabbit,E15 3EJ,51.535033614477100,0.012050000000000
Parrotlet and American sparrow,EC4M 7NB,51.515490098315500,-0.101997215404570
Logrunners and Civet,W6 9PZ,51.489122124236500,-0.224161308800511
Condor and Pitohui,NW5 3HG,51.547530526549300,-0.151562498317845
Moluccan boobook and Nukupuʻu,E15 1EY,51.545740500253200,0.006117567247758
Perching duck and Guillemot,N21 1BL,51.636114173231700,-0.101387418700999
Tattler and Guillemot,NW1W 7YZ,51.530786000000000,-0.135404000000000
B and White ibis,W1F 8SG,51.515237481447100,-0.136151414658349
Philippine hawk-owl and Parrotlet,E18 1LY,51.587306396928200,0.034206841084256
Maya and Peafowl,NW8 9DU,51.533174259430100,-0.180043494479057
Chipmunk and Black jay,N17 8BL,51.602761495499500,-0.069970222412140
Ibex and Maya,N5 1TA,51.556632000000000,-0.103632000000000
Jackal and Buzzard,N1P 2TS,51.538645000000000,-0.103543000000000
Old World warbler and Skunk,N8 8SE,51.582538646138200,-0.118860000000000
Tattler and Dolphin,N6 6DD,51.569908528838100,-0.147307193090944
Marsh harrier and Skunk,EC4M 7BP,51.514980220766800,-0.101052762392805
Kite and Magpie,NW5 2PA,51.553515183483200,-0.139909916363768
Black cockatoo and Old World warbler,SW7 4JR,51.492652097088400,-0.183386440155993
Partridge and Boto,W9 3QG,51.525915817112900,-0.204450805101567
Dorcopsis and Greenbul,E4 8PW,51.611169165861700,-0.021878736593055
American sparrow and Puffleg,W1T 6AG,51.523789944362800,-0.141856669562456
Wallaby and Argus,W1H 2DH,51.517108154955200,-0.160087510903554
New World blackbird and Duck,E15 2BS,51.553615678635500,0.000463221935927
Jay and Quetzal,E18 1DG,51.594968735189800,0.030015589275713
Booted eagles and American sparrow,N2 0RN,51.580968409148100,-0.173068511197670
Kangaroo and Macaw,EN4 8ER,51.632966801960900,-0.159550033751836
Moluccan boobook and Ground sloth,NW11 7RX,51.569954254556400,-0.194664327804840
American sparrow and Linsang,E14 9TR,51.496921000000000,-0.018761000000000
Argus and Boto,N1P 2YW,51.538645000000000,-0.103543000000000
Gull and Black jay,IG9 5NT,51.627407073300000,0.041302863564539
Vole and Shearwater,EC2A 4NW,51.524954867739800,-0.084578575305116
Quetzal and Treepie,N19 3TG,51.567710577527300,-0.135146102587506
Polecat and Moluccan boobook,W12 7NS,51.508719000000000,-0.222929000000000
Snipe and Logrunners,N1P 2AN,51.538647000000000,-0.103517000000000
Dolphin and Civet,E5 8QS,51.557887417342700,-0.061151868899179
Capuchin and Grosbeak,NW6 2AP,51.545828841830600,-0.192273000000000
Fulmarine petrel and Jerboa,NW6 6QG,51.538728000000000,-0.196607000000000
Puffleg and Stint,SW7 2NP,51.493382385605100,-0.170205003384396
Herring gull and Quetzal,NW10 3LE,51.539114633619100,-0.224999121422746
Petrel and Rabbit,EN1 9FX,51.651918000000000,-0.077079000000000
Grackle and Dorcopsis,W1T 3PW,51.518562000000000,-0.139864000000000
Stilt and Herring gull,E3 4DS,51.527073294178800,-0.020970259532882
Condor and Chicken,W1G 7HJ,51.520089255825900,-0.147239651368505
Night heron and Elephant,NW11 7HB,51.578096768834200,-0.197877632011609
River dolphin and Quetzal,W2 3LH,51.512137916789100,-0.178691430862511
Bronzewing pigeon and Songlark,NW5 4QJ,51.553777250438000,-0.153083529768778
Kestrel and Snipe,E3 3FB,51.523950723943000,-0.013321260917472
Logrunners and Condor,SE16 5XL,51.507049180898100,-0.038784574212206
Scimitar babbler and Jay,EN5 2FY,51.648375000000000,-0.200169000000000
Snipe and Shearwater,N21 1JJ,51.641012867881400,-0.111848821938784
Tahr and Zebra,E9 5DN,51.544244184837800,-0.036190503935183
Grackle and Meadowlark,E14 6AN,51.512552878257100,-0.016339256072010
Night heron and River dolphin,N3 1XE,51.602998600960200,-0.192747506187706
Siskin and Chipmunk,N2 0JG,51.587631190134400,-0.171299949351262
Puffleg and Cloud rat,NW5 2ST,51.548802183359000,-0.131361641231971
Cuscus and Masked owl,SE1 6DQ,51.496050000000000,-0.099246000000000
Recurvebill and Chipmunk,E11 4JL,51.557296112235700,0.002428000203899
Egret and Tattler,E3 4PH,51.525309654164100,-0.032666080371817
Tattler and Booted eagles,N20 8AU,51.637480000000000,-0.198337597297491
Meadowlark and Parrotbill,W1T 3ES,51.517190167580200,-0.135668128744224
Treepie and Crow,W1H 1QA,51.519780352849600,-0.162473450200313
Peafowl and Magpie,E1W 1YW,51.507487000000000,-0.067226000000000
Ice seal and Songlark,E14 8LE,51.499300597743600,-0.027173143276026
Fulmarine petrel and River dolphin,N7 8PY,51.546703000000000,-0.109111515259960
Mole and Pheasant,W8 7RX,51.501455914018900,-0.194462099742890
Philippine hawk-owl and Pheasant,WC1N 3AZ,51.522138489964000,-0.123415213218112
Hawaiian honeycreeper and Tattler,W2 3TY,51.512451169325100,-0.184976854624645
Ground sloth and Vulture,E2 8FR,51.535259000000000,-0.071774000000000
Civet and White ibis,W1D 2DU,51.516177078198100,-0.131904470529289
Warbler and River dolphin,SE1P 5PZ,51.492760984014900,-0.080151672390443
Recurvebill and Zebra,NW1 4AH,51.530783041088500,-0.135430048905449
Argus and Petrel,NW4 1RP,51.593684053287900,-0.224517000000000
Solitaire and Parrotbill,EN1 3EX,51.656475461603900,-0.081076692070302
Argus and Capuchin,N9 7NB,51.641735931751700,-0.055871709541015
Tree warbler and Nukupuʻu,E6 5YS,51.519377575269400,0.048057557481831
Kestrel and Macaw,N18 2HW,51.616861752804200,-0.058523868901311
Skunk and Warbler,N18 1EF,51.608982084066700,-0.083556729571338
Songlark and Cloud rat,E3 3TL,51.521874000000000,-0.009116000000000
Siskin and Myna,E15 1TB,51.550345899958600,-0.002911211256884
Badger and Egret,N4 3RE,51.565081149566700,-0.116900690843434
Parakeet and Triller,E4 9LL,51.605244598962200,-0.002322641108738
Nukupuʻu and Tree warbler,SE16 4PH,51.499995592002600,-0.062385179362002
Myna and Bronzewing pigeon,E3 5NF,51.532554991237400,-0.036261078641432
Bunting and Puffleg,E15 2QA,51.529787419476800,-0.012894096908179
Eagle and Mouse,SW3 2SE,51.492237332207200,-0.160815341588727
Cuscus and Nukupuʻu,N16 5NT,51.566358534706300,-0.083603700886689
Fulmarine petrel and Linsang,E5 9ET,51.562869300141100,-0.049758345148697
Triller and American sparrow,WC1B 3PE,51.517858287148000,-0.126805364534065
Diving bird and Parrotlet,EN4 8AP,51.645864138385400,-0.170634363639734
Chicken and Ibex,E8 3NJ,51.543707748576100,-0.058671000000000
American sparrow and Rat,N8 0EH,51.587284000000000,-0.111078000000000
Songlark and Flameback,N12 0PD,51.606016488945200,-0.172770834962965
Armadillo and Mockingbird,N11 3AU,51.620505005455800,-0.153512000000000
Rat and Piping shrike,NW3 1HN,51.556744383628300,-0.177790042507020
Duck and Tahr,N1C 4DP,51.534230000000000,-0.125762000000000
Towhee and Warbler,NW2 3UL,51.547426921264400,-0.205709784167675
Diving bird and Hawk,N1 1ZQ,51.538645000000000,-0.103543000000000
Skunk and Snipe,W2 3QB,51.514238837920600,-0.178477923295189
Hawk and Solitaire,NW4 1NE,51.595893701028100,-0.212650905867018
Piping shrike and Parakeet,N1 2BJ,51.538639868999100,-0.099404773796847
Goose and Chicken,E3 3QG,51.520583092496300,-0.017921876848411
Solitaire and Pitohui,N1 9LH,51.533064208672600,-0.106501000000000
Tit-tyrant and Grackle,E1W 2UP,51.504051876574400,-0.061334149456869
Treepie and Francolin,E14 5RB,51.505130000000000,-0.014443000000000
Francolin and New World blackbird,E4 6QY,51.630193848770500,-0.002556020965870
Zebra and Ibex,SW1P 2EP,51.496643000000000,-0.132271000000000
Magpie and Armadillo,SE1 5UX,51.492619648439300,-0.082505729143653
Flameback and Zebra,NW3 1QZ,51.556609189429900,-0.176612539989365
Recurvebill and Cuscus,E18 2EB,51.591433121594400,0.022812640890212
River dolphin and Parrotbill,E14 9YD,51.490742543962400,-0.022011048501199
Gull and Booted eagles,EC4Y 8AA,51.513772000000000,-0.106320000000000
Old World warbler and Cloud rat,N7 8XE,51.545981586356400,-0.114689511883173
Grackle and Perching duck,E14 4DE,51.505910000000000,-0.021688000000000
Macaw and Lemming,SE16 3NA,51.491285535110400,-0.060982669308294
Elephant and Herring gull,EC1M 5NP,51.522034105448500,-0.105732470554332
Hawaiian honeycreeper and Quetzal,SW1P 1EW,51.495624551626400,-0.140668437787815
Quetzal and Songlark,NW4 2ES,51.585037941762900,-0.219024001777727
Scimitar babbler and Fish eagle,N5 1AG,51.555070356986900,-0.101143396658969
Logrunners and Thrasher,W1D 6AE,51.512354765381400,-0.131873489353235
Grosbeak and Cuscus,NW10 5QR,51.531624576492500,-0.219105276716929
Linsang and Fish eagle,W1J 5HP,51.506836195193000,-0.148093000000000
Mockingbird and Diving bird,SW1Y 5BQ,51.507877253444300,-0.129664520387679
Logrunners and Treepie,SE16 5PH,51.503504880587100,-0.045175918438965
Snipe and Moluccan boobook,N1 8ES,51.535197448600000,-0.103110000000000
Francolin and Bunting,N11 3GP,51.612397037350600,-0.153550437398003
Petrel and Mink,NW1 1DD,51.532860842059900,-0.137161845551868
Kestrel and Grackle,SE1P 4EF,51.492762382100000,-0.080151676700000
Ground sloth and American sparrow,NW1W 8YE,51.530784525000000,-0.135430053900000
Pheasant and Mink,E10 6RR,51.566488766023800,-0.008797996849920
Coati and Tattler,N7 9SQ,51.553392396371700,-0.116431428010268
Minke whale and Fulmarine petrel,E11 1UX,51.584472425059600,0.027526807440390
Old World quail and Piping shrike,E17 3GX,51.585114000000000,-0.017686000000000
Hawaiian honeycreeper and Old World quail,W1J 8HP,51.507575270953400,-0.141781500871524
Fulmarine petrel and Mink,WC1X 9HR,51.529973783934200,-0.119362000000000
Philippine hawk-owl and Mamo,N9 8AT,51.636820159817600,-0.046847520686543
Mockingbird and Macaw,NW5 2AL,51.546568109274800,-0.135635724913569
Towhee and Hawaiian honeycreeper,EC1R 0HF,51.524453000000000,-0.105099000000000
Maya and Civet,N7 0PS,51.557542102720400,-0.128493299786332
Grosbeak and Siskin,N11 3EG,51.615422439234400,-0.145815464415720
Jay and Treepie,SE16 2UG,51.492786000960800,-0.046815779042908
Booted eagles and Pheasant,E10 5DS,51.568730195497300,-0.013707209556832
Warbler and Perching duck,W1H 1PQ,51.519796972443600,-0.162386296868706
Crow and Pratincole,EN1 3QD,51.659283322678700,-0.052807387695222
Towhee and Bunting,E13 8RZ,51.520202547169300,0.033204306592511
Viscacha and Thrasher,NW2 3AN,51.554710573442100,-0.216314065928984
Diving bird and Booted eagles,E2 9HL,51.533347756515600,-0.051986457511334
Old World quail and White ibis,E7 0RF,51.549547572950300,0.041897485954389
Old World vulture and Old World warbler,N17 6UT,51.591963238819300,-0.072810090345538
Egret and Night heron,E14 6GQ,51.519109000000000,-0.014195000000000
Cloud rat and Jay,NW3 1SR,51.557070093706100,-0.170405424260063
Old World quail and Dorcopsis,W2 4NH,51.514945815106200,-0.191622738756820
Old World vulture and Tattler,N16 6TL,51.575466747935000,-0.070507000000000
Diving bird and Grouse,NW3 3HX,51.544660427732900,-0.173282857756879
Marsh harrier and Grackle,E4 6XP,51.618989083657400,-0.004666017589616
Viscacha and Eagle,N8 0HW,51.535964000000000,-0.194669000000000
Rabbit and Jay,NW10 2LH,51.547616546186200,-0.238398708595709
New World blackbird and Dorcopsis,N7 8QR,51.549748173976400,-0.112932775133480
Mamo and Hawk,WC1V 7JY,51.518063038370500,-0.114329204269407
Dorcopsis and Masked owl,SW1X 0LS,51.498991682878500,-0.161451122535225
Recurvebill and Parakeet,NW6 6JG,51.537810290262100,-0.193744752281544
Warbler and Pitohui,N12 7DU,51.623069402004900,-0.184004425159284
Goose and Chipmunk,W1G 9DT,51.519155000000000,-0.145598611680342
Darwin's finches and Night heron,NW3 2BZ,51.551926650419500,-0.162938115128049
Greenbul and Logrunners,N20 0NP,51.621740221793800,-0.164453801583981
Grackle and Ground sloth,NW1 3FJ,51.528774000000000,-0.138918000000000
Grackle and Dolphin,N4 2HR,51.563470914115600,-0.095137674776802
Linsang and Black cockatoo,NW2 6GQ,51.565085000000000,-0.222968000000000
Ibex and Marmoset,E13 8RE,51.526324341184600,0.024495548895225
Rabbit and Old World vulture,E15 4LY,51.542768197995300,0.008496202319779
Quetzal and Wallaby,N1 7GT,51.531795252900000,-0.094802238800000
Wader and Bronzewing pigeon,N10 1PN,51.594137000000000,-0.145152000000000
Viscacha and Jackal,NW6 1HF,51.553241785433700,-0.201975812204055
Francolin and Elephant,SW1Y 4RP,51.509436000000000,-0.133189000000000
American sparrow and Hawaiian honeycreeper,W9 3BG,51.529430119441400,-0.203750279748093
Flameback and Macaw,IG8 9TG,51.611443084310300,0.018419000000000
Chicken and B,W1W 6HS,51.520056832322900,-0.140077118800967
Mink and Mink,N3 2HR,51.600702241207100,-0.188449028184987
Badger and Lemming,W8 5UF,51.496763036148300,-0.190455188215579
American sparrow and Tit-tyrant,NW10 3QB,51.536272969181100,-0.225097000000000
Peafowl and Bunting,NW6 5UR,51.537080039170300,-0.188957557301798
River dolphin and Songlark,EC1V 9BF,51.527005425272900,-0.088918441477120
Vole and Darwin's finches,N16 8WF,51.570057836279900,-0.077214318541430
Booted eagles and Pratincole,E3 4RQ,51.519471000000000,-0.026462000000000
Night heron and Boto,W1U 2AA,51.516766158054700,-0.150920134728997
Tree warbler and Flameback,E2 6GB,51.530110447442000,-0.062303425591052
Marsh harrier and Old World warbler,E3 5HH,51.531896875748300,-0.030262621717550
Prion and Wader,E4 9SP,51.621683164739400,-0.003392097397712
Jerboa and Parakeet,N8 7PZ,51.588286990989200,-0.118915048295993
Herring gull and Solitaire,SE10 0PA,51.493462365464700,0.005809507379632
Capuchin and Peafowl,EC2N 2AQ,51.514970000000000,-0.085978000000000
Snipe and River dolphin,E1 6SN,51.521951256475300,-0.073414000000000
Fish eagle and Mockingbird,N10 1PP,51.594611411384200,-0.146215536296062
Fish eagle and Nukupuʻu,NW6 7PH,51.543815906530300,-0.208909205442726
Jackal and Partridge,W1G 8EE,51.517929464919000,-0.149417257282995
Egret and Guillemot,SE10 0GE,51.495966000000000,0.013036000000000
Capuchin and Moluccan boobook,SW7 9AE,51.497993000000000,-0.174505000000000
Treepie and Magpie,E7 8QU,51.540225413258700,0.044292243431436
White ibis and Vulture,EC4Y 0DR,51.511394609121400,-0.106764716526350
Quetzal and Recurvebill,E3 2UX,51.532676233314400,-0.022068167556710
Songlark and Wallaby,NW11 0EA,51.582237207950400,-0.199623000000000
Chipmunk and Fish eagle,W1U 7BQ,51.518430296408900,-0.155522758673925
Thrasher and Thicketbird,EN1 9HF,51.651918000000000,-0.077079000000000
Fulmarine petrel and Kākāriki,NW3 5UE,51.554378990290100,-0.173138756504181
Kestrel and Grosbeak,W12 8NY,51.502620798586800,-0.230178087452488
Nukupuʻu and Macaw,EN3 4HS,51.645094618995900,-0.052345793978176
Grackle and White ibis,W1D 2DH,51.516277612350200,-0.130877033422076
Parakeet and Hawk,NW2 4EL,51.549774000250700,-0.219769000000000
Old World vulture and Songlark,EC2A 2DL,51.520270967492500,-0.083002144329820
White ibis and Treepie,NW5 1EX,51.561825931980900,-0.144562685212071
Night heron and Condor,SE1P 4XG,51.492762382100000,-0.080151676700000
Bunting and Flameback,N15 4JP,51.589215861465500,-0.076362181932500
Old World warbler and Vulture,SE16 9FW,51.492763000000000,-0.080126000000000
Francolin and Vulture,SE17 1LX,51.490750287965300,-0.093604018188976
Philippine hawk-owl and Nukupuʻu,NW1W 8ZR,51.530786000000000,-0.135404000000000
Parakeet and Tattler,N12 0DD,51.613229164646200,-0.176872063009404
Jerboa and Moluccan boobook,E15 3NW,51.531329837427000,0.003220315365954
Elephant and American sparrow,N11 1BD,51.615465501683400,-0.129823737634107
Jerboa and Kākāriki,N15 6HP,51.576834024539900,-0.082455898237126
B and Shearwater,N1 2HL,51.538645000000000,-0.103543000000000
Grouse and Elephant,N12 0RJ,51.611420871970500,-0.171615023547642
Buzzard and Perching duck,W1D 5PJ,51.512092390846100,-0.130644817709010
Towhee and Meadowlark,NW10 2UT,51.552165834317800,-0.246747650586532
Jackal and Songlark,WC2B 5AD,51.514924537412700,-0.122169566597111
Old World warbler and Prion,E3 4HH,51.521721000000000,-0.032014000000000
Fish eagle and Vulture,W8 6QH,51.495324758760300,-0.195741628358349
Peafowl and Siskin,W1U 6AH,51.519669162517300,-0.158153783625681
Recurvebill and Coati,E7 9BE,51.549175005526500,0.019783654649416
Boto and Condor,N9 8PP,51.629977203405800,-0.044164935782681
Tree warbler and Kākāriki,NW6 7BA,51.543219361547300,-0.211066993831396
Minke whale and Piping shrike,EN2 0AD,51.657728789792200,-0.081283991001556
Tattler and Herring gull,E18 2QA,51.600337914370000,0.016941426670010
Jackal and Fish eagle,NW2 6AL,51.555662929737500,-0.223965497215613
Fulmarine petrel and Solitaire,SW3 1LJ,51.496601382059100,-0.165004924837766
Badger and Thrasher,EC2M 4WY,51.516887000000000,-0.078339751613769
Skunk and Argus,W1U 7BR,51.518593190892400,-0.155588246138753
Fox and Skunk,N1P 1GD,51.538645000000000,-0.103543000000000
Ice seal and Prion,N11 2TP,51.608617150039700,-0.123866138279458
Logrunners and Cloud rat,N17 0LN,51.598883415974300,-0.066005015304191
Vole and Logrunners,E1W 3BA,51.507442736829000,-0.057673000000000
Parrotbill and Grosbeak,NW4 2RR,51.588931000000000,-0.217134571078532
Badger and Kākāriki,N14 4FG,51.648513000000000,-0.131256000000000
Mink and Bronzewing pigeon,NW3 1ND,51.555223516203200,-0.173667503682065
Tit-tyrant and Grackle,N1P 2QR,51.539050000000000,-0.103385000000000
Wallaby and Ice seal,N1 5EJ,51.532856398440500,-0.085501303340699
Ice seal and Guillemot,N19 5GU,51.564149000000000,-0.132175000000000
Viscacha and Puffleg,SE16 7TN,51.497363758509300,-0.033394260300289
Stint and Nukupuʻu,E2 6FG,51.525676250395700,-0.055730526842304
White ibis and Darwin's finches,EC2V 5AR,51.515290178563700,-0.091340080902723
Mink and Tree warbler,N12 8QN,51.621349941263000,-0.178655744822309
Prion and Marsh harrier,E5 0JG,51.553533520068300,-0.040492970542225
Shearwater and Philippine hawk-owl,N6 6NP,51.564290871568700,-0.153176956834276
Cuscus and Logrunners,NW11 6DS,51.589259707916000,-0.189337325798142
Bronzewing pigeon and Piping shrike,N6 5RH,51.579646526815300,-0.132506994990379
Prion and Tit-tyrant,WC1N 2AD,51.525055507167700,-0.117456884598472
Tattler and Boto,E1 1DE,51.518860518023500,-0.062290887968904
Hawaiian honeycreeper and Pratincole,E1W 9RD,51.519019000000000,-0.058106000000000
Towhee and Pratincole,NW5 2HY,51.554588461001400,-0.138409195482806
Coati and Marmoset,E4 9DJ,51.608926902010600,-0.014769369030297
Bunting and Petrel,E11 4QU,51.565705000000000,0.009290000000000
Parakeet and Solitaire,EC1R 0BG,51.524292061022000,-0.107581000000000
Mink and Prion,E1 4TN,51.520712259490700,-0.055725740128074
Bronzewing pigeon and Booted eagles,N1 6HN,51.526730833651600,-0.084850035853225
Warbler and Logrunners,E13 0AS,51.527915000000000,0.026685000000000
Masked owl and Tit-tyrant,E18 1QL,51.589201921920000,0.029123284295990
Greenbul and Stint,IG8 8QG,51.594892908386600,0.043194310076472
American sparrow and Crow,W1F 8PZ,51.514502113344000,-0.136844404242560
Ice seal and Songlark,NW10 2LY,51.546371189225600,-0.233918194330389
Pitohui and Treepie,W2 4BE,51.514023027644900,-0.190679254953194
Marmoset and Towhee,NW8 8DG,51.523281211184900,-0.168401309477290
White ibis and Partridge,W1J 7PG,51.506448066400500,-0.146697900985216
Vole and B,E17 4LP,51.598573875484600,-0.014614464078012
Mockingbird and Egret,WC1A 1LT,51.517928133377300,-0.125548520673475
Kestrel and Macaw,SW1P 1PJ,51.496296168682300,-0.135958933090613
Myna and Meadowlark,IG8 0JF,51.611518381556000,0.036574633768708
Flameback and Myna,EN3 4FA,51.651932047314100,-0.077090766898905
Egret and Masked owl,SW1W 8ED,51.490641758331500,-0.156558093949820
Pratincole and Marmoset,WC2H 9PS,51.514301000000000,-0.125197890058571
Quetzal and Mamo,SE1 2DE,51.500665633414100,-0.072619000000000
Wallaby and Grosbeak,E7 0AG,51.555629866211300,0.018324095953558
Parrotbill and Crow,SW7 4AZ,51.496381397977300,-0.185543235831147
Stilt and Grosbeak,NW3 7RA,51.557325144656400,-0.187417756350411
Eagle and Stint,WC2B 4NA,51.512559102449500,-0.118333000000000
Piping shrike and Pheasant,N3 3LF,51.595514069057900,-0.198993061006454
Egret and Logrunners,EC3A 4AA,51.513540567417200,-0.080560805657613
Condor and Stilt,W2 4JH,51.509904354656800,-0.193004064530911
Ground sloth and Boto,E4 6BJ,51.628179000000000,0.017526000000000
Prion and Darwin's finches,SE10 0PG,51.494575000000000,0.006579000000000
Old World warbler and Linsang,W1T 5EH,51.523388300762500,-0.138644005436134
Myna and Zebra,N1 1LB,51.543317873666200,-0.110098172165149
Stint and Condor,SE7 8NE,51.491889546503800,0.035502444057113
Linsang and Fish eagle,W8 5AA,51.499725213836200,-0.185453660541193
Goose and Vulture,SW3 6HH,51.491505665086700,-0.172685802578011
Pheasant and Petrel,N14 5RT,51.631919544829900,-0.139319597341622
Armadillo and Triller,W1J 5HH,51.507031067127600,-0.146602194246290
Triller and Civet,W1W 8DD,51.516813388976600,-0.137989621057320
Parakeet and Chipmunk,NW1W 7PF,51.530784525000000,-0.135430053900000
Duck and Bunting,EC2P 2RT,51.524567000000000,-0.112017000000000
Peafowl and Old World warbler,NW2 5NA,51.550707225586700,-0.234630125135146
White ibis and Francolin,N5 2RA,51.549923069979500,-0.092054440071483
B and Fox,E15 3PP,51.534578143461300,0.014133972973535
Magpie and Buzzard,N22 7HA,51.599308363709400,-0.115903887726794
Prion and Kestrel,W1W 7RH,51.517932238302100,-0.140495183147105
Chicken and Cuscus,N10 3AB,51.586164407106400,-0.142604159331629
Meadowlark and Black cockatoo,W1W 7JE,51.517364395945700,-0.140979537223699
Duck and Piping shrike,NW1 0JY,51.536027348449600,-0.137234433553107
Viscacha and Chicken,E14 3LW,51.497063535923600,-0.012387150865291
Hawk and Viscacha,SE1 3LZ,51.499634230314100,-0.078681399104686
Duck and Myna,E6 1JN,51.536982980479600,0.047160702141607
Quetzal and Vole,N18 1AD,51.608831147599100,-0.087390000000000
Dolphin and Songlark,NW6 7XG,51.543797561617800,-0.204179649588268
Herring gull and Armadillo,E18 2HH,51.592058065922400,0.014712210186689
B and Eagle,E9 6PW,51.543244341550900,-0.050107230420298
Peafowl and American sparrow,NW5 1ET,51.562278735145700,-0.147040217354841
Eagle and Armadillo,W9 3RT,51.524008858340800,-0.199134485841441
Dolphin and Parakeet,EN2 7PR,51.659204297606800,-0.101361000000000
Greenbul and Hawaiian honeycreeper,E13 9LQ,51.527493250152900,0.032822682592043
Jerboa and Jerboa,E9 5LH,51.543779076684300,-0.025492000000000
Jay and Tattler,E3 5RP,51.529209879275600,-0.038956885255097
Nukupuʻu and Coati,N14 5AY,51.627962601484100,-0.140435099226283
Kākāriki and Coati,WC1R 4SG,51.519434604515400,-0.119663401413813
Elephant and Argus,W1W 8RA,51.517165000000000,-0.139100000000000
Thrasher and Pheasant,N2 0UR,51.593601783844300,-0.179376110354960
Kite and Jerboa,NW2 6JP,51.562296565578600,-0.222004620170310
Mink and Macaw,E4 6BQ,51.630086018318700,0.017422691356762
Mink and Jackal,NW11 9LH,51.580195910463800,-0.213425641471080
Diving bird and Mockingbird,N1 2JJ,51.544776606556400,-0.095759877061528
Darwin's finches and Buzzard,W1S 3BH,51.511658353492500,-0.140336000000000
Vulture and Petrel,E7 9JL,51.546080802043400,0.018594000000000
Pratincole and Magpie,W11 4DY,51.509346781619300,-0.213546950810425
Fish eagle and American sparrow,NW7 4AY,51.618462592079100,-0.239311351018448
Grouse and New World blackbird,N4 1ED,51.576277000000000,-0.097344000000000
Vulture and Eagle,SE11 4TH,51.492313283641100,-0.105149650646177
Dorcopsis and Pitohui,N16 0UG,51.561359675441900,-0.081462209625130
Marsh harrier and Tree warbler,SW5 0TJ,51.493678000000000,-0.190858983166461
Jerboa and Minke whale,N10 2BU,51.597251802983100,-0.140318133602694
Old World vulture and Minke whale,N10 2HN,51.605004964970000,-0.147250776546117
Duck and Fish eagle,E8 2FE,51.547215000000000,-0.071557000000000
Vole and Old World warbler,SE1 1NA,51.504570584837100,-0.089494000000000
Triller and Mole,E15 2LP,51.530032000000000,-0.008574000000000
Asiatic leopard and Tahr,N10 3QJ,51.589443682962100,-0.141849654267618
Jay and Mouse,WC1V 6NY,51.518525573397200,-0.119614359100502
Greenbul and Parakeet,N6 5LU,51.570993733281900,-0.136902115737567
Moluccan boobook and Chickadee,NW1 1LS,51.529265374612800,-0.130474901573761
Chicken and Grouse,EC1V 9LH,51.526933255234400,-0.087335589729085
Piping shrike and Peafowl,E14 2BD,51.510312954120000,-0.006218906726198
Elephant and Hawaiian honeycreeper,W12 9QL,51.505404369126700,-0.238269182918050
Mole and American sparrow,N17 0TW,51.604770940438700,-0.057682225170210
Capuchin and Lemming,N1 1WF,51.539238000000000,-0.104444000000000
Macaw and Stint,W1K 2LA,51.510057494982400,-0.150903554739213
Marmoset and Pitohui,W1C 2AD,51.514415896376400,-0.147443000000000
Boto and Booted eagles,E8 3GJ,51.544585262879900,-0.064832556360742
Zebra and Tahr,W1K 3NW,51.509999077710200,-0.148340763005288
River dolphin and Partridge,EN5 5UU,51.653819445773800,-0.201887119011823
Myna and Perching duck,EC2M 1PF,51.524501611318500,-0.112088280168721
Jackal and Parrotlet,W1K 3PF,51.510884439557600,-0.145754068310974
Myna and Towhee,NW11 6JY,51.586043232743700,-0.182536405769142
Crow and Warbler,W1U 2EP,51.517238595382700,-0.150655975575423
Jackal and Parakeet,E1 5AW,51.521138696773800,-0.066144000000000
Argus and Quetzal,W1G 8LA,51.517895913355400,-0.149000626056692
Asiatic leopard and Fulmarine petrel,N17 6LB,51.590984921262500,-0.084458651382727
Kangaroo and Flameback,N14 6PD,51.629141000000000,-0.122953911714979
Hawk and Masked owl,E1 0LH,51.512278112497500,-0.047120676565812
Boto and Ibex,EN3 4NH,51.643222093233700,-0.041947312292064
Nukupuʻu and Jerboa,W1G 8HY,51.518132651036100,-0.147477603640629
Polecat and Pratincole,W1F 9DZ,51.510893124653200,-0.137222231017786
Jerboa and Moluccan boobook,NW9 5XT,51.601567789811700,-0.244224649794355
Civet and Marsh harrier,W1K 5DT,51.512925573910800,-0.148020329813280
Siskin and Petrel,EN5 3LX,51.648733641702700,-0.232342370896770
Mole and Moluccan boobook,E1 4BL,51.522347130688200,-0.043720416599066
Herring gull and Cuscus,EN3 4JW,51.648341000000000,-0.049576000000000
Maya and Guillemot,EN4 0AG,51.649203932154300,-0.149166000000000
Hawk and Bunting,E13 9LX,51.527081903008700,0.032170023092995
Snipe and American sparrow,NW8 0LL,51.534511149814600,-0.178692490252529
Tattler and Marmoset,E8 3HQ,51.540744530130900,-0.062053636433638
Scimitar babbler and Coati,EN1 3HR,51.660225331070500,-0.078330154771846
Thrasher and Zebra,NW11 7JG,51.570374850269300,-0.184041601667329
Mamo and Dolphin,SE16 4UN,51.500446502286300,-0.067913186758722
Black cockatoo and Black cockatoo,EN1 1NG,51.651360853182500,-0.072966081973921
Mouse and Rat,E3 5JZ,51.534096423233600,-0.031652806824577
Black cockatoo and Marsh harrier,W1J 6NP,51.510663976049500,-0.145460384393118
Recurvebill and Siskin,N1 6BU,51.529007540959400,-0.083846215271382
Bronzewing pigeon and Cloud rat,E2 0QR,51.529974364897900,-0.047588953607200
Marsh harrier and Vulture,NW5 9RB,51.550839000000000,-0.146700000000000
Vulture and Fish eagle,NW6 7LE,51.540461732933900,-0.199508931782275
Scimitar babbler and Grouse,N1 5TU,51.539254172842400,-0.078051478707882
Pheasant and Mamo,N15 4NW,51.582587907405700,-0.070854037504356
Philippine hawk-owl and Old World vulture,W1G 9EF,51.517515000000000,-0.145942202188097
Towhee and Parrotbill,E3 4DP,51.523399882193000,-0.018577996478669
Wader and Myna,W1W 5QF,51.521832032698100,-0.143147205847431
Mamo and Guillemot,SE1P 4GQ,51.492762000000000,-0.080152000000000
Wallaby and Maya,N1 5ED,51.535805063581600,-0.088203751297001
Scimitar babbler and Stint,W8 6DF,51.494689689567000,-0.198302173808440
Grosbeak and Wallaby,E14 9DG,51.498156893470500,-0.020595145186495
Parakeet and Chicken,NW6 4QJ,51.539873282460500,-0.192235458139184
Tit-tyrant and Mamo,E18 9DR,51.592000000000000,0.026603000000000
Rabbit and Condor,N19 3QQ,51.569074185246400,-0.122697000000000
Ibex and Coati,NW1 6TS,51.521554469050500,-0.164362426691077
Fox and Old World quail,SE1 3SX,51.501519331618700,-0.084523984521300
Chicken and Quetzal,E16 3JP,51.513379347427200,0.032035710710701
Triller and Cuscus,EN1 2EF,51.642191503940700,-0.076433370366641
Ice seal and Night heron,W1J 7TR,51.506505958485200,-0.148655297676813
Songlark and Maya,N4 1JU,51.573359678400000,-0.089691000000000
New World blackbird and Black cockatoo,N9 0HP,51.624582000000000,-0.047325245353732
Minke whale and Wallaby,SE17 1LN,51.489955000000000,-0.095495000000000
Kākāriki and Old World vulture,NW9 5QL,51.601582486281600,-0.242202508252012
Viscacha and Argus,N17 6SX,51.597884770510300,-0.069252893439722
Booted eagles and Logrunners,W1J 7RQ,51.505993040951400,-0.147494489653751
Egret and Prion,N12 8EU,51.612027000000000,-0.186857000000000
Peafowl and Polecat,E14 9QR,51.505907434013700,-0.006800300425278
Kangaroo and Gull,SE17 1DW,51.488587954894500,-0.094457647003165
Vole and Ice seal,E1W 1AF,51.508269439657500,-0.069513271651094
Treepie and Vole,N1 9LX,51.530710657303500,-0.110115722685988
Ibex and Bronzewing pigeon,NW1 7AN,51.537420406288400,-0.145699584436105
Cuscus and Puffleg,SW1W 0LD,51.496295193014400,-0.146677546065167
Perching duck and Siskin,E11 1NJ,51.574257491020400,0.013910517086017
Wader and Piping shrike,N6 5YL,51.565919670250400,-0.122089247813613
Old World warbler and Nukupuʻu,SE1 3GF,51.493937668844500,-0.074785000000000
Rat and Eagle,SE1 6ER,51.495848866929400,-0.104686084774932
Kākāriki and American sparrow,N1P 1JB,51.538645000000000,-0.103543000000000
Piping shrike and Ibex,EN5 4DA,51.653047032730500,-0.214913847799619
Coati and Thicketbird,N18 2EX,51.617359722544500,-0.058184822618551
Stilt and Warbler,E3 4TJ,51.525645000000000,-0.029928000000000
Stilt and River dolphin,W1K 7AX,51.512515000000000,-0.156727000000000
Puffleg and Grackle,NW1W 8EL,51.530783041088500,-0.135430048905449
Vole and Partridge,EC3M 6BN,51.511681000000000,-0.082793601683911
Tattler and Stilt,NW6 1BQ,51.535982385676200,-0.194754358325255
Duck and Fox,N4 2LG,51.567568000000000,-0.098718000000000
Warbler and Grouse,N7 7QR,51.560866490686100,-0.114275937939088
Jackal and Guillemot,W1H 7QX,51.515531740401000,-0.158767413455654
Grosbeak and Night heron,N1 8LX,51.539269953642300,-0.097777865784001
Moluccan boobook and Kestrel,E15 2TJ,51.536716112108000,-0.003089739335889
Myna and Greenbul,SE16 2XN,51.494789094622000,-0.049380928270577
Triller and Kākāriki,E4 7PJ,51.640269658447400,-0.006506839277075
Warbler and Pheasant,E3 2ZT,51.529682557458800,-0.029522050917399
Wallaby and Cuscus,NW4 3PB,51.577933479562000,-0.228379000000000
Kite and Polecat,W1U 1NR,51.515554438897200,-0.150493585561609
Magpie and Grouse,W1T 1DF,51.517988079324500,-0.133819439586984
Pheasant and Pitohui,EN5 4HF,51.657710708452400,-0.207024630318147
Chickadee and Hawaiian honeycreeper,W1G 8ET,51.518525544298600,-0.149580473645061
Warbler and Petrel,E11 4LL,51.558840579903800,0.004140490632264
Fish eagle and Parrotbill,N19 4RH,51.561405915117100,-0.126055158245903
Black cockatoo and Mouse,E2 0AN,51.527163110388200,-0.059531000000000
Siskin and Civet,NW1 8QB,51.546426496213100,-0.143718128661708
Snipe and Asiatic leopard,W1G 9QL,51.517507444973800,-0.146609342750974
Badger and Tree warbler,N1 9BL,51.531899010838300,-0.119712133681102
Dorcopsis and Black cockatoo,E2 9DY,51.532205729635500,-0.060671705876798
Fox and Grosbeak,NW1 5AN,51.522204170770700,-0.160487542393691
Kestrel and Night heron,E9 7AD,51.543704984882100,-0.045905204541860
Shearwater and Mouse,N13 4AY,51.632899606721100,-0.099455303327856
Parrotlet and Perching duck,SE1P 5BY,51.492760984014900,-0.080151672390443
Booted eagles and Fish eagle,E16 3AB,51.510186021133400,0.020638311466215
Grouse and Bunting,W1D 6LW,51.511434829725900,-0.132833457466537
Nukupuʻu and Towhee,WC1X 0ED,51.526676527808200,-0.111450495926975
Ice seal and Vulture,E1 0RG,51.515443000000000,-0.044319000000000
Argus and Siskin,NW1W 8UJ,51.530784525000000,-0.135430053900000
Asiatic leopard and Meadowlark,E8 3PN,51.540711281595900,-0.057325003774693
Petrel and Darwin's finches,SE1 9BG,51.506542176314000,-0.087584414178080
Cloud rat and Buzzard,EC4Y 0HA,51.511392282221700,-0.108292433280224
Solitaire and Vulture,NW2 6XB,51.557360595010800,-0.226813384491765
Duck and Petrel,NW6 5QP,51.534074696586300,-0.195839128757122
Stilt and Grosbeak,W14 8DP,51.504423923452500,-0.209157382765071
Dorcopsis and Booted eagles,E17 9AL,51.579665481986600,-0.018512993893903
Tit-tyrant and Ice seal,SE10 1ET,51.489343000000000,0.018014000000000
Macaw and Prion,NW1 1BP,51.530461508159900,-0.133871680228705
Mamo and Gull,W1F 7EP,51.513848924423800,-0.138182569634145
Cloud rat and Greenbul,W11 4ND,51.507000945090700,-0.207730628729634
Marmoset and Macaw,NW2 3DG,51.554171000000000,-0.217403000000000
Stilt and Bunting,SW1W 8NW,51.490738962083300,-0.155877142484539
Ground sloth and Mink,SE1 2ES,51.503151072253500,-0.081472906263827
Vulture and White ibis,NW5 1PT,51.556407600881200,-0.148807961406705
White ibis and Stint,N12 2FL,51.616854000000000,-0.180703000000000
Elephant and Pitohui,N19 4SZ,51.562582332462600,-0.130464941968330
Pitohui and Puffleg,E11 1PN,51.584708603591000,0.023221264809093
Vole and Minke whale,E13 9FG,51.531840000000000,0.040051000000000
Vole and Grosbeak,N6 6ER,51.565026958801900,-0.148530044710075
Black jay and Siskin,N1 0FB,51.536633000000000,-0.112625000000000
Eagle and Prion,N8 7FG,51.589026000000000,-0.117055000000000
Bunting and Partridge,E10 5HH,51.563719026439900,-0.019422763834042
Mockingbird and Piping shrike,N12 8PB,51.610997884712600,-0.184919510713867
Civet and Piping shrike,N1 0BN,51.538981347497200,-0.119477924603166
Egret and Songlark,NW8 9NU,51.530503715448700,-0.178318985909434
Chicken and White ibis,NW5 9JP,51.550839000000000,-0.146700000000000
Macaw and Jay,SW3 3JE,51.491578548012400,-0.163535619431917
Old World quail and Treepie,W6 6SS,51.491511671282700,-0.234123160150245
Civet and Tree warbler,EN2 6EW,51.648627490731900,-0.079572333223988
Vulture and Solitaire,NW9 6DW,51.590910713786200,-0.242340185022783
Scimitar babbler and Vole,SW7 2HR,51.495409759344500,-0.173927093889889
Marsh harrier and Ground sloth,NW10 4SY,51.533775490432500,-0.241874435780633
Tahr and Lemming,EC3P 3AS,51.524501611318500,-0.112088280168721
Old World warbler and Marmoset,EN1 4HL,51.662809674159700,-0.051803082679083
Perching duck and Rabbit,N16 9NT,51.556014135126500,-0.086173544620897
Warbler and Pitohui,SE1 2SW,51.505919998362200,-0.086779000000000
Parakeet and Vulture,NW8 1LS,51.535966000000000,-0.194644000000000
Solitaire and Tree warbler,EC1R 1AE,51.528867007904800,-0.109456867437264
Wader and American sparrow,W10 6BD,51.523370000000000,-0.217265000000000
Piping shrike and Philippine hawk-owl,NW1W 8RB,51.530786000000000,-0.135404000000000
Black jay and Moluccan boobook,E16 3NA,51.512624057608900,0.025271616869471
Meadowlark and Mamo,W1D 6LE,51.512047801264000,-0.132361632322482
Stint and Tahr,E16 3TA,51.516348116652600,0.040772619146767
Warbler and Hawk,E20 1GZ,51.549059000000000,-0.013353000000000
Towhee and Macaw,N1 2TD,51.542287000000000,-0.094763264520670
Greenbul and Songlark,W1H 6LF,51.515740605713400,-0.154319850047673
Condor and Herring gull,W11 2RS,51.514680375957100,-0.196576701749325
Badger and Armadillo,W1T 6NZ,51.523021510710900,-0.141599647646367
Viscacha and Pheasant,EN2 7HW,51.654644000000000,-0.108911000000000
Kite and Tattler,E7 8QH,51.542543622007500,0.042853026920255
Myna and Parrotbill,N17 6FZ,51.596269389394300,-0.069451348875812
Tahr and Wallaby,NW8 9TU,51.534677125161300,-0.175484904498123
Armadillo and Grosbeak,N3 3JN,51.590414171391100,-0.199356000000000
River dolphin and Mamo,E8 3EX,51.545572535041100,-0.067444387466796
Partridge and Mink,WC2E 8HH,51.511733603938800,-0.123943707248294
Philippine hawk-owl and Zebra,NW3 9TB,51.554292900200000,-0.173863521000000
Chicken and Rabbit,W10 5EF,51.523774793876000,-0.208513631399884
Philippine hawk-owl and Puffleg,NW10 2ND,51.546663455704800,-0.234815490633562
Armadillo and Night heron,W1K 5DJ,51.513188805654100,-0.146467569251655
Vole and Hawaiian honeycreeper,W11 4LW,51.510020740198100,-0.210566355688672
Parrotlet and Capuchin,W10 6AD,51.521241944764600,-0.227654481145943
Bunting and Recurvebill,W1G 6NT,51.520210127258000,-0.150910372093138
Mole and Mole,NW10 4NJ,51.535897000000000,-0.247220031693516
Old World quail and Wader,SE16 5SN,51.506009839348100,-0.043858272814731
American sparrow and Parrotlet,W1W 6XP,51.520056953059100,-0.142354555352136
Darwin's finches and Badger,W1D 3ST,51.514763289539700,-0.133475628679419
White ibis and Linsang,EC1V 8AT,51.528764000000000,-0.097084135116088
Kestrel and Chicken,NW4 4UU,51.594585477263700,-0.232554009596919
Chipmunk and Rabbit,EC1V 7EP,51.524550373297500,-0.099515797252582
Fox and Marsh harrier,EN4 8UN,51.641854375504300,-0.167225921046011
Coati and Solitaire,IG9 6BQ,51.625324407089900,0.047291945891413
Masked owl and Chickadee,E8 3BQ,51.545724000000000,-0.073856000000000
Towhee and B,W9 3DZ,51.533287959339400,-0.206107199253137
Marsh harrier and Songlark,NW8 8RD,51.526210040603200,-0.178043461306677
Nukupuʻu and Stilt,W4 2NA,51.492030000000000,-0.246420000000000
Mouse and Perching duck,W1K 4HE,51.512957308225000,-0.146044607906317
Viscacha and Cuscus,N6 4BY,51.575969308500000,-0.150625482100000
Quetzal and Vulture,W8 4HG,51.504547669793700,-0.192020014124470
Quetzal and Magpie,EC1A 2AA,51.516227326968500,-0.102543090587947
Mink and Stint,N1 1RF,51.538645000000000,-0.103543000000000
Treepie and Mink,EN1 1SL,51.646041603332000,-0.058099000000000
Pitohui and Hawk,WC2B 5PS,51.516671000000000,-0.120512000000000
Wallaby and Thrasher,W6 0JA,51.494949551629700,-0.234307241460231
Mole and Tattler,NW2 6YH,51.563143382105400,-0.232821190151466
Mockingbird and Puffleg,W1D 6PY,51.511439230487600,-0.132545047925499
Fox and Chickadee,E3 3PQ,51.523575154977200,-0.016710784032149
Elephant and Dolphin,NW3 3JJ,51.543342529038300,-0.171305000000000
Kestrel and Francolin,E14 6NA,51.511756728338800,-0.009686763082744
Towhee and Puffleg,NW3 9TZ,51.554292900200000,-0.173863521000000
Kestrel and Hawaiian honeycreeper,NW7 1SE,51.611446358129800,-0.212386708472243
Black jay and Marsh harrier,EN5 1AF,51.645287025388200,-0.186181002363910
Bronzewing pigeon and Ground sloth,E3 5DT,51.529319061668400,-0.037957399158509
Hawaiian honeycreeper and Black jay,N2 2DT,51.590766754300000,-0.167564968700000
Night heron and Night heron,W8 6PT,51.497341214051400,-0.193544185190501
Magpie and Vole,NW5 1NJ,51.556299531936600,-0.147658298446408
Jerboa and Francolin,N7 6HG,51.557847846836800,-0.120055865160513
Triller and Goose,E11 1LJ,51.571976160194200,0.000605406835777
Grackle and Chickadee,W12 9DH,51.506315382708800,-0.240251399707837
Herring gull and Bronzewing pigeon,NW2 6YN,51.562872419972700,-0.234534147238999
Recurvebill and Tahr,E14 7BU,51.515932965543700,-0.037653508125114
Argus and Kite,W2 3HL,51.510837674251400,-0.184147487661187
Quetzal and Vulture,W1G 9PY,51.519038830551300,-0.146777795999307
Thrasher and Lemming,E6 1NR,51.533956183419000,0.047976540007349
Parakeet and Eagle,E3 5SL,51.532628307902200,-0.041722479140870
Tit-tyrant and Chicken,W2 4HB,51.510204345951700,-0.194966498956530
Vole and Petrel,SE1 3PP,51.499970324737000,-0.077240875778965
Flameback and Civet,SW1A 2EP,51.505242000000000,-0.124513000000000
Skunk and Coati,E10 5RY,51.563134445637700,-0.014023278724736
New World blackbird and B,E17 6PS,51.586429890389400,-0.031455965679403
Chicken and Chipmunk,NW6 2BH,51.548025670215900,-0.200768013451621
Towhee and Cuscus,E11 3PJ,51.558803839848900,0.007341608160103
Quetzal and Boto,E17 5EU,51.595291258325600,-0.024185793631247
New World blackbird and Prion,N12 0AA,51.609951308684100,-0.174837000415445
Siskin and Cuscus,N8 1DW,51.535983966100000,-0.194754364400000
Quetzal and Mockingbird,N13 6AB,51.608596579918200,-0.107460557528749
Pitohui and Rabbit,E5 0SA,51.556668966126900,-0.050571778930838
Tattler and Black cockatoo,N13 5TU,51.617926948040200,-0.108343598219001
Peafowl and Gull,NW3 2BS,51.544432751846300,-0.155855958870758
Minke whale and Jerboa,EC2A 4NE,51.525615000000000,-0.083648738871021
Coati and Marmoset,N11 3FD,51.611096052417900,-0.146887231344579
Linsang and Mole,WC1E 7DP,51.519969635625500,-0.132325848832725
Chipmunk and Magpie,NW8 7HQ,51.529075720791700,-0.170345730443623
Buzzard and Philippine hawk-owl,N1P 2QA,51.538645000000000,-0.103543000000000
Greenbul and Zebra,W1H 5PT,51.517159000000000,-0.164409000000000
Grackle and Treepie,EN1 3XH,51.651932047314100,-0.077090766898905
Recurvebill and Booted eagles,W6 9AZ,51.492799407717900,-0.242025186163134
Fish eagle and Macaw,WC2H 7DE,51.510102698939600,-0.129933655391213
Fish eagle and Piping shrike,W1F 8AT,51.514525990130300,-0.135517484697415
Argus and Meadowlark,N12 8HR,51.616075521905700,-0.183561379469663
Lemming and Puffleg,NW11 9NE,51.578509570497000,-0.203100328096814
Coati and Marsh harrier,EC1M 6PX,51.520793554994500,-0.098533458771633
Capuchin and Buzzard,NW8 0NB,51.537487000000000,-0.179165000000000
Thrasher and Pheasant,NW2 1DR,51.568715000000000,-0.217642000000000
Pitohui and Viscacha,SW7 5NF,51.495705939487700,-0.182573522684735
Stint and Lemming,EC1A 7HP,51.519012000000000,-0.098420000000000
Kangaroo and Solitaire,NW1W 7BT,51.530784525000000,-0.135430053900000
Treepie and Stilt,E5 8SJ,51.562761692191900,-0.060627126424101
Parrotbill and Siskin,E14 0LD,51.512765000000000,-0.002179000000000
Mockingbird and Tree warbler,NW6 1JT,51.552786144099000,-0.191637033930197
Mockingbird and Mole,N3 1EN,51.607067629811300,-0.198304818496994
Old World vulture and Thicketbird,N14 6HN,51.635782936452100,-0.122167233539881
Mouse and Maya,SW1W 8NN,51.490508247618900,-0.156073715122058
Marmoset and Rat,N13 4DB,51.624707456732800,-0.105013183396288
Badger and Condor,W1J 7QX,51.506508130373400,-0.147084531032724
Booted eagles and American sparrow,E20 2AD,51.538590000000000,-0.012222000000000
Herring gull and Parrotbill,E14 5GL,51.505395000000000,-0.016276000000000
Ground sloth and New World blackbird,W1F 8AL,51.514448143217200,-0.135145940360566
Civet and Thrasher,E14 9PX,51.506289371176200,-0.004405966142495
Perching duck and Thicketbird,W11 2QZ,51.513437501937100,-0.199378478043921
Chicken and Badger,N13 5XD,51.622817188556600,-0.104340705579654
New World blackbird and River dolphin,W8 6QP,51.494385596378500,-0.197824360454988
Darwin's finches and Black jay,E3 3LR,51.523039000000000,-0.011044646751295
Myna and Black cockatoo,EN3 7HJ,51.658782529531900,-0.045397254363154
Egret and Cloud rat,SW1X 8BN,51.498188690005300,-0.151556837962798
Lemming and Viscacha,SE10 1EF,51.489343000000000,0.018014000000000
Philippine hawk-owl and Magpie,IG8 0ET,51.612493247542900,0.028053093570926
Chicken and Armadillo,N11 3DY,51.614612804706900,-0.150539000000000
American sparrow and Viscacha,E4 8PD,51.612393720887900,-0.025176427083619
Mockingbird and Pheasant,N5 1AJ,51.554480405326100,-0.100807337431926
Capuchin and Fish eagle,W1U 2LU,51.517658970255300,-0.147093247880327
Mockingbird and Magpie,E3 4DY,51.519890848489400,-0.030132125285421
Warbler and White ibis,W1U 1DY,51.515264007633800,-0.150894491477743
Goose and New World blackbird,N16 0LU,51.562186565673800,-0.074848405909550
Hawaiian honeycreeper and Mockingbird,N22 7SJ,51.598462946266500,-0.119084000000000
Dorcopsis and Goose,E7 0EF,51.556110806919700,0.023293472218761
Tattler and Pitohui,N1 7DB,51.536801621461400,-0.094737316933011
Piping shrike and Pratincole,E14 6PN,51.516989534639700,-0.012283684691622
Maya and Fulmarine petrel,N17 7DT,51.600531107897600,-0.085327652978892
Hawaiian honeycreeper and Goose,N2 8BH,51.592417086378200,-0.172002844953460
Cuscus and Solitaire,SE1 0FN,51.502056735600000,-0.100336557900000
Towhee and Flameback,N17 6PT,51.593858820684300,-0.071603715349179
Mamo and Grouse,SW1H 0QY,51.498744504089600,-0.135762000000000
Perching duck and Mink,E8 2ER,51.549520424947600,-0.068546366387772
Mockingbird and Polecat,W1T 6NR,51.522718786728300,-0.141222766389970
Chickadee and Fulmarine petrel,NW10 2LP,51.546069024064000,-0.235949008191785
Treepie and Armadillo,NW6 4PR,51.540288460351400,-0.194670488877139
Chicken and Kangaroo,E7 9AW,51.547127368023000,0.016491047024242
Philippine hawk-owl and Chickadee,N1 6HB,51.527163918994900,-0.083837121253481
Jay and Towhee,W2 1DS,51.519254659297100,-0.168534028378196
Logrunners and Scimitar babbler,SE1 7QX,51.498792604575600,-0.106552205133785
Linsang and Partridge,N8 9EX,51.575930000000000,-0.119902000000000
Jay and Diving bird,EC3N 1LA,51.510826853532800,-0.075198543338541
Mamo and Wallaby,SE10 0DX,51.501736937083400,0.003943000000000
Mouse and Greenbul,EN3 7SS,51.648532000000000,-0.024979000000000
Parrotbill and Grackle,E2 9NB,51.530760069831400,-0.052659217238426
Duck and Kite,EC1V 1NW,51.531605384266900,-0.103705955640181
Quetzal and Gull,W1D 4RW,51.513477677604200,-0.131236652518434
Vulture and B,E16 2AX,51.501816298692100,0.024246000000000
Macaw and Jackal,WC2R 3JE,51.512705048523900,-0.112748980842654
Civet and Mole,N17 0SG,51.603485000000000,-0.061279000000000
Meadowlark and Flameback,W1H 7JE,51.514786966851300,-0.158869508261645
Pratincole and Stint,W1F 7RJ,51.513676734290200,-0.138665192256201
Stint and Viscacha,SE17 9BX,51.489150000000000,-0.098428000000000
Solitaire and Rabbit,E7 9JW,51.545642991812700,0.021097000000000
Jerboa and Gull,WC1B 5DT,51.521518569374800,-0.127952491390735
Fox and Egret,NW1 0JS,51.536107955302100,-0.139480547972171
Grackle and Parrotlet,NW3 7EH,51.555983093764300,-0.189606078225588
White ibis and Egret,NW4 3BQ,51.577644000000000,-0.219129000000000
Vulture and Towhee,N1 3RD,51.540940709584100,-0.093785718575057
Lemming and Chickadee,N6 4NH,51.578980286075700,-0.159206168561933
River dolphin and Bunting,N21 1SN,51.646583853515000,-0.117182290764077
Treepie and Snipe,W1T 3LL,51.517320000000000,-0.136345114241685
Moluccan boobook and Towhee,E15 1XD,51.541510288965200,-0.000644000000000
Peafowl and Grouse,E14 8HX,51.510259719448800,-0.028068803235958
Macaw and Stint,EN3 5NE,51.661726031653200,-0.040180900549955
Old World warbler and Ibex,W9 1SD,51.526073370671700,-0.179086870264761
Thrasher and Buzzard,W9 3DG,51.527082246245500,-0.203107451724629
Kangaroo and White ibis,N1 1LP,51.544538731469800,-0.107177610848161
Parakeet and Philippine hawk-owl,WC2B 5NA,51.516187728569400,-0.121872593278355
Argus and Moluccan boobook,NW1W 7QD,51.530784525000000,-0.135430053900000
Herring gull and Kangaroo,E7 8PU,51.538886901654300,0.034902202767088
Chickadee and Logrunners,NW2 4HU,51.547830000000000,-0.210799989439277
Parakeet and Greenbul,N2 9DF,51.591941013713600,-0.165121121719283
Bunting and American sparrow,E17 3JY,51.590590303629400,-0.002532527666498
Thrasher and Eagle,E1 4EA,51.524946531052400,-0.048611325652144
Marsh harrier and Skunk,E5 5FD,51.559980000000000,-0.057531000000000
Stint and Thrasher,EC2M 7LD,51.518240000000000,-0.084673000000000
Macaw and Partridge,NW3 4SY,51.545473390326500,-0.157414747273741
Herring gull and Thrasher,NW9 6EN,51.586717452603900,-0.241549298699530
Skunk and Cloud rat,E16 4JS,51.522014338700800,0.013147086095846
Chickadee and Rat,E6 1QF,51.532846395029000,0.041481617644922
Shearwater and Meadowlark,WC2N 5DB,51.507365399956100,-0.125203907999767
Linsang and Diving bird,W2 3DN,51.513983273830600,-0.179972574448879
Old World quail and Duck,SW1W 9SL,51.493100340588600,-0.146519010248349
Black cockatoo and Grouse,W1U 2PG,51.517875615793200,-0.151134644187029
White ibis and Darwin's finches,N15 6DL,51.578817073138000,-0.073409593932153
Vulture and Ibex,W1S 4RB,51.510040000000000,-0.142344000000000
Parrotbill and Kite,N9 7BQ,51.635568000000000,-0.064376000000000
New World blackbird and Thrasher,EN5 2HX,51.649160701693700,-0.200076677314735
Fox and Bunting,E7 0AJ,51.555694119410900,0.019293466809772
Civet and Greenbul,SE1 6FG,51.493624000000000,-0.101595000000000
Stint and River dolphin,NW2 7DE,51.563870250330100,-0.232720870799467
Stilt and River dolphin,E16 1NZ,51.512540000000000,0.020339000000000
Badger and Darwin's finches,W14 8XD,51.494766361131100,-0.210357047023008
Duck and Songlark,WC2H 7AH,51.510039619444000,-0.128797765922068
Buzzard and Warbler,E11 3SF,51.564717762440600,0.025320415415953
Asiatic leopard and Songlark,W1F 7ES,51.513745656305500,-0.138475024215890
Badger and Marmoset,E16 2SB,51.501544305880500,0.031696000000000
Crow and Masked owl,NW1 3LJ,51.527863384581200,-0.143550577280519
Egret and White ibis,EC2A 3QQ,51.526168295498800,-0.080692935034457
Shearwater and Thrasher,N15 4LS,51.587659820192800,-0.076341296791999
Guillemot and Petrel,E17 3AF,51.588910658774300,-0.006879335821716
Minke whale and Quetzal,WC2B 5QZ,51.513969189532200,-0.122035907884748
Marmoset and Hawk,NW1 5DF,51.521156931509200,-0.167693744334072
Mouse and Mouse,SE8 3PB,51.492282327212100,-0.032287642110772
Rat and Marsh harrier,W1D 1BS,51.516308209453900,-0.134493448370142
Argus and Quetzal,SE16 4TW,51.501208471242200,-0.068313210744271
Myna and Hawaiian honeycreeper,W1K 3SA,51.510974312950300,-0.148027405694830
White ibis and Boto,N20 0ST,51.623738308173600,-0.157106322195328
Chipmunk and Mamo,WC2H 9QJ,51.513004000000000,-0.126336024569804
Herring gull and Goose,EC1V 3QR,51.526839355651700,-0.094273824665212
Logrunners and Gull,WC1H 0LR,51.523414103929100,-0.126144919772679
Badger and Bronzewing pigeon,E8 2FH,51.546729556816000,-0.071549175602459
Badger and Crow,W1J 7SE,51.505736961346500,-0.148931431197040
Stilt and Greenbul,N16 5HZ,51.572103772165700,-0.080793400557474
Bunting and Rat,WC1X 9JT,51.530077609455300,-0.117163215223937
River dolphin and Capuchin,SW3 2SX,51.491844575498000,-0.160427801591552
Grouse and Scimitar babbler,EN1 1HG,51.634953000000000,-0.068691000000000
Hawk and Darwin's finches,N17 7DN,51.601423721480600,-0.086575270991648
Badger and Snipe,NW6 6LA,51.535166813159100,-0.207835688278919
B and Ibex,SE18 5EA,51.489464518488800,0.051326228339738
B and Civet,W6 0AG,51.500147943322400,-0.230778154428850
Fulmarine petrel and Hawaiian honeycreeper,SE1P 5AA,51.492760984014900,-0.080151672390443
Mouse and Bronzewing pigeon,NW7 0LB,51.615437000000000,-0.241094000000000
Grosbeak and Night heron,E1 5HG,51.520646312955300,-0.066424125082496
Rabbit and Polecat,N20 8PT,51.634073706454200,-0.201211000000000
Fox and Fulmarine petrel,NW4 3XU,51.583426895306600,-0.229032084190434
Hawaiian honeycreeper and Old World warbler,W12 7TQ,51.513378000000000,-0.227873000000000
Mouse and Armadillo,W1F 7PZ,51.513472859159300,-0.139985004787512
Tahr and Rabbit,W10 6LP,51.518727717256100,-0.218397645001115
Vulture and Wallaby,W1K 4HB,51.512964473618500,-0.145929021490395
Recurvebill and Black jay,SE17 1QS,51.491288360399600,-0.086335755818796
Badger and Chickadee,WC1H 9BT,51.528275836376200,-0.127069820444066
Philippine hawk-owl and Minke whale,W12 9NQ,51.499027663952300,-0.246597609500863
Fish eagle and Piping shrike,EC2V 6AT,51.513979000000000,-0.094104000000000
Dolphin and Perching duck,W1W 6PU,51.519996099270900,-0.142486759059154
Buzzard and Perching duck,EC2V 5DD,51.516785000000000,-0.090878931874880
Chickadee and Gull,E5 8NP,51.552699773609400,-0.059437000000000
Darwin's finches and Condor,SE1P 5NY,51.492760984014900,-0.080151672390443
Triller and Capuchin,N1 2BQ,51.539282572977000,-0.100776770743234
New World blackbird and Duck,N8 0DJ,51.589916613328600,-0.111759482956082
Marsh harrier and Fish eagle,W10 5AN,51.524744000000000,-0.211229000000000
Cloud rat and Darwin's finches,E1 0FA,51.516996000000000,-0.039181000000000
Grosbeak and Skunk,EC1A 9BD,51.524567000000000,-0.112017000000000
Skunk and Rat,N1 1FG,51.538645000000000,-0.103543000000000
Coati and Dorcopsis,N4 4EB,51.574720173856600,-0.113486140796573
Wader and White ibis,EN5 1EJ,51.641224000000000,-0.181554361339235
Bronzewing pigeon and Duck,W10 5GJ,51.521607784088900,-0.207935603557977
Pratincole and Pheasant,WC2A 1PN,51.517642000000000,-0.112156425733562
Pitohui and Cuscus,SE11 4HU,51.488969436580900,-0.105792447585620
B and Thicketbird,E3 5GW,51.528053649152500,-0.031668360514473
Shearwater and New World blackbird,NW1 7JR,51.537317103472200,-0.142012355822377
Darwin's finches and Darwin's finches,W1K 3PY,51.511119233127700,-0.145816591586285
Vulture and Thicketbird,SE18 5QQ,51.493852045373900,0.054462086070700
Rat and Old World warbler,N22 7ET,51.600482855420100,-0.116245146903701
Pratincole and Night heron,NW4 2JY,51.588296698937500,-0.209210241338897
Civet and Ice seal,NW2 6UX,51.557076494606500,-0.227055245469486
Songlark and Philippine hawk-owl,W1K 4QN,51.511872876230900,-0.147414501018013
Booted eagles and Jay,EC2A 3NW,51.523110683037000,-0.077938450554923
Minke whale and Petrel,E8 2DG,51.551480000000000,-0.073363865159466
Mouse and Old World warbler,NW2 7JN,51.567278978945400,-0.230972652828943
Tit-tyrant and Gull,EN3 7HZ,51.658054566669100,-0.041105592582642
Dorcopsis and American sparrow,E13 8LH,51.522175510652700,0.026243163810930
Grosbeak and Kite,E17 0UG,51.585505000000000,-0.017986000000000
Nukupuʻu and Jackal,E9 5JF,51.546764459766400,-0.029894585136404
Petrel and Gull,E9 7RD,51.540792403832600,-0.051913709669226
Stint and Night heron,NW5 3PY,51.545648950107900,-0.153138668353245
Logrunners and Kākāriki,IG8 0BW,51.610261043591000,0.027130342113047
Bunting and Jerboa,N11 2PB,51.606808107590100,-0.127709998795368
Tattler and Kākāriki,N3 3DE,51.592677512526200,-0.189966585410306
Mole and Ground sloth,NW2 6LU,51.569662000000000,-0.231501000000000
Diving bird and Myna,EN5 9LQ,51.643012000000000,-0.171144786961926
Boto and Greenbul,E10 6RJ,51.566640667284700,-0.011922490767383
Jay and Cuscus,E17 3BA,51.585958111957600,-0.018499000000000
Black jay and Eagle,E4 8PS,51.612047077338500,-0.029163447972685
Stint and Quetzal,WC2A 3BP,51.516968975161400,-0.117876812321546
Pitohui and Dorcopsis,W10 4BP,51.532680894499800,-0.208066000000000
Zebra and Warbler,N16 7SJ,51.558649286306700,-0.068087483805447
Mamo and Ground sloth,SW1W 8PB,51.489687864809500,-0.151943892183574
Parakeet and Stilt,NW6 6LT,51.534829044971500,-0.205152650851745
Argus and Condor,W14 0HD,51.498111997554900,-0.218063479576081
Piping shrike and Badger,E18 2PJ,51.598561831043900,0.020342614065193
Grackle and Parrotbill,NW3 5QE,51.551451998039400,-0.172275183377781
Kangaroo and Cuscus,E1W 3ED,51.510041838296300,-0.051078510638565
Puffleg and Elephant,E17 3PQ,51.583823468584500,0.004056006932282
Mockingbird and Perching duck,N17 0UB,51.605899000000000,-0.063263005738167
Cuscus and Maya,E5 0PD,51.550590573987100,-0.051872000000000
Wader and Peafowl,W1K 7TA,51.509880849935300,-0.155810000000000
Marsh harrier and Nukupuʻu,IG9 5HS,51.625207431592000,0.030729429981525
Warbler and American sparrow,N1C 4BY,51.536690000000000,-0.127232000000000
Pratincole and Mink,N7 0LF,51.552870533226000,-0.123708560508936
Dolphin and River dolphin,E11 2SZ,51.575009161080900,0.018836151714284
Flameback and Grouse,EN4 9EU,51.649865915677600,-0.157420116396521
Old World warbler and Puffleg,EC3V 9DL,51.513006887755500,-0.085872468087472
Egret and Chipmunk,SE10 0QY,51.493545364565300,0.012511988886263
Chipmunk and Thrasher,W2 3DR,51.513579757114900,-0.180046305910104
Triller and Linsang,N11 1DL,51.621556478993800,-0.139642425274817
Francolin and Magpie,NW3 4SR,51.545187075545000,-0.158652192328872
Pitohui and Puffleg,EC1N 8PG,51.519419238763200,-0.108550877436139
Buzzard and Philippine hawk-owl,N15 6JR,51.578536117522300,-0.072728700612311
Treepie and Chipmunk,EN5 5NP,51.655936706630400,-0.188112366397960
Duck and Booted eagles,EN4 9HS,51.651176199409800,-0.152105091689613
Grouse and Marsh harrier,WC2E 7AW,51.513700288629700,-0.122652280078921
Condor and Booted eagles,NW2 4HA,51.549509279557600,-0.215957000000000
Badger and Black cockatoo,E2 8AB,51.529379134377000,-0.077977211182248
Jerboa and Partridge,NW2 3BS,51.551932188986200,-0.211431000000000
Pitohui and Boto,N20 0FA,51.627541000000000,-0.171722000000000
Polecat and Argus,WC1X 0LS,51.527829742869700,-0.116059367769503
American sparrow and Cloud rat,N20 0QZ,51.626065822104800,-0.175173000000000
Nukupuʻu and Dolphin,EN4 8DU,51.636729045185300,-0.163790872026207
Recurvebill and Tree warbler,E13 8RJ,51.525762219640500,0.029963229093543
Greenbul and Badger,N18 1PB,51.615166173414000,-0.073502912153907
Old World vulture and Ice seal,E13 9HT,51.530327868463400,0.026475383741712
Pratincole and Recurvebill,W1C 2HX,51.514374144208300,-0.146361803755005
Old World quail and Zebra,N12 8RR,51.623697000000000,-0.179140000000000
Chicken and Grouse,SW1A 1LR,51.506317301683100,-0.140708712280237
Argus and Peafowl,IG9 5QG,51.628708666787700,0.039483000000000
Herring gull and Marsh harrier,N11 2RU,51.611387765593100,-0.133515465907569
Kestrel and White ibis,N12 8DP,51.615004899579600,-0.181784155536998
Cloud rat and Hawaiian honeycreeper,N1C 4DJ,51.537837000000000,-0.126378000000000
Elephant and Condor,SE16 2DJ,51.491908296797900,-0.056231254835836
Gull and Night heron,WC2H 9PW,51.513740000000000,-0.125043000000000
Kestrel and Elephant,EC1P 1EW,51.524501611318500,-0.112088280168721
Dolphin and Warbler,EC1A 7JN,51.519071419848100,-0.098806983046064
Parrotlet and Stint,E17 3LH,51.589240502984500,-0.001422393727188
Marmoset and Mouse,W12 7ES,51.508693947181900,-0.229798656914832
Mamo and Pheasant,N22 7XA,51.599075358671400,-0.126064321511928
Chicken and Mockingbird,E10 6DT,51.579872005309400,0.000057304425792
Argus and Kite,SW1W 9JE,51.493118952602800,-0.152827937526335
Old World quail and Rabbit,W8 5UE,51.497461452774900,-0.189678365611425
Polecat and Snipe,N3 3WP,51.601389000000000,-0.195059409551236
Maya and Eagle,W2 5HT,51.516851977373400,-0.188693451973872
Treepie and Viscacha,EN5 2TY,51.644309007176800,-0.196828895707293
Meadowlark and Songlark,SE1P 4PT,51.492762382100000,-0.080151676700000
Dolphin and Mink,E18 2GH,51.597242399653100,0.023330672084133
B and Tattler,W1F 0EH,51.513431199712400,-0.133400371143705
Flameback and Mamo,N7 8JA,51.547057000000000,-0.105541056997962
Grouse and Marsh harrier,N16 8JX,51.549213000000000,-0.077704000000000
Tattler and Vole,W2 2BL,51.515182137961100,-0.164575379963567
Prion and Parrotbill,NW2 2BL,51.559015673084500,-0.202613685772226
Fulmarine petrel and Grosbeak,W1J 7ER,51.506371257000600,-0.144683637743027
New World blackbird and Herring gull,W1H 5QD,51.515370681213800,-0.161685267772489
Tit-tyrant and Booted eagles,SE1 6EP,51.495521444464700,-0.103345454637012
Thrasher and Buzzard,W1F 0EN,51.513242067112500,-0.132817208456808
Dorcopsis and Grosbeak,N11 2HL,51.613725406587000,-0.125590986216807
Francolin and Snipe,N14 6XD,51.630602438086200,-0.128305378480647
Tahr and Dolphin,NW10 3LJ,51.539083539649100,-0.227307000000000
Goose and Pheasant,NW3 2YD,51.550426635516600,-0.159032010340298
Towhee and Parakeet,EC1V 7AN,51.527075000000000,-0.099702000000000
Cloud rat and Minke whale,N17 9BU,51.593296034824100,-0.068003736723007
Ibex and Thrasher,W12 9DL,51.506537443862600,-0.243067153085950
Old World vulture and White ibis,NW11 0JY,51.580972124791000,-0.206539362522741
Vulture and Grosbeak,N14 4QL,51.641106838159800,-0.140273168819943
Ice seal and Vole,N1 5LD,51.534594356699000,-0.081794819852838
Vulture and Marmoset,N3 3HA,51.590784892937500,-0.207856421663205
Elephant and Peafowl,W10 4RQ,51.526895897183000,-0.207973058109787
Greenbul and Puffleg,N1 7PQ,51.530518281079900,-0.091568280060921
Kangaroo and Stilt,W1T 4SD,51.519485144130500,-0.136352766795777
Tree warbler and Grouse,W1F 8SF,51.515201305842100,-0.136138478694538
Thicketbird and Mole,W1J 7JY,51.506494476431700,-0.146220491339818
Fish eagle and Marsh harrier,SE1P 4LU,51.492762382100000,-0.080151676700000
Tree warbler and Myna,W2 1PE,51.518378000000000,-0.171048000000000
Triller and Bunting,EC1V 8DG,51.528449000000000,-0.096271000000000
Coati and Siskin,IG8 9LU,51.603301047540600,0.001967618960415
Nukupuʻu and Stilt,E4 8QJ,51.610641704417000,-0.024732516689221
Perching duck and Eagle,E15 4BQ,51.540997681986000,0.002516000000000
Egret and Thrasher,E13 0SG,51.534817141369300,0.031562877902105
Minke whale and Nukupuʻu,N1 2NS,51.544818665435600,-0.097243597262567
Pitohui and Cloud rat,N7 1EA,51.565956000000000,-0.122016000000000
Magpie and Kangaroo,W1K 1ND,51.504699165270200,-0.148699710884691
Argus and Hawk,N9 9TL,51.624050248303900,-0.074571341536398
Dolphin and Guillemot,EN5 4DN,51.655788000000000,-0.215249843123439
Mockingbird and Chicken,N1 5QT,51.538449388100000,-0.078244067800000
Badger and Chipmunk,N1 4QU,51.548763671860700,-0.087674975213135
Songlark and Kestrel,E8 4BS,51.540419582742400,-0.072897433618969
Tree warbler and Herring gull,W1U 6AF,51.519941958659800,-0.156153562252476
Partridge and Kākāriki,N22 8ND,51.606012805350400,-0.116781659757905
Dolphin and Skunk,EN5 2BA,51.644602722595200,-0.189619359606624
Cuscus and River dolphin,E14 8NE,51.501943004336800,-0.027087840915627
Diving bird and Diving bird,N1 0NU,51.536506512096500,-0.103718547457098
Maya and Solitaire,NW3 5AS,51.549480520901000,-0.170983970694648
Masked owl and Myna,E11 1LP,51.572870125485800,0.010385706519599
Thicketbird and Magpie,WC2H 7PY,51.512198253434400,-0.128824606663361
Shearwater and Boto,N15 5AZ,51.581359932739800,-0.087834000000000
Francolin and Stint,SW7 4EJ,51.495400000000000,-0.188276000000000
Black jay and Jerboa,NW4 4DS,51.589614414815300,-0.221948782759940
Civet and Mink,E18 1NE,51.589320199597200,0.033719345742345
Marsh harrier and Kite,N6 6QJ,51.562734882405200,-0.146314718425149
Thrasher and Scimitar babbler,SW7 3JH,51.493389499254300,-0.174654000000000
Ice seal and Kangaroo,N17 0QD,51.603037960263700,-0.057294080873460
Hawk and Duck,N10 3EY,51.587814000000000,-0.148834000000000
Old World quail and Treepie,W6 0HX,51.495747124792100,-0.233527291953170
Thrasher and Pitohui,SE17 3AQ,51.489004785088400,-0.099640279794301
Armadillo and Macaw,EC3M 7DQ,51.513012000000000,-0.082284000000000
Old World quail and Marmoset,E14 9ZE,51.499547000000000,-0.019240000000000
Ibex and Wader,E2 0AS,51.527718519231200,-0.059045879342075
Petrel and Solitaire,WC1H 9NX,51.527907194268700,-0.124821527662679
Pheasant and B,EN2 7BG,51.653563000000000,-0.097005056626435
Coati and Stint,N8 9SD,51.578262207003400,-0.115663123422439
Petrel and Mamo,SW1X 0DF,51.495210068903300,-0.162294789196001
Skunk and Cuscus,NW7 1JP,51.604777068434100,-0.204922782436580
Perching duck and Booted eagles,W1F 0DU,51.513211471500000,-0.135888289000000
Black cockatoo and Dorcopsis,E3 4QQ,51.521463864948100,-0.029098388993477
Fulmarine petrel and Jackal,EC1R 3AP,51.525583125760500,-0.111120922441322
Hawk and Petrel,N12 0QZ,51.605853592288700,-0.174438124490569
Stint and Bronzewing pigeon,E17 7EH,51.583708541428800,-0.032194274375630
Tahr and Warbler,EC3V 3QX,51.513570734265100,-0.085031000000000
Wallaby and Grackle,SE16 9FN,51.492763000000000,-0.080126000000000
Condor and Goose,WC1H 9HG,51.525625360052900,-0.130032945905911
Tahr and White ibis,SW1V 4QG,51.489715241503500,-0.143429668220183
Tit-tyrant and Philippine hawk-owl,E8 2BQ,51.553602894363700,-0.066353944487538
New World blackbird and Myna,NW5 2QR,51.551942026110000,-0.133713952463426
Black cockatoo and Nukupuʻu,E5 9HD,51.568123640883000,-0.053169741829912
Diving bird and Wader,EN5 1HS,51.643653258549500,-0.180551604042482
Snipe and Francolin,N9 0QX,51.624625617490200,-0.056010880702342
Shearwater and Asiatic leopard,EN4 0DX,51.647586000000000,-0.146822022429736
Jay and Kangaroo,E14 3UJ,51.491413279964600,-0.025525735665237
Grouse and Black cockatoo,WC1X 8QS,51.529984213155400,-0.120872331378372
White ibis and Pheasant,W1G 9PT,51.518848516085000,-0.146684624818004
Songlark and Vulture,E1 0LE,51.512932275341200,-0.045363245413683
Stilt and Black jay,N1 2RB,51.546575396543600,-0.088588823539165
Quetzal and Old World quail,N11 2QG,51.606173520622600,-0.124010201130474
Jerboa and Rat,NW1 3QH,51.528927279362200,-0.142022350694218
Vole and Tahr,N16 5QQ,51.567851949442300,-0.075951024381725
Grosbeak and Warbler,NW3 4UE,51.545939392277300,-0.162472583471663
Asiatic leopard and Masked owl,WC2B 5HA,51.513594257310600,-0.120523636594874
Nukupuʻu and New World blackbird,N7 6DZ,51.557238622389000,-0.113473882716586
Parakeet and Old World vulture,NW1 7LG,51.535775215270400,-0.141181157579230
Polecat and Minke whale,EC1N 7AD,51.519702000000000,-0.110456000000000
Partridge and Jerboa,N14 7DB,51.623571095507600,-0.123970000000000
Kangaroo and Eagle,N4 2BH,51.562396567996900,-0.096538772643541
Tahr and Mamo,E10 5RX,51.563133164525300,-0.014023274814854
Myna and River dolphin,E8 3GX,51.543621728091300,-0.070527000000000
Linsang and Perching duck,EC2Y 5DB,51.518126686857200,-0.092129558678705
Duck and Grouse,W1K 4HY,51.512270312426900,-0.149805133583790
Mockingbird and Darwin's finches,EC1N 8QQ,51.519623790836500,-0.108499095855470
Kākāriki and Perching duck,NW6 5GA,51.535117000000000,-0.192039000000000
Mouse and Rabbit,N1 0YL,51.536869653637500,-0.105044473989231
American sparrow and Nukupuʻu,W8 5BY,51.499868722609300,-0.188920223397344
Mouse and Meadowlark,W1G 6AN,51.521275273695300,-0.148315851592917
Marsh harrier and Viscacha,N1 7LQ,51.529772000000000,-0.091470000000000
New World blackbird and Maya,SW3 3RP,51.489686521050400,-0.168480387592788
Logrunners and Logrunners,SW1A 2AT,51.503647435995500,-0.126638912968530
Fox and Goose,SE1 6AF,51.495389371441700,-0.092430825915472
Solitaire and B,NW5 1BN,51.556481963804400,-0.145544734860429
Bunting and Piping shrike,W1B 1LS,51.520010500952200,-0.144532984881244
Parrotbill and Pratincole,N1 9EF,51.533079519389100,-0.120989976136434
Logrunners and Wader,E12 9DY,51.551885000000000,0.046226000000000
Tit-tyrant and Thicketbird,W2 6LA,51.516454758453800,-0.178721020623244
Wader and Black jay,N16 0BJ,51.563245000000000,-0.073898000000000
Triller and Darwin's finches,EC3M 1DE,51.510768000000000,-0.084038000000000
Flameback and Thicketbird,NW10 5LN,51.529205793203500,-0.216748783577999
Peafowl and Kangaroo,W1H 7NE,51.514748514589300,-0.161004105091138
B and Hawaiian honeycreeper,W1J 5QT,51.508813399717600,-0.147855642217040
Puffleg and Kākāriki,N22 8NB,51.605589327636800,-0.117290187872461
Kite and Capuchin,NW10 4QA,51.535522832002800,-0.243263417797371
Pheasant and Night heron,SW1P 1JB,51.495438829146300,-0.135201555536438
Meadowlark and Marmoset,W1U 6RT,51.521384279028400,-0.157522349516757
Piping shrike and White ibis,N17 6XA,51.596354619384000,-0.071353613861404
Kākāriki and Parrotbill,WC2B 5BH,51.515681239128200,-0.121129546718168
Warbler and Mouse,NW11 7BA,51.579170318454200,-0.185264193945898
Stilt and Tahr,NW5 2EG,51.547513024187700,-0.136246127452406
Scimitar babbler and Jackal,W2 6DP,51.514762061634000,-0.183804066784519
Old World warbler and Fox,SW1V 1QD,51.493291000000000,-0.144855000000000
Rabbit and Badger,N16 6JA,51.567497859365300,-0.064366000000000
Thicketbird and Fish eagle,SE8 5EF,51.491602482787100,-0.043250614234199
Partridge and Vulture,SW1A 2NL,51.502484272988300,-0.125317791479891
Marsh harrier and Kite,SE1 3AT,51.496341115342700,-0.080217343720253
Tit-tyrant and Diving bird,N12 9JJ,51.621040692462600,-0.171375000000000
Mole and Prion,W8 4RZ,51.507935000000000,-0.194087007073182
Chickadee and Darwin's finches,N19 4PQ,51.563063594606900,-0.124558653881470
Francolin and Francolin,W1F 0HH,51.512398090108400,-0.134595543749423
Zebra and Parakeet,N1 1NF,51.541714798035600,-0.106602579359700
Bunting and Boto,W2 4JW,51.511104167504100,-0.193835677521685
Cuscus and Greenbul,NW6 1RB,51.550936174969500,-0.191796938539773
Thicketbird and Goose,W1S 3HN,51.510088070274300,-0.138624117979334
Chickadee and Piping shrike,E14 9FF,51.500677962681500,-0.013411370401474
Grouse and Bunting,WC1A 1JH,51.516726918108400,-0.125785208019767
Old World warbler and Warbler,NW2 7HW,51.569495737589400,-0.236514000000000
Chickadee and Grosbeak,W1S 4QE,51.509270000000000,-0.141410000000000
Tahr and Elephant,EN5 3JX,51.645797202154200,-0.235000467789409
Guillemot and Grouse,W11 2DF,51.514636121216100,-0.203654922173786
Peafowl and Macaw,NW10 3PL,51.537758283838700,-0.224503943887413
Lemming and Civet,E8 3NB,51.539767748542000,-0.069896654724740
Parakeet and Badger,E2 6JY,51.525676250395700,-0.056165000000000
Bronzewing pigeon and Elephant,N21 1EU,51.642354237550600,-0.106358762262472
Cuscus and White ibis,E3 2AG,51.529045092360600,-0.025916370703674
Black cockatoo and Coati,N12 7EU,51.623060418040900,-0.188078765399194
White ibis and Grackle,NW8 6PY,51.535010168765600,-0.169732882785064
Meadowlark and Thrasher,N18 2QA,51.616511764276300,-0.061832242556290
Dolphin and Cloud rat,NW3 4JG,51.547870742036500,-0.169245663743398
Nukupuʻu and Warbler,N17 6SY,51.598249845631300,-0.068486577135758
Grackle and Duck,W6 9TQ,51.491037270597100,-0.238734000000000
Herring gull and Mink,EN5 3HD,51.651441000000000,-0.220369000000000
Asiatic leopard and Shearwater,NW1 9BP,51.546104426410800,-0.130231842503326
Parakeet and Vole,E5 8QE,51.555798255729200,-0.064789421434465
Parrotlet and Moluccan boobook,NW8 1HP,51.535983966100000,-0.194754364400000
Condor and White ibis,SE11 9DP,51.489150000000000,-0.098428000000000
Mockingbird and Vulture,EC2A 3JD,51.526068475247600,-0.084488592159841
Ice seal and Kite,N17 9UQ,51.597491234750700,-0.063378534270849
Ground sloth and Dorcopsis,W1S 4HJ,51.509156477248900,-0.141688343954221
Booted eagles and Tit-tyrant,N16 8SL,51.555938420723500,-0.079338967550671
Jay and Hawk,SE1 8XU,51.505253841237200,-0.116889812424445
Crow and Fish eagle,IG4 5BS,51.578410922731200,0.049296197448742
Vole and Marmoset,SE16 6YG,51.499097948059100,-0.047842628212375
Old World vulture and Eagle,EC2A 1WU,51.524501611318500,-0.112088280168721
Chicken and Wallaby,E14 0AD,51.510067827248900,-0.015625762955505
Stint and Gull,SE1 0EY,51.502666254380400,-0.096420777221564
Tit-tyrant and Old World warbler,N6 5AW,51.577632000000000,-0.136934000000000
Jerboa and Tattler,NW1W 7ZH,51.530786000000000,-0.135404000000000
Night heron and Stint,W1T 1QQ,51.518877025302200,-0.136564970761878
Rat and Old World vulture,NW4 4HU,51.584282499814900,-0.234745000000000
Tattler and Kestrel,W1S 4PX,51.509279181758200,-0.140919579617475
Puffleg and Cloud rat,W1F 0BE,51.514302119842000,-0.134445697461773
Triller and Treepie,EN1 3NR,51.662050527804100,-0.071731759773499
Coati and Moluccan boobook,W1W 6XT,51.520062517528300,-0.142138116130297
Mockingbird and Civet,E1 1FT,51.516893000000000,-0.066151000000000
Hawk and Kākāriki,N10 3EA,51.590864592394800,-0.150395882799152
Cuscus and Crow,N1 7GE,51.531404245500000,-0.093851000000000
Kangaroo and Darwin's finches,N9 0PW,51.622245319667100,-0.061067845815794
Peafowl and Greenbul,EC1V 9JR,51.524755669887700,-0.094432903961418
Thicketbird and Meadowlark,W2 4BP,51.512794949180600,-0.188018494426537
Minke whale and American sparrow,W1U 7PR,51.518648772009000,-0.154548213131731
Cloud rat and Black cockatoo,W2 2TR,51.514086988609400,-0.172762322150819
Linsang and Mamo,W10 5PQ,51.521823710890700,-0.211372291140628
Prion and Bronzewing pigeon,NW1 7LH,51.535123992284100,-0.139809049835460
Stint and Old World vulture,SE1P 4SG,51.492762382100000,-0.080151676700000
Siskin and Marmoset,N5 2TH,51.558134198534100,-0.092969000000000
Argus and Mamo,W11 3SQ,51.507026587916100,-0.204703532107849
Logrunners and Jerboa,W1J 7RG,51.505993040951400,-0.147494489653751
Crow and Old World warbler,W14 0RR,51.493697315454200,-0.209837090982862
Badger and Mockingbird,SE1 1AA,51.502166000000000,-0.092148000000000
Thicketbird and Wader,NW1 4NX,51.529504380447800,-0.152941480457087
Vole and Tree warbler,N12 9SR,51.616990344963800,-0.176446889173258
Rat and Songlark,E3 2DP,51.528737673687700,-0.030096223713076
Shearwater and Gull,W14 9DD,51.490242099096000,-0.209698746739868
Scimitar babbler and Partridge,E1W 1UN,51.508007000000000,-0.073718256080452
Viscacha and Skunk,W11 3RA,51.507675858905600,-0.204822112916055
American sparrow and Elephant,SW1X 9AY,51.493087489102500,-0.158099000000000
Prion and Boto,N15 3EJ,51.589984762881500,-0.099269179004274
Kangaroo and Mockingbird,NW5 9PE,51.550839000000000,-0.146700000000000
Dolphin and Crow,N19 3RJ,51.570069374479400,-0.127978861529432
Jackal and Crow,W1U 5NF,51.521425885291400,-0.152735025190812
Minke whale and Siskin,N1 8JF,51.533963522543500,-0.098659000000000
Linsang and White ibis,SE1P 5AU,51.492760984014900,-0.080151672390443
Mink and Viscacha,NW3 2LX,51.555421853471800,-0.160460388162967
Chickadee and Nukupuʻu,NW1W 7UA,51.530784000000000,-0.135430000000000
Dolphin and River dolphin,EC4M 6XD,51.512514374488900,-0.095390554384180
Francolin and Crow,E2 6GL,51.525757183472100,-0.066611263418343
Jerboa and Gull,SW7 1JD,51.498870216604400,-0.168630922537516
Treepie and Marmoset,W1K 2AT,51.509124644375300,-0.152195056487321
Ground sloth and Piping shrike,N1 0LE,51.538296265592900,-0.118814004127454
Herring gull and Pitohui,EC4V 6EJ,51.512889000000000,-0.102948183546991
Pitohui and Pitohui,N15 4DH,51.585258000000000,-0.069721724393125
Towhee and Tit-tyrant,N2 9FA,51.590439000000000,-0.163882000000000
Black jay and Eagle,N3 1YE,51.605393864301600,-0.189460907897677
Night heron and Boto,SE1P 5XD,51.492762382100000,-0.080151676700000
Grosbeak and Viscacha,EC1V 4PH,51.526023277612500,-0.103289161659130
Parakeet and Viscacha,N1 4NZ,51.547818002463200,-0.081412000000000
Fox and Prion,N1 2GB,51.544456992706000,-0.092138879584557
Recurvebill and Scimitar babbler,EN5 5QR,51.655281634647900,-0.182962888192669
Old World vulture and Recurvebill,SW3 3RS,51.489843338144800,-0.168157201934903
Vole and Jackal,N8 7RF,51.589819084641300,-0.115561000000000
Songlark and Capuchin,N17 6XD,51.597777818965900,-0.073141501483752
Boto and Chipmunk,E3 2LF,51.538283432859500,-0.027694074307483
Cuscus and Towhee,E9 6ER,51.551142832775000,-0.050288767476106
Shearwater and Booted eagles,E14 9AF,51.502276000000000,-0.025445000000000
Pheasant and Viscacha,NW4 4QT,51.593702769623200,-0.226495714891192
Songlark and Asiatic leopard,NW10 5NP,51.531911493211900,-0.230339950266372
Parakeet and Jay,NW2 5BZ,51.547439906500000,-0.223593506000000
Vulture and Stint,N9 9NP,51.621779111663200,-0.069336707830104
B and Greenbul,N8 8NS,51.584301017070300,-0.121576854785024
Linsang and Boto,N7 9HJ,51.545834000000000,-0.118665000000000
Kestrel and Dolphin,IG8 9BY,51.601194465468900,0.025686821661528
Petrel and Moluccan boobook,N16 8RH,51.557391072946500,-0.080734805752323
Goose and Condor,NW11 8LH,51.572087244071300,-0.195950725164728
Eagle and Eagle,W1W 8RP,51.516945071434800,-0.140621867595262
Skunk and Rat,N13 5LS,51.616868016354000,-0.101237391795477
Pheasant and Grackle,N12 9RY,51.622012577331100,-0.176158872768037
Prion and Vulture,EC1R 0BS,51.525979415957800,-0.105308000000000
Ice seal and Chipmunk,EC4A 2EJ,51.514733559984900,-0.109162886153538
Wader and Pratincole,E3 4GT,51.523238846216800,-0.032325000000000
Perching duck and Old World vulture,W2 4HZ,51.511597230373500,-0.191985926112479
Mouse and Chipmunk,EC1M 5RR,51.521673000000000,-0.105589000000000
Old World vulture and Jay,NW1 2DT,51.527870150592700,-0.130387888421477
Armadillo and Warbler,NW3 2BE,51.546484000000000,-0.157013000000000
Vulture and Old World warbler,SE8 3PE,51.491080885565600,-0.031964839916590
Rabbit and Parakeet,N4 1RX,51.577250674725100,-0.103668386665524
Buzzard and Perching duck,N6 4QD,51.577696175293100,-0.151883097644401
Zebra and Old World warbler,NW3 6SU,51.559276588200500,-0.178713113061010
Mamo and Dorcopsis,SE1 6EU,51.496521083969900,-0.105104811425517
Lemming and Argus,NW11 8NE,51.569161827257800,-0.196932311120835
Puffleg and Old World warbler,N21 3BL,51.633604375743300,-0.105783953011493
Lemming and Fish eagle,N7 7LN,51.559048153640000,-0.113600972655037
Macaw and Mockingbird,E7 9QX,51.537627447170900,0.024535672994412
Warbler and Perching duck,EN5 2PJ,51.644138293755400,-0.212127378782937
Snipe and Siskin,N3 2PL,51.604408436148500,-0.186207601811509
Eagle and Civet,N22 5SR,51.602209816221700,-0.111235108832474
Boto and Civet,EC1N 7UR,51.520950882336300,-0.111053137806905
Asiatic leopard and Capuchin,N15 4FP,51.587297951400000,-0.074480017400000
Grackle and Darwin's finches,E9 5SR,51.545647950709600,-0.040009705612625
Jackal and Old World vulture,W1T 2PU,51.519404609149900,-0.135246177138355
Maya and Tree warbler,NW2 3BD,51.547568014088400,-0.204939826640161
Fulmarine petrel and Vole,NW8 8WJ,51.535964000000000,-0.194669000000000
Kestrel and Ibex,N9 0FN,51.623821066237000,-0.047087981931029
Zebra and Jackal,N18 2SB,51.609317975513400,-0.056404946496038
Parakeet and Grackle,SW1P 3RA,51.496242363727100,-0.128628125872747
Grouse and Recurvebill,NW1 7RT,51.535911624458500,-0.144117116048305
Fulmarine petrel and Ibex,E12 6PL,51.545446420933800,0.051203919585451
Elephant and Herring gull,N16 5AA,51.573991451073400,-0.073613651682318
Philippine hawk-owl and Pitohui,W1U 1BZ,51.516183919788600,-0.148118842791497
Black jay and Chicken,N19 5NJ,51.568492820408500,-0.137971137678106
Kangaroo and Armadillo,NW7 1GE,51.607900768962500,-0.214896000000000
Armadillo and Thrasher,E3 4BE,51.519319286367500,-0.024229000000000
Hawaiian honeycreeper and Fox,N10 2NX,51.606161337692000,-0.145311871379793
Grouse and Solitaire,IG8 7DF,51.602880834972600,0.032693437194572
Argus and Maya,N8 8RD,51.583647119109700,-0.127363126027475
Chipmunk and Zebra,N20 8HH,51.627637850313400,-0.183446348106499
Snipe and Ibex,E14 9EG,51.502013000000000,-0.024765000000000
Coati and Civet,N10 3DG,51.587663000000000,-0.141172000000000
Francolin and Zebra,N21 2NS,51.637243068975300,-0.095025001322820
Recurvebill and Wader,N16 6DF,51.576868874963000,-0.062133759902347
Buzzard and Tahr,N7 9JJ,51.550523644943900,-0.122593521622377
Parrotlet and Boto,NW1 5QP,51.519396335940300,-0.165515833286578
American sparrow and Thrasher,NW1 2ST,51.529637924247500,-0.123957464444264
Linsang and Duck,W2 2PQ,51.515964551900400,-0.167455323807047
Recurvebill and Warbler,W3 7HQ,51.509209075416000,-0.245529463851780
Dolphin and Vulture,N4 3LZ,51.566335053110100,-0.116026436582318
Linsang and Moluccan boobook,E14 8NA,51.499689529451200,-0.024101856824023
Solitaire and Marmoset,N7 9GP,51.547435127200000,-0.124494742300000
Flameback and Egret,E3 3PX,51.520819709654800,-0.020217948264972
Old World quail and Booted eagles,E2 7AE,51.529953135726700,-0.064213210077565
Puffleg and Black cockatoo,E15 1RD,51.547922000000000,0.012106706562654
Hawaiian honeycreeper and Asiatic leopard,E14 2DF,51.508640455025300,0.001691682219392
Siskin and Elephant,N11 1AX,51.614930890669600,-0.130697925033184
Marmoset and Vole,N1 2RH,51.546766256036700,-0.090369242854912
Goose and Philippine hawk-owl,W1U 8HU,51.517380924535000,-0.157986588904701
Peafowl and Dolphin,E7 9HZ,51.545890000000000,0.022609000000000
Eagle and Fox,E11 2DL,51.578786000000000,0.029843000000000
Asiatic leopard and Marmoset,NW4 1EP,51.595705478376900,-0.215055003958112
Kestrel and Booted eagles,NW6 3ET,51.541646619031900,-0.182459899775982
Tattler and Hawk,W1K 2QN,51.509263894472300,-0.151901207281237
Capuchin and Kangaroo,E1 8GF,51.512372114525000,-0.067855000000000
Siskin and Recurvebill,N14 5PH,51.633502924812400,-0.130873707693415
Snipe and Grackle,N11 2RL,51.613115337754000,-0.131884680241808
Coati and B,N5 1BA,51.552604922764800,-0.099385300334802
Herring gull and Darwin's finches,E3 4PL,51.524618666940900,-0.035434872203564
Fox and Chipmunk,EC1V 1NH,51.531980071490700,-0.105189859382157
Marmoset and Thicketbird,E3 2TH,51.532795000000000,-0.020477000000000
Stilt and Snipe,N9 0PD,51.619401930265100,-0.063546000000000
Old World vulture and Francolin,WC1X 8RX,51.520025197991000,-0.120042673712019
Hawk and Pratincole,N1P 2PW,51.538645000000000,-0.103543000000000
Linsang and Kite,SE16 5UB,51.503546771609100,-0.032623742472670
Eagle and Skunk,W1D 5BP,51.512011016327500,-0.131181380451680
Duck and Egret,E14 7DS,51.512581876481200,-0.025518474261635
Cloud rat and American sparrow,IG10 3AX,51.633813317630800,0.053989130034300
Dolphin and Elephant,E1 7AD,51.515431838916700,-0.076806087194941
Badger and Flameback,SE16 3GB,51.495921000000000,-0.074242000000000
Capuchin and Parakeet,SW7 3RD,51.491985000754900,-0.179221030083291
Mouse and Zebra,EC2Y 9AE,51.518766115347000,-0.089032000000000
Dolphin and Dolphin,E16 4JP,51.521385821741700,0.013090536730035
Triller and Grouse,W1F 8QR,51.515444735520300,-0.137310386193122
B and Puffleg,W1G 7BL,51.520602293517100,-0.146699913221790
Pitohui and New World blackbird,NW3 7TH,51.563870792919800,-0.193779905483845
Ground sloth and Nukupuʻu,E7 0AN,51.555056140598700,0.017173503210815
Old World quail and Quetzal,W1K 3DN,51.511007418914900,-0.147276674666536
Parakeet and Jerboa,E3 5NT,51.535884000000000,-0.029344647229529
Old World vulture and Old World vulture,N2 0RW,51.582615461374100,-0.172006510602168
Ground sloth and Jerboa,EN5 4EF,51.654268855879500,-0.217207814629562
Solitaire and Mockingbird,N1 4PL,51.548942238528400,-0.081724000000000
Maya and Wallaby,N12 0QU,51.609445512022900,-0.168343744625659
Masked owl and B,EC1Y 4YY,51.520928186159000,-0.089662903006195
Siskin and Hawk,EN1 2RT,51.636219197354500,-0.074157138862622
Thicketbird and Diving bird,W2 6AN,51.517867897052400,-0.187514488902368
Tattler and Magpie,EN1 1RB,51.647443278766000,-0.063317461996193
Armadillo and Kestrel,E15 1UJ,51.551501431345900,0.006313319570266
Francolin and American sparrow,NW1 4PT,51.524044611958300,-0.151144259276901
Fox and Chickadee,N1C 4AD,51.538493712700000,-0.123752005000000
Polecat and Myna,SW1A 1RB,51.507166432296900,-0.141423537533037
Marmoset and Myna,N17 0BE,51.601098009671400,-0.065723000000000
Recurvebill and Maya,SW3 3TY,51.489063944335100,-0.167770714732889
Kākāriki and Meadowlark,EC1V 9NH,51.525593000000000,-0.092795402604741
Gull and Guillemot,IG4 5LJ,51.585338163220700,0.053245578339040
Dolphin and Asiatic leopard,N11 2TB,51.610841430477500,-0.124626565707794
Guillemot and Duck,N5 1XA,51.550484997640500,-0.103973909207571
Puffleg and Skunk,N16 7DJ,51.563371581015000,-0.068161465597982
Mole and Jackal,N16 6QX,51.572368686900600,-0.072268034570392
Hawk and Kite,NW9 7FA,51.577674000000000,-0.240199000000000
Perching duck and Kestrel,IG8 9TA,51.614198929239600,0.012023707253176
Kestrel and Maya,N7 0DU,51.557819265791700,-0.129520604978319
Crow and Kestrel,N8 9EH,51.574559887027700,-0.122555744621886
Minke whale and Shearwater,NW6 1NH,51.551432586456300,-0.198931563558837
River dolphin and Kestrel,N20 2DA,51.629861783400000,-0.173676799500000
Parakeet and Stint,N12 9JG,51.620389837090700,-0.174158171073876
Kangaroo and Dorcopsis,N18 2JB,51.613809813205900,-0.064301726118602
Moluccan boobook and Quetzal,N11 3NH,51.608336730862400,-0.151534425979271
Warbler and Thicketbird,N6 6DU,51.566260053235800,-0.146892785580244
Maya and Fulmarine petrel,E14 0GG,51.514453000000000,-0.002118000000000
Mole and Tahr,E1 4DP,51.522863850145000,-0.039042202407180
Grouse and Siskin,N2 9PA,51.593111723639400,-0.159486718708041
Grosbeak and Linsang,SE17 1TU,51.490239463455800,-0.084881571086849
Ground sloth and Macaw,N5 1NF,51.555264217772900,-0.105347537270421
Ibex and Songlark,NW8 9ET,51.531330182771100,-0.175950329467937
Zebra and Polecat,EC2N 3AS,51.515260000000000,-0.082809000000000
Parakeet and Rabbit,NW1W 8NY,51.530784525000000,-0.135430053900000
Black jay and Puffleg,NW10 2EU,51.549060764051000,-0.238761196868059
Grosbeak and Flameback,E11 4GW,51.562976000000000,0.008620000000000
Vole and Cloud rat,W1U 3QN,51.517576546265100,-0.153842057609598
Ground sloth and Night heron,N22 5AF,51.604871500121700,-0.108438604990620
American sparrow and Scimitar babbler,NW2 3PW,51.551268360399000,-0.209352135775794
Solitaire and Pratincole,SW1X 7AR,51.498628627974300,-0.150372039152063
Black jay and Mink,N11 1SY,51.612982860529800,-0.139964110797910
Macaw and Chicken,N16 8DE,51.553350123047800,-0.079433572464636
Asiatic leopard and Macaw,W2 6BG,51.515833000000000,-0.187855000000000
Flameback and Flameback,E13 8BX,51.523207339195600,0.019600178816411
Booted eagles and Mouse,EN3 7RW,51.656781867016100,-0.034900268252117
Chipmunk and Mink,WC2N 6EG,51.508550266375500,-0.123382767359198
Shearwater and Bronzewing pigeon,N9 0JE,51.626197184943600,-0.051002488271665
Bunting and Fox,E5 9NL,51.563437165641900,-0.053629628548692
Tattler and Tit-tyrant,E3 5BH,51.528810078508800,-0.039247991260093
Black cockatoo and Old World vulture,NW3 6BQ,51.554273000000000,-0.178816000000000
Capuchin and Mole,W1B 5PH,51.512493689968900,-0.138915180186897
Condor and American sparrow,W1U 8AP,51.519010021248800,-0.158079412281022
Kite and Mamo,E1 5BF,51.520596592592200,-0.062865849435109
Capuchin and B,EC2V 6EN,51.513687000000000,-0.092185000000000
Tahr and American sparrow,W1J 6NS,51.510611649668100,-0.145563387710630
New World blackbird and Condor,WC1N 2NU,51.525935618820400,-0.120188472199978
Black jay and Philippine hawk-owl,SW1W 0RB,51.497845217493400,-0.144612075194531
Marmoset and Old World warbler,E14 3RG,51.489293000000000,-0.021858000000000
Egret and Lemming,E3 4TH,51.522665753187900,-0.033198076741547
Civet and Perching duck,EN4 8DA,51.639160153762500,-0.166872089302064
Duck and Prion,SW1P 2DB,51.497061591338900,-0.131504775026988
Linsang and Dolphin,E14 0QZ,51.515254841688300,-0.010744960073057
Solitaire and Towhee,N6 5NE,51.576512013737400,-0.136142474430702
Cloud rat and Myna,SW7 3QJ,51.489411320932400,-0.176788382882063
Mole and Ground sloth,IG8 0UJ,51.610149170816000,0.021102607727992
Capuchin and Minke whale,E3 2HU,51.534074478605900,-0.029274647068402
Zebra and Condor,EN1 3UW,51.656794972902200,-0.076292000000000
Magpie and Snipe,N18 3BB,51.614336384480300,-0.043613000000000
Puffleg and Armadillo,N9 8HB,51.637476709217800,-0.039839189423078
Capuchin and Mockingbird,N21 2BF,51.634759000000000,-0.092415000000000
Bunting and Herring gull,EC1P 1WG,51.524501611318500,-0.112088280168721
Goose and Nukupuʻu,NW2 1XD,51.573768262485100,-0.214139467990369
Thicketbird and Vulture,E6 3PR,51.522659291621500,0.048608436963281
Puffleg and Scimitar babbler,NW3 7HW,51.568040005099600,-0.182171000000000
Mouse and Crow,W1F 7TU,51.514686586368100,-0.141102975248742
Perching duck and Parakeet,E7 0ET,51.552200922823900,0.022139090696181
Jackal and Mockingbird,N2 8JJ,51.593534579591600,-0.173892591364511
Tattler and Masked owl,W1U 6AE,51.519941958659800,-0.156153562252476
Vole and Greenbul,SE1P 5TJ,51.492760984014900,-0.080151672390443
Capuchin and White ibis,N4 1RE,51.577536907837100,-0.105244041096725
Mockingbird and Hawaiian honeycreeper,E1 2EL,51.519054729617300,-0.055551295218971
Jay and Perching duck,W1U 5NA,51.520978816035800,-0.152897260543702
Vulture and Fish eagle,SE11 5UJ,51.488601312057700,-0.112520116553810
Capuchin and Egret,NW6 5BR,51.534190205800000,-0.201951000000000
Old World quail and Rabbit,EN2 8FW,51.656565000000000,-0.099032000000000
Marmoset and Guillemot,E3 5DN,51.530765545128200,-0.036672000000000
Argus and Triller,W11 3NF,51.510315109295200,-0.199833041884794
Logrunners and Buzzard,SE1P 4FS,51.492762382100000,-0.080151676700000
Wallaby and White ibis,EN1 1NS,51.650520000000000,-0.072667790307581
Kangaroo and Philippine hawk-owl,W14 8NY,51.498289357212700,-0.201992545320627
Siskin and Logrunners,E13 9PZ,51.525477902809200,0.035472000907628
Kangaroo and Hawk,W1G 7HW,51.520315971827200,-0.147360178502108
Gull and Argus,NW6 2JG,51.543987493301700,-0.196629651795950
Kite and Fulmarine petrel,EN4 0BB,51.649000823930200,-0.144170996171229
Masked owl and Jackal,E14 8JH,51.500806000000000,-0.025725000000000
Egret and Siskin,E15 1HP,51.544197159033000,0.004867070705508
Chickadee and Capuchin,EN2 0AX,51.663147959490000,-0.078336631515292
Kangaroo and Greenbul,W1J 9HB,51.509081000000000,-0.136273000000000
Armadillo and Parrotlet,E14 6JD,51.515022002529700,-0.023568111787655
Scimitar babbler and Viscacha,W1H 7JH,51.514471908867400,-0.160568461273731
Tahr and Marsh harrier,W1U 3ET,51.516371970522000,-0.151584683859210
Capuchin and Coati,SE1 0EU,51.503071815221800,-0.096475920864350
Prion and Jerboa,E2 7EL,51.526487384418200,-0.069997007140121
Dolphin and Puffleg,N21 2NJ,51.639488150217500,-0.095393382805206
Petrel and Black jay,IG8 0SE,51.622568306193300,0.024731660220518
Lemming and Piping shrike,W1K 2TR,51.509813292787700,-0.149674101902142
New World blackbird and Francolin,NW1 9PP,51.542839043269900,-0.140345304595777
Wallaby and Magpie,WC1V 6DR,51.518492569589400,-0.111962022867548
Meadowlark and Chipmunk,E18 2PL,51.598686692025200,0.018312200931364
Macaw and Coati,E1 4DW,51.522681114107200,-0.038949085401508
New World blackbird and Stilt,EC1N 8AW,51.519996000000000,-0.108530000000000
Treepie and Capuchin,NW11 0ES,51.586396746335400,-0.204333719753435
Puffleg and Warbler,W12 7AA,51.515607302108400,-0.233854437103429
Civet and Grosbeak,E11 2HW,51.576953935843400,0.029645692290928
Jackal and Darwin's finches,SE10 0PP,51.496282000000000,0.011898000000000
Mockingbird and Ice seal,E11 2ES,51.580667527454200,0.030186440401486
Greenbul and Dolphin,NW7 2RZ,51.616353214673100,-0.226421798675898
Condor and Jay,EC3M 4BR,51.512503436023400,-0.078730852533247
Triller and Solitaire,EN5 9PP,51.643012000000000,-0.171144786961926
New World blackbird and Dorcopsis,W6 9EA,51.490880776023900,-0.226282506945351
Prion and Grackle,WC1N 2JJ,51.522308168706300,-0.114370070937741
Francolin and Kite,N10 3HT,51.587568307763700,-0.147224020425450
Piping shrike and Old World vulture,W14 4EL,51.496734234314500,-0.212513078618519
Hawaiian honeycreeper and Recurvebill,E16 4BQ,51.519483000000000,0.015068000000000
Petrel and Mole,E4 8HB,51.616985479581200,-0.028718383023715
Tahr and Marmoset,N13 5XL,51.620640697916900,-0.105991594301856
Coati and Quetzal,EN4 0NQ,51.662668112314500,-0.184373604538669
Vulture and Coati,W14 0SH,51.494470465692600,-0.211002498971744
Chipmunk and Gull,SW3 4QS,51.489823890994200,-0.160595565797293
Kākāriki and Old World warbler,N4 2SU,51.561665661830700,-0.097492649746880
Ground sloth and Greenbul,SE10 0NS,51.492826000000000,0.017347000000000
Cuscus and Wallaby,W1J 0QE,51.509536600360900,-0.140707348675251
Condor and Gull,NW10 5XY,51.535971677587200,-0.239612539344538
Mole and Snipe,N19 3AJ,51.572233503771900,-0.121598156028465
Rat and Darwin's finches,E17 0ZZ,51.585503000000000,-0.018014000000000
Jerboa and Chickadee,NW1 4EG,51.527915841560800,-0.144024193459163
Hawk and Parrotlet,SW1Y 6JF,51.507873298128800,-0.137892993539977
Stint and Logrunners,SW1Y 6HU,51.508733866464700,-0.136589771777444
Booted eagles and Parrotlet,SE1 0QB,51.502418636334500,-0.103894798885438
Prion and Flameback,W14 0LR,51.499928095347300,-0.215673007475677
Ground sloth and Meadowlark,EC2Y 5AB,51.517344920463800,-0.096039436944514
Flameback and Zebra,N1 0EB,51.536392389196100,-0.109462217603948
Vulture and Darwin's finches,W1K 2NR,51.510535882154300,-0.152728813327099
Maya and Pratincole,E1 2NQ,51.512586282284500,-0.059184746326995
Mink and Rat,W12 0TB,51.510397492281900,-0.243221290293594
Treepie and Kite,N9 9JE,51.633703695056700,-0.065550137273977
Polecat and Kestrel,SW3 1NY,51.497695549391100,-0.165393193123190
Grackle and Chickadee,W2 2DW,51.518072000000000,-0.166996000000000
Nukupuʻu and Fox,NW6 3HS,51.542165178158600,-0.182266185261834
Fish eagle and Armadillo,NW9 4DD,51.593115000000000,-0.242114000000000
Cuscus and Stilt,W1S 1HT,51.514436683617900,-0.144629776547005
Elephant and Pratincole,NW10 2DH,51.550335000000000,-0.242639310293585
Mamo and Eagle,N1 9AS,51.532022868764000,-0.117342476368265
Treepie and Parrotbill,E15 3LA,51.534361030792500,0.006338129634459
Marsh harrier and Booted eagles,W1W 8RR,51.516919937984000,-0.140738196722018
Francolin and Mamo,EN4 8FR,51.643734714200000,-0.146568562200000
Skunk and Dolphin,EC2R 7HG,51.514761000000000,-0.088047000000000
Lemming and Partridge,N1 3PT,51.544869795809200,-0.089323719835932
Goose and Badger,N8 8XP,51.535964000000000,-0.194669000000000
Chipmunk and Shearwater,E5 9EG,51.568854788636300,-0.055504991721694
Black jay and Hawk,NW6 1AE,51.552259923998500,-0.195422637945144
Kestrel and Solitaire,W6 9NW,51.491563328930200,-0.244752066700116
Kākāriki and Moluccan boobook,E14 8SJ,51.497917554755100,-0.024610717553967
Snipe and Ibex,E11 4BU,51.564727754134100,0.000099641081365
Mole and Magpie,W14 9AS,51.491275014241300,-0.211386880296591
Coati and Thicketbird,E5 0HH,51.555219758995500,-0.038617311069332
Crow and Asiatic leopard,E10 6QN,51.562201300282700,-0.005739054538399
Warbler and Black jay,W1B 5QG,51.513447269453900,-0.140072519755504
Masked owl and Skunk,N16 7QU,51.556299361877200,-0.067912973143113
Crow and Mole,E1W 2DE,51.508939933663800,-0.063378000000000
Black cockatoo and Maya,N4 1SG,51.576625950265600,-0.103405747218750
Stint and Kite,N11 3EB,51.609789162003700,-0.150117823732896
Flameback and Maya,E4 9SD,51.614795032574700,0.006618941714583
Minke whale and Myna,N7 9LX,51.551723707169900,-0.123290000000000
Chickadee and Goose,W6 0QT,51.493216049709100,-0.232054928423970
Badger and Crow,NW7 4AR,51.617446506635600,-0.237516177155147
Fish eagle and Zebra,E5 0NS,51.550870687249400,-0.052853469361983
Partridge and Prion,N16 0QA,51.563055567139800,-0.083987849633230
Puffleg and White ibis,NW2 6SL,51.558274958759100,-0.222464411216896
Warbler and Old World warbler,NW1W 7AZ,51.530786000000000,-0.135404000000000
Masked owl and Kākāriki,IG9 5SH,51.630510700126500,0.037092887448575
Skunk and Puffleg,EC4P 4HZ,51.524567000000000,-0.112017000000000
Warbler and Badger,WC1N 1HB,51.524052141237100,-0.126680930330346
Partridge and Egret,N12 9TT,51.617466891230300,-0.170664236846705
Jay and Warbler,WC2B 4RL,51.514647779706100,-0.121443000000000
Solitaire and Boto,W1J 7TB,51.506192862513400,-0.150469212552185
Stint and Kākāriki,E17 5JJ,51.589586829081300,-0.026652000000000
Myna and Duck,N5 2DG,51.550288151272800,-0.092385337348492
Eagle and Armadillo,N21 2PX,51.630554951779600,-0.086866821216824
Diving bird and Francolin,E15 4LA,51.542876578168600,0.016331955703430
Scimitar babbler and Chipmunk,SW1W 8TP,51.493590054296500,-0.154191851738750
Logrunners and Mole,NW5 1BJ,51.555197978362600,-0.144529486952315
Duck and Linsang,NW3 4PH,51.546340113640000,-0.164518850259502
Herring gull and Quetzal,N5 2TB,51.559826451306000,-0.093876135637399
Parrotlet and White ibis,E1 8JJ,51.510532552640300,-0.064964505645500
Minke whale and Bunting,IG8 9HT,51.600635858681600,0.025748601187949
Rabbit and Magpie,SE16 3UJ,51.494585806985300,-0.069702486901491
Badger and Pratincole,SW7 5DS,51.500816384101000,-0.182168512935233
Night heron and Treepie,N1P 2SJ,51.538645000000000,-0.103543000000000
Ground sloth and Asiatic leopard,W1W 5AT,51.523091530993300,-0.142754000000000
Puffleg and Snipe,N14 6QL,51.637092931370200,-0.123673864229994
Stilt and Bronzewing pigeon,E18 2DF,51.584449763532200,0.019976351931648
Night heron and Diving bird,N14 6BN,51.631254000000000,-0.127459723540989
Diving bird and Kite,W1F 8QW,51.515345424489100,-0.137285612185914
Boto and Peafowl,SW3 2DD,51.496036883906300,-0.169162276838469
Hawk and Old World warbler,WC1X 9QX,51.530008907623000,-0.111211671122857
Badger and Marmoset,N9 7AW,51.629287567029500,-0.058961453863548
Coati and Flameback,W11 3NJ,51.509854636409700,-0.200297928936051
Egret and Recurvebill,W9 2NU,51.527262701244300,-0.190860855502123
Warbler and Linsang,W6 0BW,51.497940654392000,-0.230503450641842
Masked owl and Eagle,E3 3GR,51.523870000000000,-0.012815981403443
Kākāriki and Thicketbird,N1P 1BL,51.538645000000000,-0.103543000000000
Hawaiian honeycreeper and Thrasher,N22 7EZ,51.597346352930400,-0.116360495288242
Grouse and Bunting,W2 5HW,51.516593933267700,-0.189453165053955
Rabbit and Hawaiian honeycreeper,SE1 7RY,51.501363966678900,-0.116012765374497
Jay and Dorcopsis,EC3R 7AG,51.510204000000000,-0.081439000000000
Bronzewing pigeon and Rabbit,WC2H 7BP,51.510961942010900,-0.130244341351955
Bronzewing pigeon and Warbler,E5 0BH,51.555903369361000,-0.040780610323423
Eagle and Moluccan boobook,NW8 8SX,51.524516429838600,-0.167457980621170
Logrunners and Parrotbill,NW2 1TN,51.573864423151900,-0.221062614571218
Vole and Coati,E11 4YA,51.558649289204400,0.002703840262384
Grackle and Kite,E9 7EH,51.539099292482200,-0.046895618400044
Greenbul and Kākāriki,EC4R 9AF,51.510562523286000,-0.086522555396697
Siskin and Jerboa,W8 4JH,51.503963000000000,-0.193700000000000
Bunting and Ice seal,W10 5HP,51.523835256030700,-0.225506831009829
Goose and Rat,W1D 3RZ,51.513938440879700,-0.132500487440124
B and Pitohui,W9 3PS,51.524910953082900,-0.199906169687326
Diving bird and Argus,EC1R 4TN,51.529407315586100,-0.106248218180754
Moluccan boobook and Myna,NW1W 7DH,51.530784525000000,-0.135430053900000
Petrel and Myna,W1K 7HT,51.512107607778500,-0.155461094472643
Moluccan boobook and Black cockatoo,E6 1PB,51.532983285413100,0.047557986203012
Perching duck and Boto,NW1 8NB,51.539308771451700,-0.153106944101889
Logrunners and Diving bird,N1P 1XD,51.538645000000000,-0.103543000000000
Thrasher and Solitaire,E1 5LB,51.518352407244600,-0.070744520333668
Goose and Zebra,W1W 8SH,51.516473030018200,-0.141477048307524
Perching duck and Darwin's finches,NW1W 9DB,51.530783041088500,-0.135430048905449
Kākāriki and Zebra,E16 2FW,51.501677000000000,0.036428000000000
American sparrow and Parrotbill,W1K 6RN,51.513038907042300,-0.154068753108240
Marmoset and Petrel,N14 4LD,51.641891006952800,-0.129632709920416
Viscacha and Cuscus,E11 3SB,51.564553629841600,0.028181000000000
Bronzewing pigeon and Fox,NW1 9XJ,51.544373074075900,-0.128802939511579
River dolphin and Masked owl,NW2 6RB,51.561015560174700,-0.231850507482298
Shearwater and Hawaiian honeycreeper,N15 5BT,51.583493000000000,-0.072726431503938
Jackal and Nukupuʻu,SE1 8SB,51.502484000000000,-0.110679000000000
Ice seal and Ground sloth,N7 8BP,51.543853141031700,-0.112066197649698
New World blackbird and Argus,E13 8HY,51.520155985502100,0.020286804488267
Piping shrike and Fulmarine petrel,W1W 5BF,51.522699956178600,-0.142304659715604
Old World vulture and Ice seal,WC1N 2NS,51.521711013326000,-0.115821798949167
Elephant and Linsang,SW7 4PG,51.495382186342500,-0.182571993476432
Chicken and Polecat,W1H 4PG,51.519380947308800,-0.163383189922702
Wallaby and Songlark,N1 4BU,51.545404399059200,-0.076364512210088
Perching duck and Egret,W1W 6HY,51.519712368460900,-0.139903769537014
Viscacha and Armadillo,SW1V 1QW,51.491826000000000,-0.142638000000000
Siskin and Chipmunk,N16 5NX,51.566180417351700,-0.084260490428431
Goose and Pitohui,NW5 1NR,51.552100393161500,-0.141424485368245
Ground sloth and Rat,SE1 8YF,51.505311000000000,-0.110974297228485
Kite and Triller,EN3 4BQ,51.643475905492900,-0.039912885551016
Chipmunk and Lemming,EC4Y 9AP,51.512727318589700,-0.112054000000000
Guillemot and Peafowl,N5 2HX,51.550130481217400,-0.088223457339341
Ground sloth and Cuscus,EN3 4RX,51.643975503200800,-0.039674533293028
Skunk and Myna,E2 0RR,51.528536093974100,-0.047621652435085
Scimitar babbler and Goose,IG10 4RG,51.640926594910600,0.045740019949264
Asiatic leopard and Philippine hawk-owl,E15 1LB,51.540026000000000,-0.001460000000000
Partridge and Buzzard,W2 5NX,51.517069624249300,-0.191725993164629
Rat and Mockingbird,N17 8HW,51.607333535254600,-0.075134289924765
Stint and Francolin,N10 1BS,51.592572911511400,-0.142977988613875
Rabbit and Mole,N1 1PF,51.543314414098500,-0.112117338841140
Armadillo and Petrel,NW9 4AT,51.604207000000000,-0.243228000000000
Herring gull and Jerboa,E5 8GF,51.553001195738400,-0.054435762392098
Kestrel and Towhee,NW2 5PH,51.548313708424500,-0.233929512062519
Elephant and Old World warbler,EC3R 7NA,51.511260672290000,-0.079460000000000
B and Perching duck,E14 6LS,51.511939874748700,-0.011984000000000
Booted eagles and Goose,N1 7EX,51.531750000000000,-0.091567283076989
Condor and Vulture,E1 0JJ,51.512858569173300,-0.044717856318579
Towhee and Black cockatoo,SW7 5DX,51.500802811398900,-0.183033534924333
Capuchin and Guillemot,SW1X 0JH,51.496155002242500,-0.161766960050085
Prion and Rabbit,NW2 6HR,51.562162430424900,-0.231575185430328
Piping shrike and Shearwater,W1D 4EG,51.514014582126800,-0.131070556148248
Crow and Linsang,SE16 2XL,51.494646000000000,-0.049877000000000
Magpie and Bunting,W1K 2XG,51.508749872860900,-0.150668285639593
Rabbit and Fish eagle,EC2A 3ES,51.524304370722600,-0.079992868843653
Siskin and Chicken,NW7 0JQ,51.615437000000000,-0.241094000000000
Duck and Dolphin,NW1 0HT,51.538986126634900,-0.140084180974530
Zebra and Civet,EN5 1FF,51.649105000000000,-0.176925000000000
Mamo and Wallaby,E17 7PJ,51.580697000000000,-0.032714000000000
Grouse and Egret,E1W 3DU,51.510291802556200,-0.047724427020045
Kite and Pratincole,W1U 2NS,51.517324699166500,-0.150983993940421
Greenbul and Rat,W10 5JE,51.522578293680100,-0.223972000000000
Dolphin and Polecat,E10 7HJ,51.571224711333400,-0.018172975581039
Rabbit and Nukupuʻu,NW1 6TE,51.521811153343100,-0.166975579756478
Siskin and Chickadee,E1W 9NX,51.519019000000000,-0.058106000000000
Chipmunk and Badger,W2 5NA,51.517875626951900,-0.196767588165008
River dolphin and Pitohui,W11 1NL,51.515896357631100,-0.207266182948526
Tattler and Diving bird,W1U 6NS,51.521730622964800,-0.156672318855995
Maya and Vole,E5 8DE,51.555892000000000,-0.059926000000000
Rabbit and Francolin,N18 2HF,51.616088863066800,-0.055292334887123
Zebra and Parakeet,E1 4EH,51.523679080997600,-0.045940981448716
Myna and Fox,IG8 8JH,51.601374918536700,0.051023119623187
Mamo and Nukupuʻu,NW6 5PU,51.530292354273600,-0.197819661298779
Piping shrike and Rat,W8 6TY,51.500168124515000,-0.193173068187818
Stilt and Kestrel,E8 4RG,51.536764000000000,-0.057269959589171
Duck and River dolphin,E11 1QS,51.570220500655500,0.002837177033972
Hawk and Kangaroo,EN1 4BX,51.661771693551600,-0.058629022687973
Buzzard and Badger,N18 2QH,51.614971347499700,-0.063847862711670
Capuchin and B,E14 7NQ,51.517075341841000,-0.038209770989932
Nukupuʻu and Recurvebill,N1 3NB,51.545352026636900,-0.084154762150442
Greenbul and Chickadee,W1J 0QF,51.509536600360900,-0.140707348675251
Masked owl and Shearwater,W11 2DE,51.514840952016300,-0.200591429179237
Rat and Argus,NW3 2RR,51.555480514731400,-0.168233283449450
Chicken and Badger,N8 8TB,51.581037585649300,-0.124439368070220
Booted eagles and Night heron,NW9 4AJ,51.603212000000000,-0.240772000000000
Magpie and Stilt,NW11 0PY,51.581332931666500,-0.200737337365175
Tattler and Herring gull,EC4A 2BH,51.514367139126900,-0.106353000000000
Ground sloth and Marmoset,W8 7AF,51.504888000000000,-0.200623000000000
Grosbeak and Puffleg,N9 7PB,51.635079621519300,-0.062283514359176
Diving bird and American sparrow,SE1 2AQ,51.504291000000000,-0.079744016928941
Darwin's finches and Mole,NW7 2HP,51.610551265450500,-0.219166619322509
Peafowl and Rabbit,EN2 7LH,51.649331108838200,-0.125900597883612
Gull and Goose,NW8 8AN,51.522664482493600,-0.168065681262355
Egret and Grouse,W14 8EP,51.503426077510800,-0.208000570529387
Crow and Dolphin,SW1P 4DD,51.493234446452700,-0.126977000000000
Kestrel and Guillemot,N1 7EL,51.534027000000000,-0.089403000000000
Philippine hawk-owl and Old World warbler,NW3 5SN,51.547611744972000,-0.178025146798613
Tit-tyrant and Grackle,EC1N 8TS,51.520232166617300,-0.107191015548314
Cloud rat and Dorcopsis,SW1P 4EU,51.494355791436100,-0.129872284141118
Piping shrike and Wallaby,SW1A 2AW,51.506013469337800,-0.123846000000000
Quetzal and Lemming,E17 4RB,51.589112000000000,-0.020282000000000
Thicketbird and Mamo,SW1P 2JJ,51.497942015712400,-0.132016243180435
Parakeet and Dolphin,NW6 5TR,51.535714000000000,-0.190108000000000
Egret and Magpie,N9 9AZ,51.623465865768800,-0.065826697574874
Night heron and Chickadee,N4 2SG,51.572708503888300,-0.089195604935609
Hawaiian honeycreeper and Ground sloth,SW7 3AW,51.490476512035800,-0.176472197477944
New World blackbird and New World blackbird,EN4 8RE,51.648385745806700,-0.169145190164205
Mole and Egret,E8 1AJ,51.546674264455100,-0.061729563388434
Moluccan boobook and Kite,E17 5YD,51.594876189847400,-0.026239579024865
Vole and Mamo,N18 2PP,51.617366885378900,-0.058617872111538
Elephant and Duck,E9 5BL,51.544012155333700,-0.040599190491975
Kestrel and Vulture,IG9 6LN,51.617598642172100,0.044777393889613
Warbler and Mink,W1C 1DB,51.515698803876700,-0.141422085923022
Songlark and Dolphin,E1W 1UG,51.506560374645500,-0.069484640663039
Fulmarine petrel and Crow,W1T 1DS,51.518377808032900,-0.132881034146159
Night heron and Pheasant,E17 5LQ,51.591624485185100,-0.022713523883263
Polecat and Tattler,W10 5SA,51.521369432227400,-0.210582809762320
Greenbul and Macaw,N1 9PR,51.532114000000000,-0.110058000000000
Quetzal and Ice seal,NW4 1DH,51.589570000000000,-0.216537000000000
Old World quail and Magpie,W1C 2AH,51.514024574724400,-0.147572212921938
Crow and Parrotlet,SW1X 8AB,51.497918218263700,-0.150555000000000
Tree warbler and Meadowlark,IG8 0DF,51.608090000000000,0.028969000000000
Recurvebill and Grouse,N6 6PH,51.570134341113900,-0.148510134019110
Towhee and Night heron,N1 7AD,51.537418587312000,-0.093413773064618
Petrel and Wader,NW6 5EX,51.532023132294500,-0.191666967800366
Polecat and Flameback,W12 9DA,51.501445908408900,-0.241144974370233
Maya and Polecat,EN1 9HD,51.651918000000000,-0.077079000000000
Old World vulture and Recurvebill,WC1X 9AY,51.529581000000000,-0.118601865898093
Goose and Grosbeak,SE1 6SZ,51.494303000000000,-0.099728262643579
White ibis and Chicken,W9 1BQ,51.525782699136100,-0.181217607396306
Jerboa and Fish eagle,NW1 3FB,51.528657000000000,-0.141734000000000
Jay and Tit-tyrant,W1T 5NX,51.524266563340600,-0.139588446457289
Philippine hawk-owl and Diving bird,E7 8AJ,51.546884135938000,0.040956117611516
Songlark and Armadillo,N7 1FQ,51.566183000000000,-0.121432000000000
Maya and Old World vulture,W1T 1JN,51.517610360079800,-0.134382589086614
Philippine hawk-owl and Bronzewing pigeon,N6 9AX,51.565921128000000,-0.122089252600000
Linsang and Skunk,N1 2LJ,51.546669904219500,-0.099387456904796
Stint and Kākāriki,NW3 7NH,51.561737659039400,-0.191902319054070
Maya and Mamo,NW9 6AE,51.579603686023300,-0.241491943868479
B and Viscacha,E18 1JZ,51.591981487052900,0.032192364239573
Crow and Treepie,WC1X 8AD,51.521068804708600,-0.112792420099740
Lemming and Tit-tyrant,N11 1NA,51.615749818086700,-0.143202112528722
Old World quail and Badger,SW7 2QJ,51.500673998718100,-0.175315971420206
New World blackbird and Chicken,NW11 7RP,51.571634132579700,-0.193385620749515
Thrasher and New World blackbird,N9 0BA,51.626523841410200,-0.041452736467778
Stilt and Mamo,N13 5PU,51.621608721152800,-0.101342872779098
Kākāriki and Fox,N1 2PE,51.543622662902200,-0.092260308294276
Logrunners and Asiatic leopard,NW3 4BJ,51.550377316454200,-0.166793970388126
Grackle and Booted eagles,EC1V 3QZ,51.525840166246300,-0.093104592705377
Diving bird and White ibis,N1 1GD,51.538645000000000,-0.103543000000000
Linsang and Fox,W14 0LF,51.498644692732100,-0.213475592044393
Black jay and Triller,E1 6LG,51.523734062692100,-0.077566229421496
Meadowlark and Chicken,SW1P 3BN,51.497935505098000,-0.129351173407083
Moluccan boobook and Vulture,W1U 1LT,51.515305663665800,-0.150114520417147
White ibis and Fulmarine petrel,W1J 8DW,51.507904633469500,-0.142704772932727
New World blackbird and Stint,NW11 7AA,51.581351364465500,-0.191989917415113
Marmoset and Old World quail,N1 4QY,51.550137234217800,-0.086982727551522
Solitaire and Black cockatoo,NW10 1EP,51.552971467206700,-0.236302247924526
Grouse and Chicken,EN4 8HZ,51.643853000000000,-0.160410000000000
Tattler and Tit-tyrant,W1F 8RE,51.514053187428900,-0.135190895246828
Dorcopsis and Jay,SE17 1LT,51.490525199434000,-0.094693779339738
Chipmunk and Polecat,N8 9LY,51.584359053111100,-0.113869000000000
Stilt and Diving bird,EC1V 2PQ,51.528555064366500,-0.094158929616446
Mamo and Armadillo,W1D 4UF,51.512877785119100,-0.132529453336467
Coati and Snipe,NW8 0DU,51.540829058222900,-0.179608337070280
Stint and Ibex,EC2R 5WD,51.524501611318500,-0.112088280168721
Chickadee and American sparrow,SE1P 5AL,51.492760984014900,-0.080151672390443
Capuchin and Towhee,N4 4HH,51.573109015770200,-0.115630915944768
Jerboa and Fish eagle,SW7 1AE,51.498955375648900,-0.170053848754178
Duck and Tahr,NW5 9RQ,51.550839000000000,-0.146700000000000
Francolin and Nukupuʻu,W1F 8DW,51.514860786735800,-0.135647939313183
Philippine hawk-owl and Mouse,SW3 2RS,51.493530713260700,-0.160143837260797
Jackal and Mouse,SE16 3LX,51.490627211032800,-0.061413943757570
Kestrel and Pheasant,NW2 1PG,51.567162616548800,-0.214975473829668
Parakeet and B,E1 2ER,51.511972601640400,-0.055377000000000
Old World vulture and Ice seal,W6 7EA,51.495319932328300,-0.221327329575452
Towhee and Philippine hawk-owl,N9 8LL,51.628348000000000,-0.047808501251274
Skunk and Eagle,SE16 3QJ,51.497293614646200,-0.073593267092559
Buzzard and Asiatic leopard,E17 9LQ,51.581934419267100,-0.010706525771488
Bronzewing pigeon and Meadowlark,E1 5EE,51.521000206524600,-0.062257721976269
Myna and Solitaire,NW3 2AX,51.552954075081900,-0.162766000000000
Mockingbird and Siskin,W2 5UR,51.519807033469300,-0.197224620437677
Francolin and Zebra,EN4 9QL,51.652471907009100,-0.167650576837788
Partridge and Black cockatoo,SE16 4DA,51.497870828690600,-0.062777847603509
Peafowl and Black jay,W1S 2ET,51.511959733029500,-0.140823000000000
Eagle and Skunk,W1S 3PF,51.510777532760000,-0.140138020627318
Francolin and Moluccan boobook,E14 0HF,51.509459078342900,-0.013663486306294
Black cockatoo and Parrotlet,E10 5AT,51.569770212846700,-0.014585405866401
Capuchin and Mink,SE1P 4AX,51.492762382100000,-0.080151676700000
Armadillo and Vulture,W11 1EU,51.515927351126100,-0.208460000000000
B and Dorcopsis,N13 5TS,51.619637000000000,-0.106669000000000
Asiatic leopard and Logrunners,EN1 3UG,51.656357727968100,-0.076628743613032
Mouse and Recurvebill,W12 9QW,51.506044308180100,-0.237768984601827
Booted eagles and Triller,W6 7EW,51.501324474937800,-0.228297620209536
Fox and Eagle,N1 8TD,51.539036434088000,-0.094671000000000
Thicketbird and Partridge,SE1 7FQ,51.498118888600000,-0.108179403600000
River dolphin and Goose,SW1E 6PL,51.498672277289400,-0.140054554107756
Pitohui and Ibex,NW1W 8JT,51.530783041088500,-0.135430048905449
Francolin and Kākāriki,E5 8SQ,51.561494117508200,-0.062282504162498
Recurvebill and Duck,E14 9FG,51.497212714528000,-0.015809637943757
Cuscus and Buzzard,W1K 3SD,51.510958386080000,-0.148157753290776
Parakeet and Parrotlet,W10 4SP,51.529790999243600,-0.207354779577470
Gull and Jackal,N1 2HX,51.541553753021900,-0.096096313650304
Civet and Rabbit,SE16 7QP,51.497024526352900,-0.035152123507431
Pitohui and Chickadee,NW1 8YP,51.541217538164000,-0.156115728131966
Logrunners and Mink,W1F 7PP,51.513710779164800,-0.139110582258110
Kangaroo and Old World vulture,N16 7JP,51.561096136970300,-0.073610429945132
Rat and Triller,WC2E 7LL,51.511038406137200,-0.122646421168317
Masked owl and Eagle,N1 4RG,51.549336976977300,-0.086987451043752
Chicken and River dolphin,NW11 7QS,51.569745733976000,-0.191050705350914
Viscacha and Parrotlet,EN4 9BG,51.655454505879600,-0.172084262369982
Petrel and Boto,N1 0AA,51.539424151691900,-0.117931114402915
Crow and Grosbeak,N19 4QQ,51.559331810838500,-0.128506387233634
Thicketbird and Condor,E2 6NE,51.527123672208500,-0.062228406564853
Lemming and Mole,W9 1DP,51.525310748976700,-0.182677990477460
Lemming and River dolphin,NW6 1EN,51.553648545951700,-0.199767218330143
Logrunners and Recurvebill,W2 3AT,51.514184378694900,-0.184244999178020
Marmoset and Boto,W6 0UZ,51.495172223266600,-0.240147537855749
Boto and Treepie,SE1 7HY,51.498244952859100,-0.108836857772118
Darwin's finches and Bronzewing pigeon,NW5 4AQ,51.553486000000000,-0.148811000000000
Black jay and Rat,W1G 0QB,51.517090241638300,-0.143541844828912
Mole and Rat,E1W 9EF,51.519025959342700,-0.058075035903984
Herring gull and Ice seal,E6 3NN,51.525246411479300,0.048767810941815
Guillemot and Mockingbird,EN1 9EL,51.651918000000000,-0.077079000000000
Dolphin and Jay,E1 8TN,51.519019000000000,-0.058106000000000
Mink and Tree warbler,SE1 3FG,51.499239300180700,-0.078726823751145
Cuscus and Ice seal,NW8 9HP,51.527950721758900,-0.174903234227164
Peafowl and Triller,EC4V 4QQ,51.512289000000000,-0.102519000000000
Capuchin and Mouse,WC2H 8LW,51.515832074866600,-0.128877470173714
Masked owl and Jay,W9 3TH,51.522553777651700,-0.194564714848867
Vole and Prion,N16 8EJ,51.557816613993000,-0.077067050446874
Jerboa and Argus,N21 3LD,51.627580770476600,-0.100298881491118
White ibis and Capuchin,W1H 1WB,51.520580221752800,-0.160149378680567
Elephant and River dolphin,N1 1RT,51.538645000000000,-0.103543000000000
Booted eagles and Pitohui,SE16 7AN,51.498538000000000,-0.048702000000000
Condor and Bronzewing pigeon,W1H 5FB,51.517871803275400,-0.162910601364932
Booted eagles and Ground sloth,W1F 9JX,51.512096588381000,-0.137691959897317
Egret and Petrel,EN5 2UH,51.644314000000000,-0.198279971679211
Logrunners and B,SW1V 1QQ,51.492935032968500,-0.144595362598954
Boto and Tattler,WC1N 1HX,51.522921474545400,-0.124579479477773
Thicketbird and Bunting,E8 4WA,51.532723121174400,-0.060419022529586
Parrotlet and Dolphin,N15 6NB,51.576203271763600,-0.074689127555843
Tree warbler and Philippine hawk-owl,NW5 3BH,51.549974728591400,-0.148030604744252
Skunk and Gull,W1H 6LB,51.515740379059300,-0.154305446410680
Herring gull and Parrotbill,NW5 3BY,51.548282351152700,-0.142229126598968
Rat and Chipmunk,N22 8JJ,51.607186294943200,-0.113700314700607
Thicketbird and Jerboa,E6 1JE,51.538723000000000,0.051075000000000
Cloud rat and Cuscus,SE11 6NP,51.493689141142400,-0.115752977683056
Lemming and Dolphin,NW9 5NS,51.598902696762000,-0.242796906753677
Nukupuʻu and Treepie,W2 6DG,51.515089286919900,-0.182868648615528
Elephant and River dolphin,EN5 5QD,51.661043676884900,-0.193752000000000
Black cockatoo and Bronzewing pigeon,SE18 5NQ,51.492267475276900,0.051999479258045
Eagle and Greenbul,E11 3FF,51.555831000000000,0.006300000000000
Tattler and Goose,W1G 7LQ,51.523059649403300,-0.148560601832843
Mockingbird and Mole,IG1 3SP,51.574695899453900,0.047296240382007
Rat and Wader,N15 6HA,51.575392614580100,-0.082918000000000
Wader and Siskin,N6 5QU,51.577944537500300,-0.143689798511967
White ibis and Parakeet,E2 6PR,51.529237529976200,-0.061720549138686
Parrotlet and Ice seal,IG10 4DS,51.646332603118400,0.049264580810477
Philippine hawk-owl and Treepie,W11 1QN,51.516504338845700,-0.209980770793819
Puffleg and Mamo,WC1N 1AF,51.524273000000000,-0.123529000000000
Chickadee and Vole,E4 0EA,51.633249644270100,0.008155826999780
Wader and Puffleg,EN3 7RL,51.653329429641800,-0.026361146326900
Bunting and Philippine hawk-owl,E2 9BP,51.533530760003400,-0.063037712711996
Badger and Condor,E14 8JQ,51.508250535066900,-0.026772133970607
Coati and Logrunners,N17 9YL,51.599059213312300,-0.055962194177259
Mouse and Shearwater,E17 4DF,51.596698811466300,0.003121134053326
Civet and Jackal,N6 5YA,51.575112707023100,-0.132404202183505
Badger and Argus,N9 0UU,51.618987000000000,-0.054851000000000
Jay and Fulmarine petrel,W1D 1NT,51.515795539316600,-0.140149818229313
Grackle and Rat,NW11 7NN,51.575876932936000,-0.196204762333395
Cuscus and Cuscus,W10 5RB,51.520959097534500,-0.206678190492090
Cloud rat and Mouse,N19 3UA,51.566971000000000,-0.135977423486368
Greenbul and Piping shrike,EN5 9TH,51.643015000000000,-0.171012000000000
Kākāriki and Coati,E3 3FP,51.523869159228300,-0.013814942711430
Egret and Parakeet,SW1X 9AH,51.494618005870400,-0.156656994549568
Black cockatoo and Magpie,NW5 9GH,51.550837000000000,-0.146726000000000
Ibex and Tree warbler,E16 2XG,51.500568000000000,0.026248000000000
Nukupuʻu and Snipe,EC3A 8BY,51.515335017347000,-0.080312415962164
Egret and Pitohui,N13 5HT,51.616288573383400,-0.101550471106664
Bunting and Partridge,N1C 4EA,51.536814000000000,-0.124877000000000
Treepie and Pheasant,E16 3QS,51.513845276016800,0.023812468781554
Vulture and Flameback,E14 0HG,51.509385888517000,-0.007758133559392
Magpie and Darwin's finches,E3 5RT,51.532773457697400,-0.040721380473840
Stilt and Bunting,E3 3FS,51.523454826477400,-0.013775310419940
Tattler and Minke whale,N1P 1UX,51.538645000000000,-0.103543000000000
Magpie and Parrotbill,NW4 3FJ,51.576416000000000,-0.223792000000000
Bunting and Stint,EC2V 6AG,51.514011389218200,-0.095389000000000
White ibis and New World blackbird,W11 2JH,51.512135092996900,-0.210051159492801
Songlark and American sparrow,N3 1LP,51.606046346652800,-0.187456488499500
Masked owl and Capuchin,N1 6LD,51.529182738128000,-0.080811251211057
Marmoset and Rabbit,SE1P 4TT,51.492762382100000,-0.080151676700000
Fulmarine petrel and Masked owl,SE1 2HX,51.506052627616500,-0.082936114968870
Towhee and River dolphin,WC1X 9LP,51.528095405694000,-0.115803316127996
Maya and Fulmarine petrel,NW10 2RH,51.545474332558500,-0.228244000000000
Perching duck and Diving bird,WC1X 9HY,51.530250000000000,-0.118295000000000
Greenbul and Chickadee,NW4 4PH,51.581351872196300,-0.236343899207924
Tree warbler and Eagle,W1T 5ET,51.524028567983200,-0.139324253206085
Rabbit and Ice seal,E5 9TZ,51.560013122809500,-0.057555702088271
Kestrel and Goose,E3 4DE,51.518396889365300,-0.022658069665185
Tit-tyrant and Dorcopsis,N1 4LS,51.542909473243100,-0.078315688033738
Piping shrike and Dolphin,EC1N 8AD,51.518259314607800,-0.107532256669651
Rabbit and Treepie,N18 1JZ,51.619617906966000,-0.085073298638607
Goose and Asiatic leopard,EC3R 8AG,51.509245000000000,-0.082185000000000
Grouse and Francolin,N16 6HT,51.568205812810600,-0.063569956019416
Armadillo and Stint,N12 9RD,51.619681000000000,-0.176299000000000
Vulture and Pratincole,EN3 4NY,51.640091040085200,-0.044004369090049
Hawaiian honeycreeper and Ice seal,N1 3LG,51.543498812943000,-0.085761303751276
Polecat and Parakeet,NW8 6PX,51.535178450600700,-0.170144280998358
Quetzal and Pratincole,W1F 7NN,51.513935265768100,-0.136824296757601
Black cockatoo and Puffleg,SW1X 0DY,51.494225635791500,-0.160303134999223
Chipmunk and Goose,NW8 9BT,51.531925466244700,-0.177800858358904
Mouse and Tattler,N6 4TD,51.585015202899500,-0.158125056674815
Petrel and Thicketbird,EC2Y 8DR,51.520276342768200,-0.094922588699335
Kākāriki and Dorcopsis,SW1P 3AY,51.500436065087800,-0.129954775914640
Snipe and Prion,N4 3GY,51.564061614333000,-0.118371199903702
Chipmunk and Magpie,E10 7NW,51.568855054216700,-0.033398512670370
Goose and Goose,N4 4JS,51.577690356773000,-0.109740595358939
Grosbeak and Vulture,N2 9LR,51.589170371273600,-0.155878212187606
Philippine hawk-owl and Goose,W8 4PE,51.502503170899000,-0.190645667831147
Old World quail and Lemming,EC4V 3HT,51.511357000000000,-0.097168000000000
Jay and Pratincole,W1U 4QE,51.520760003384100,-0.151565575873196
Masked owl and Scimitar babbler,N1P 2XQ,51.538645000000000,-0.103543000000000
Minke whale and Pitohui,E18 1QQ,51.588351274683100,0.028912145219898
Maya and Old World warbler,E1 6TB,51.517136930113800,-0.072842585069628
Scimitar babbler and Mouse,NW2 6TD,51.558900000000000,-0.225051000000000
Mockingbird and Petrel,N3 1YP,51.607856553160200,-0.187052228212433
Diving bird and Parrotlet,E3 3BS,51.526929579537700,-0.012470700487154
Civet and Recurvebill,N12 8BU,51.615771417259100,-0.179023523688033
Maya and Grouse,SE1P 4NN,51.492762382100000,-0.080151676700000
Diving bird and Quetzal,E14 5GD,51.505651308794000,-0.009722275662010
Black cockatoo and Magpie,E15 3NT,51.536956104121100,0.001823496415336
River dolphin and Peafowl,N9 9AL,51.627454815448800,-0.073606000000000
Kestrel and Prion,NW9 1JD,51.582746422415700,-0.246595672173971
Tree warbler and Maya,E5 0RZ,51.557289119452500,-0.047847573221972
Capuchin and Shearwater,N11 1PP,51.613917919024200,-0.140169000000000
Maya and Old World warbler,N3 2EX,51.599100180114200,-0.177900014046976
Thicketbird and Minke whale,E3 5NW,51.533432675467500,-0.036583770275595
Egret and Dorcopsis,N1P 1GY,51.538645000000000,-0.103543000000000
Snipe and Coati,N9 7LB,51.630157993640100,-0.057219286467091
Wallaby and Piping shrike,NW8 7EG,51.531753970296800,-0.167369200375823
Myna and Rat,N3 1RY,51.598637956527300,-0.198638455046804
Marmoset and Skunk,SW3 2JJ,51.495073675463500,-0.166795026800141
New World blackbird and Kākāriki,N16 0PE,51.561874874755700,-0.073938207600071
New World blackbird and Mockingbird,NW1W 9YF,51.530786000000000,-0.135404000000000
Crow and Meadowlark,N11 3EU,51.614758865313600,-0.149352442701399
Maya and Fox,EC1V 7PQ,51.529646167557300,-0.100442556984781
Linsang and Francolin,E1 0PL,51.515254000000000,-0.052413000000000
Recurvebill and Asiatic leopard,N20 8PN,51.631244808240700,-0.199861191370502
Pratincole and Stint,E7 9LA,51.544054443103600,0.020523164401526
Greenbul and Partridge,W1H 1LJ,51.519825330995100,-0.160179801651266
Crow and Mockingbird,N3 2JU,51.599394897290200,-0.193829000000000
Condor and Siskin,SW1V 1RP,51.492519153006100,-0.145591821297600
Chipmunk and Vole,NW1W 9PR,51.530783041088500,-0.135430048905449
Ibex and Bronzewing pigeon,W1U 6BS,51.521478959718700,-0.158397819033582
Boto and Civet,SE16 3EA,51.488651229022100,-0.059927680060417
Warbler and Duck,N1 4AE,51.546724626593500,-0.083404812190229
Piping shrike and Siskin,SW7 1TW,51.500893717252300,-0.164173000000000
Cuscus and Gull,WC2E 7AA,51.513700288629700,-0.122767000000000
Mamo and Chicken,E17 3RL,51.591648284700300,0.001873896727167
Mole and Vole,N1 6JF,51.530916636169200,-0.080709493917165
Stilt and Guillemot,SW7 3ND,51.494086014662700,-0.178160000000000
Ibex and Tree warbler,NW2 6QZ,51.561693146286600,-0.231463545925874
Ground sloth and Greenbul,EN4 8LX,51.633017360388100,-0.154750599965440
Diving bird and Darwin's finches,N8 8NJ,51.583533257079500,-0.121926073005642
Thrasher and Mouse,IG1 3SS,51.574881221329900,0.044403756628214
Peafowl and Rabbit,IG9 5DN,51.624867340577100,0.035308625186173
Crow and Vole,EC1M 4XA,51.524501611318500,-0.112088280168721
Old World vulture and Logrunners,NW7 4HP,51.629280000000000,-0.237982000000000
Duck and Rat,NW8 8EA,51.526084000000000,-0.172788811935681
Mamo and Coati,W1J 5HR,51.506801384845100,-0.148571272971779
Old World warbler and Crow,SE1 5ZS,51.489457849000000,-0.062571000000000
Hawaiian honeycreeper and Egret,E20 2AF,51.536238000000000,-0.013941000000000
Booted eagles and Buzzard,N8 8DH,51.577576000000000,-0.124380000000000
Egret and Armadillo,W1S 3ST,51.510461515767800,-0.142326975271779
Masked owl and Mouse,N15 5QS,51.582962888805400,-0.086066252507742
Eagle and Siskin,N17 0RP,51.607590632122200,-0.056171000000000
Siskin and Ice seal,WC2H 8DY,51.516387267541400,-0.125914454895637
Snipe and Perching duck,NW10 6EH,51.530892939906400,-0.247550613805976
Snipe and Puffleg,W8 6UW,51.499851009773000,-0.194770457898466
Macaw and Macaw,W8 6TU,51.500005682378500,-0.194303297909094
Civet and Goose,E11 2PJ,51.572830636078300,0.018970519855423
Chipmunk and Duck,N6 6JA,51.566895165510000,-0.157529981034610
Perching duck and Masked owl,W1U 7JF,51.518430296408900,-0.155522758673925
Mole and Chickadee,NW1 6RH,51.521158989478600,-0.170706288819251
Mole and Stint,NW5 1PG,51.557251650995500,-0.146451113566099
Argus and Pratincole,E8 3RW,51.539108150889100,-0.058806469313561
Kite and Greenbul,NW7 1PY,51.611301409975800,-0.203481091721824
Snipe and Elephant,W1U 4HY,51.520530158688800,-0.152958656649372
Hawk and Perching duck,WC1B 3UB,51.517273408636100,-0.128472481004573
Gull and Wallaby,E1 8AA,51.513716919328300,-0.073187000000000
Eagle and Vulture,E1 0PX,51.514906477536300,-0.052139192253618
Quetzal and Songlark,IG8 9EL,51.600332634817200,0.021951844799777
Herring gull and Mockingbird,NW9 7AP,51.573125037661300,-0.233429833759417
Logrunners and Tattler,N17 7NG,51.607562670427000,-0.087501405772404
Masked owl and Warbler,N9 8BF,51.636982308900000,-0.045164248300000
Hawaiian honeycreeper and Solitaire,W12 9DT,51.506552085027800,-0.245703000000000
Petrel and Tit-tyrant,W9 1UF,51.528033889202900,-0.181416229699784
Herring gull and Vole,EC1V 3AG,51.525636332591900,-0.097077582236304
Zebra and Masked owl,E17 6RH,51.586664722193900,-0.024025973934179
Grosbeak and Herring gull,EN5 2QT,51.644077295233500,-0.217578700323936
Shearwater and Peafowl,NW8 9ND,51.533901586975300,-0.174766152526129
Old World quail and Parrotlet,SW1P 4JE,51.493465022099900,-0.128713057396010
Prion and Dolphin,SE1 7QH,51.499052280045000,-0.108155096007384
Marsh harrier and Triller,NW1 8XY,51.541699801128100,-0.155331921477296
Vulture and Puffleg,E14 7JF,51.512038522103600,-0.039766473970408
Masked owl and Tit-tyrant,E11 4ET,51.555974000000000,-0.002218000000000
Wader and Parrotbill,EN5 1BU,51.639013774053600,-0.169016865845790
Triller and Peafowl,SE1 4YB,51.500926000000000,-0.092171000000000
Cuscus and Elephant,N22 6LJ,51.594840040012100,-0.105346990065316
Chipmunk and Stint,SE1 7EQ,51.499169881278800,-0.116578698352565
Ground sloth and Mouse,NW5 9NH,51.550839000000000,-0.146700000000000
Meadowlark and Darwin's finches,NW1W 8UG,51.530784525000000,-0.135430053900000
Ibex and Pitohui,W14 0AR,51.500328095074100,-0.217732111307903
Triller and Kākāriki,EC4V 4EH,51.511635851409300,-0.098236000000000
Marmoset and Meadowlark,EN5 2LH,51.647456208480400,-0.204451620731078
Grouse and Puffleg,N9 8QA,51.634274523409000,-0.041942536600319
Towhee and Ibex,N5 1UX,51.551684057743300,-0.103606718920238
Gull and Vole,N11 2RR,51.612076423113800,-0.130454112631902
Kestrel and Meadowlark,N11 2LW,51.605196307733200,-0.124758099657632
Myna and Cuscus,IG9 5RS,51.627932314997500,0.031241234229265
Moluccan boobook and Darwin's finches,EC2V 7AN,51.514826000000000,-0.094692313371569
Old World warbler and Mouse,EC4Y 9BS,51.511715259052000,-0.111593723964499
Bunting and Jay,N6 4HH,51.576312723370300,-0.148547703801526
Jay and Mouse,NW1 8PP,51.545323141645900,-0.142753481863763
Meadowlark and Minke whale,E10 5HR,51.564381914191900,-0.016609267932264
Old World vulture and Chickadee,N3 1PR,51.611520649066300,-0.191990206714763
Mockingbird and Bunting,NW3 6DU,51.549623105979800,-0.182473758116831
Hawk and Wallaby,NW8 9NB,51.533918396893100,-0.175846868018732
Herring gull and Coati,N12 9DR,51.615326054271200,-0.172353636150721
Argus and Zebra,E16 3JA,51.511099008018700,0.039586843720186
Fox and Kestrel,N18 1EP,51.609216039700000,-0.081279460500000
Grosbeak and Darwin's finches,N22 6XR,51.592928806923300,-0.102264745841712
Old World warbler and Parakeet,N9 8DD,51.634803393532400,-0.045619149272324
Puffleg and Viscacha,EN5 2HH,51.651164000000000,-0.199867000000000
Pheasant and Vulture,E1 2QW,51.511293855092600,-0.058792918105168
Fulmarine petrel and Chicken,W11 2HB,51.514035417811100,-0.207886906418531
Ground sloth and Meadowlark,NW1W 7SB,51.530786000000000,-0.135404000000000
Wallaby and Grosbeak,E1 5BQ,51.521024470588600,-0.063726985167803
Mink and Macaw,E17 7FD,51.584870000000000,-0.020466000000000
Chickadee and Eagle,E18 1HL,51.590753431096000,0.033003767835833
Hawk and Macaw,EN1 3HS,51.660913000000000,-0.078031292523659
Maya and Stint,NW5 1QU,51.560819000000000,-0.149653000000000
Black cockatoo and Magpie,E10 5FU,51.571534000000000,-0.011392000000000
Fulmarine petrel and Crow,W1U 8AD,51.517812161330300,-0.156816114697225
Warbler and Parrotbill,SE16 7TG,51.493053255783200,-0.038045600226341
Greenbul and River dolphin,W11 3RL,51.508023345427300,-0.201090604128389
Old World warbler and Solitaire,NW6 6SJ,51.534100217813400,-0.213371028236897
Crow and Parrotlet,N8 7HA,51.587470476175300,-0.129717700968591
Marsh harrier and Maya,NW1 1EZ,51.529861076339700,-0.129484538518289
Partridge and Recurvebill,N8 7LS,51.590572973929000,-0.125779031141603
Wader and Mockingbird,EN2 6SH,51.656680280079000,-0.088672753025090
Grosbeak and Linsang,N3 2BW,51.603179000000000,-0.190273066371267
Fox and Lemming,E4 6UB,51.617103428025000,-0.001657456392566
Marmoset and Quetzal,SE1P 5NN,51.492760984014900,-0.080151672390443
Hawk and Pratincole,E16 1HN,51.510587762436700,0.014012387444127
Egret and Myna,N10 1BD,51.604438598592200,-0.148400222002612
Francolin and Darwin's finches,NW6 1AB,51.552204680217800,-0.194169913967510
Tit-tyrant and Wallaby,E2 7SG,51.530339473363500,-0.070742400400016
Marmoset and Francolin,N20 8BB,51.635810733274100,-0.200894273207374
Tit-tyrant and Myna,N17 9TR,51.597997202156200,-0.067342176312403
Dorcopsis and Rat,N14 4SX,51.644420907779400,-0.120813045853767
Kite and Stint,E8 4JD,51.536726433998200,-0.072519909793009
Argus and Fox,NW5 4BS,51.550763557103400,-0.154720096202260
White ibis and Linsang,W8 4NW,51.501456147853900,-0.193309433061468
Warbler and Parrotbill,NW10 1BH,51.552189490833100,-0.242318523276875
Parakeet and Parrotbill,E11 1PQ,51.583531402221200,0.016904357663909
Pheasant and Quetzal,SE1 7AD,51.501033756407800,-0.112813348398222
Marsh harrier and Masked owl,W1U 7DB,51.518946393052600,-0.155746942637926
Pheasant and Civet,N4 2RP,51.573000581031300,-0.086701217529366
Myna and Buzzard,N1 9FT,51.531598000000000,-0.113600000000000
Argus and Mouse,IG9 5JN,51.623361803958600,0.025128167652089
Thrasher and Pratincole,EC1V 2PW,51.529848000000000,-0.098983274466514
Cloud rat and Fish eagle,N14 4UY,51.649730201687900,-0.127806697389895
Fulmarine petrel and Bronzewing pigeon,E8 1LQ,51.549408356817500,-0.059250000000000
Shearwater and Nukupuʻu,EC4A 4BL,51.515332315402700,-0.105030454741550
Elephant and Cloud rat,N1 0ET,51.535974734731900,-0.110330260960695
Moluccan boobook and Ice seal,N12 9NL,51.613460750887500,-0.164036758804475
Jerboa and Night heron,N12 0JG,51.607625269912000,-0.176764404619076
Fish eagle and Wallaby,N7 0LR,51.556259000000000,-0.121809000000000
Tree warbler and Tree warbler,SE1 1LL,51.503527000000000,-0.091753271477295
Dolphin and Mamo,N12 8ER,51.614532528695300,-0.185544038531095
Cuscus and Kangaroo,NW1 8DT,51.545204273795100,-0.147748378986399
Rat and Dolphin,N1 5LP,51.534740000000000,-0.078582784577600
New World blackbird and Marmoset,NW7 4BN,51.618380948266200,-0.240011000000000
Vole and Crow,E18 1EN,51.596595058735500,0.034766269609733
B and Bronzewing pigeon,IG10 1HQ,51.650548039189000,0.054528747021332
Duck and Dolphin,N6 5BQ,51.570570549700000,-0.142446239300000
Capuchin and Civet,W10 4JP,51.530911811105500,-0.208436000000000
Magpie and Piping shrike,NW10 5SN,51.531320160924800,-0.222750392283999
Parakeet and Elephant,W10 6SR,51.516330000000000,-0.216751510879854
Fulmarine petrel and Francolin,N16 7TF,51.555382558844900,-0.068485568349342
Kangaroo and Piping shrike,SW1V 1AD,51.493670777790400,-0.140517443731234
Ground sloth and Armadillo,EC4N 6AF,51.511380000000000,-0.090235000000000
Jay and White ibis,W1D 7AR,51.511479000000000,-0.133922429263123
Chicken and Zebra,NW1W 9YA,51.530783041088500,-0.135430048905449
Booted eagles and Grouse,EN2 8QA,51.657613899868900,-0.096325079307555
Stint and Hawk,W2 2ER,51.514015000000000,-0.161740000000000
Pitohui and Mockingbird,EC2A 4HT,51.523642787414400,-0.082428074918829
Scimitar babbler and B,E2 8AW,51.533879375725300,-0.077786000000000
Stilt and Marsh harrier,EN3 4ET,51.643770438075200,-0.046794550144152
Old World vulture and Darwin's finches,E13 0BE,51.528015229032800,0.025522083165035
Old World quail and Mockingbird,N20 0LU,51.626333417988100,-0.174136279232998
Towhee and Dolphin,W1U 7HG,51.518206607219500,-0.154450777478979
Old World quail and Meadowlark,SW1V 1JY,51.494974000000000,-0.144354000000000
Herring gull and Pheasant,E14 6HE,51.511311486140000,-0.022172257153829
Guillemot and Warbler,W1K 4AG,51.512210812887600,-0.150023719690021
Diving bird and Eagle,WC1V 6BH,51.518095071599900,-0.118003352531847
Parakeet and Kestrel,NW1 9QZ,51.543215000000000,-0.131100000000000
Polecat and Peafowl,NW6 5FA,51.529280000000000,-0.195654000000000
Cuscus and Triller,IG10 4RW,51.642148363850000,0.035981254969232
Civet and Skunk,EC1P 1ZE,51.524501611318500,-0.112088280168721
Marmoset and New World blackbird,NW3 1DR,51.559314360089500,-0.178249954926737
Stint and Hawaiian honeycreeper,E1 3JJ,51.519245911971300,-0.047572155412204
Bronzewing pigeon and Grosbeak,W6 7PB,51.497815842189700,-0.222843754225051
Greenbul and Warbler,NW3 5TE,51.550696917147600,-0.178074972100572
Mole and Jerboa,NW7 4EQ,51.623913476179900,-0.237019997649333
Lemming and Rabbit,W2 5RU,51.515342459586800,-0.194604851353797
Prion and Myna,NW10 5TD,51.532514897229900,-0.226827402444468
Peafowl and Kangaroo,N21 1UH,51.645256054909800,-0.111773713666796
Diving bird and Macaw,E1W 3TU,51.506039634056700,-0.053756620957337
Francolin and Black jay,NW1 1AQ,51.530783041088500,-0.135430048905449
Mole and Pitohui,EN3 7AF,51.647637584857100,-0.041959422053282
Old World quail and Kangaroo,N15 5HD,51.582222060970200,-0.081449643315923
Grosbeak and Chickadee,N6 4PR,51.572357553534000,-0.154350824484369
Night heron and River dolphin,W11 2AG,51.515548198184200,-0.199799687192366
Tree warbler and Old World vulture,SW3 2LB,51.494588798784300,-0.165690803701888
Petrel and Francolin,E5 8LW,51.551037321980800,-0.059654549625893
Lemming and Goose,E10 6LZ,51.563919972934200,-0.006861404423912
Petrel and Perching duck,E4 8JD,51.614698024015500,-0.032269707415234
Snipe and Capuchin,E14 9XE,51.492284242465800,-0.019048779128462
Nukupuʻu and Egret,NW5 1LB,51.552877689755800,-0.143529000000000
Hawaiian honeycreeper and Macaw,E13 9BZ,51.531249715392100,0.036594545221813
Zebra and Bunting,E2 0LQ,51.525477308550200,-0.050246480651500
Rabbit and Songlark,EC4M 8AQ,51.512361000000000,-0.097451563679641
Badger and Old World warbler,N14 5JP,51.632148210486500,-0.142402478912964
Parrotbill and Snipe,N11 9EP,51.609246000000000,-0.110687000000000
Warbler and Diving bird,WC1B 3RD,51.519211970482600,-0.128796602118148
Buzzard and Grouse,E14 5NR,51.502550261750600,-0.019367270050363
Mouse and American sparrow,SE17 3BB,51.489240069356500,-0.097513029194820
Francolin and Triller,N15 4LE,51.587226109476100,-0.077312364692491
Vole and Mink,SE8 5DG,51.488648008318700,-0.040265752069771
Jerboa and Jay,SE1 3DT,51.496613565787300,-0.079831316473506
Moluccan boobook and Stint,E15 3ND,51.530838000000000,0.003155000000000
Black jay and American sparrow,WC1B 3PA,51.518040104364600,-0.126365497417060
Argus and Tree warbler,EC1A 2FD,51.517128000000000,-0.104206000000000
Cloud rat and Elephant,N9 9AA,51.627290242334800,-0.069120000000000
Dolphin and Lemming,N7 8PU,51.546017013132100,-0.107952763345492
Condor and Egret,E6 3DW,51.528693158223200,0.042434777203333
Philippine hawk-owl and Ground sloth,W12 7DR,51.505651570679300,-0.224844426719950
Guillemot and Songlark,SE11 5EP,51.488763513672400,-0.120939964813764
Kestrel and Lemming,NW6 7HA,51.538863380815100,-0.199658531758920
Argus and Chicken,W1U 1HF,51.515819823951400,-0.150785505130704
Fulmarine petrel and Chicken,SE1 4NB,51.500846000000000,-0.090560000000000
Cuscus and Fox,EC1M 5PE,51.523146964435800,-0.098812000000000
Vulture and Parrotbill,E7 9NF,51.543498895283500,0.024579955003866
Viscacha and Civet,N7 7PN,51.560441583092300,-0.111898631039564
Coati and White ibis,E1W 2PF,51.503706635405200,-0.059490018958948
Eagle and Capuchin,W14 0YH,51.496732619882300,-0.212513072105160
Vole and Peafowl,E9 5HZ,51.550735545894700,-0.030213439758109
Macaw and Flameback,N10 2AS,51.594892021723000,-0.136112032295667
Siskin and Grouse,E1 3AQ,51.519446000000000,-0.050893000000000
Puffleg and Old World quail,SE10 0DU,51.492106471985300,0.013039247544978
Peafowl and Tahr,E3 3BU,51.528016931629200,-0.012956771989297
Cuscus and American sparrow,W1U 5QG,51.520919450737700,-0.152553716044592
Armadillo and Ibex,N8 7LL,51.591487288878500,-0.124470956751744
Myna and Linsang,W2 2AW,51.514858460615600,-0.166303478290826
Grackle and Marmoset,W1T 3PJ,51.517608104511200,-0.138202238073334
Egret and Stint,N17 8DA,51.603544889568000,-0.068940589718872
Chicken and Parrotbill,NW3 7HL,51.567295266522600,-0.182028810632907
Polecat and Vulture,SE1P 4SP,51.492762382100000,-0.080151676700000
Goose and Triller,E16 3BL,51.513738017307300,0.024816590129194
Rat and Tahr,N4 2BQ,51.561677251909200,-0.100983604102277
Treepie and Night heron,W1D 5DN,51.512969180473300,-0.130363920745952
Jerboa and Vole,E12 6BE,51.549232000000000,0.048640960677741
Maya and Rabbit,E8 3EH,51.542581176867400,-0.065999190357759
Hawk and Puffleg,N2 9DY,51.591187950037000,-0.162266000000000
Grosbeak and Skunk,E10 5FA,51.571534000000000,-0.011392000000000
Pheasant and Old World warbler,NW8 6HS,51.538788671473800,-0.169094000000000
Marsh harrier and Wallaby,NW9 5PG,51.599357059395400,-0.241913021821374
Macaw and Armadillo,N1 7GS,51.531660498800000,-0.095918046300000
Crow and Jerboa,N1 2RQ,51.545848540750000,-0.089787502999749
Chicken and Wader,IG9 5JP,51.625212423454600,0.028360206462685
Rabbit and Cloud rat,N21 1RT,51.641415246584400,-0.099446117163391
Mole and Jackal,EN1 2DZ,51.644040762455300,-0.076239472577393
New World blackbird and Minke whale,NW5 2LJ,51.546934673340000,-0.140034083908926
Fish eagle and Stilt,W1K 7DU,51.513263328561900,-0.157475328268938
Dolphin and Duck,W1D 6QR,51.511567150284400,-0.132107471141719
Elephant and Solitaire,E1W 3ES,51.509898426938500,-0.046242483927296
Maya and Coati,W1J 7PN,51.506424064284400,-0.146886203224280
Francolin and Ibex,NW2 2BA,51.563726215526000,-0.199585650090956
Thicketbird and Fish eagle,N20 9JW,51.633579657147900,-0.163657963686497
Armadillo and Songlark,SE10 0UL,51.497369000000000,0.012001000000000
Marsh harrier and Jay,NW5 9JY,51.550839000000000,-0.146700000000000
Asiatic leopard and Kangaroo,WC1R 4BN,51.519971977734100,-0.115363000000000
River dolphin and Bronzewing pigeon,EC1A 7AJ,51.515524000000000,-0.097965647807576
Towhee and Pitohui,NW1W 7FW,51.530784525000000,-0.135430053900000
Guillemot and Ice seal,N14 4QE,51.638055205996100,-0.137233114593105
Vulture and Petrel,W9 3HE,51.528697931273800,-0.199396387510129
Pratincole and Crow,W1H 1BT,51.519923907217800,-0.159584850465713
Chipmunk and Egret,N18 2RG,51.612838233780400,-0.063187563580430
Civet and Tit-tyrant,N9 8BZ,51.636458043719100,-0.049406501527830
Black jay and Francolin,E6 3BN,51.530385534066900,0.044399259245221
Tattler and Stint,N8 8LL,51.586184000000000,-0.123939000000000
Darwin's finches and Masked owl,N17 8AP,51.602788557115800,-0.072164033925912
River dolphin and Parakeet,N15 4FD,51.585301987473400,-0.071089000000000
Maya and Recurvebill,NW1W 7DN,51.530784525000000,-0.135430053900000
Bronzewing pigeon and Kite,W1H 4QG,51.519506345587200,-0.163925876126951
Civet and River dolphin,SE1P 4EW,51.492762382100000,-0.080151676700000
Skunk and Grouse,NW5 2LH,51.546700250507400,-0.138860989667360
Black jay and Dorcopsis,W1U 5QH,51.520949360375700,-0.152739893446699
Gull and Songlark,EC1P 1WA,51.524501611318500,-0.112088280168721
Snipe and Wader,E7 9HF,51.545691317724900,0.017898656394868
Treepie and Kākāriki,N8 0QE,51.590459283689300,-0.106929614278239
Macaw and Wader,WC2B 5NH,51.515856618070800,-0.122936000000000
Jackal and Philippine hawk-owl,EC3A 8FR,51.515158146168700,-0.080072000000000
Solitaire and Piping shrike,E17 6ZD,51.589279000000000,-0.041369000000000
Old World warbler and Jerboa,W11 3NA,51.509953322781800,-0.202628603668491
Macaw and Macaw,N5 1PS,51.550393229061200,-0.104972970270173
Ice seal and B,IG8 8PT,51.599244809027400,0.042191160722606
Polecat and Solitaire,W1S 2FF,51.511885202493200,-0.143076109955067
Mamo and Scimitar babbler,W1U 2PY,51.517177198676200,-0.150658528855357
Piping shrike and Shearwater,N2 9BJ,51.595146106598000,-0.159621049246610
Armadillo and Bronzewing pigeon,W6 8DL,51.491758587260300,-0.221898095721808
Grosbeak and Masked owl,W1S 1TA,51.513868945933100,-0.145341000000000
Peafowl and Piping shrike,NW1 6BB,51.523841000000000,-0.159816000000000
Masked owl and Nukupuʻu,N7 7EN,51.561193110357100,-0.115794000000000
Gull and Fox,E5 0QJ,51.555424000000000,-0.054563000000000
Lemming and Capuchin,N4 1PD,51.577839174592000,-0.089499984811310
Marsh harrier and Thicketbird,E20 3AG,51.552887000000000,-0.015711000000000
Night heron and Maya,W1U 3RY,51.515743843059200,-0.153382887125284
American sparrow and Recurvebill,E16 4PF,51.523797333842600,0.009333498970629
Mink and Chicken,NW11 8JS,51.573315918821700,-0.199250056796430
Mole and Boto,W1H 7NP,51.515561843554100,-0.161259602218664
Maya and Partridge,E14 9QQ,51.504614132277100,-0.008485020253080
Shearwater and Capuchin,W2 2QN,51.515746307511500,-0.164999497791999
New World blackbird and Wader,NW11 7RR,51.571120662331900,-0.195079886104863
Night heron and Gull,N16 8EH,51.557038829420100,-0.076796910579611
Fulmarine petrel and Black cockatoo,W1H 1NT,51.520454212119900,-0.163585054388895
Jay and Mink,N21 1AX,51.637700204330000,-0.102708526708775
Puffleg and Jay,N19 4PD,51.564057874274700,-0.125441143637509
Towhee and Partridge,E9 5ER,51.543192082464600,-0.024943602835167
Hawaiian honeycreeper and Ice seal,NW6 5EE,51.533072096949200,-0.189131048376472
Greenbul and Jerboa,W1B 5TG,51.512096600592800,-0.139106000000000
Mamo and Pheasant,W10 5QZ,51.519857348568400,-0.205784558206242
Pratincole and Stint,N21 3NA,51.632639938759400,-0.099001000000000
Minke whale and Masked owl,EC2N 1EX,51.515789252333700,-0.084444246698514
B and Fish eagle,N7 7DS,51.563826000000000,-0.112471125003183
Mouse and Masked owl,W1J 8BA,51.506879727559500,-0.144026000000000
Mink and Siskin,NW2 1LJ,51.572114236903100,-0.226628964395309
Prion and Moluccan boobook,E6 1DZ,51.534926084167000,0.037724738249283
Vulture and Gull,WC2H 9BY,51.524565000000000,-0.112042000000000
Hawk and Bunting,W1J 7SF,51.505761421398800,-0.148771933681905
Mouse and Jackal,N3 1ER,51.607578896350800,-0.197634696767388
Eagle and Bunting,E8 4RW,51.534760880297200,-0.056943935600537
Grosbeak and Diving bird,N21 1NJ,51.641076098573100,-0.114664453761274
Kite and Ice seal,E15 1GU,51.546612000000000,-0.003090000000000
Stint and Viscacha,EC2M 2TJ,51.524501611318500,-0.112088280168721
Moluccan boobook and Mouse,N11 3HE,51.617160105909000,-0.150511471716452
Civet and Piping shrike,E17 8HJ,51.572756087284100,-0.031686016759837
Kestrel and Rat,NW1W 7GU,51.530784525000000,-0.135430053900000
B and Egret,E13 0EG,51.524859650406200,0.021302302306476
Mouse and Wallaby,N12 9HY,51.619744787001800,-0.170269273391384
Logrunners and Herring gull,NW1 3SL,51.529776236374600,-0.139983788471421
Warbler and Macaw,W1T 1SA,51.518998261547200,-0.136271745076345
Wallaby and Grouse,N22 5BX,51.600862496621300,-0.101298645061024
Stint and Chickadee,EC2P 2RA,51.524567000000000,-0.112017000000000
Crow and Boto,NW1 4AE,51.534318856801600,-0.145753537286409
Petrel and New World blackbird,N1P 1LF,51.538645000000000,-0.103543000000000
Petrel and Solitaire,N15 4SZ,51.586295066745700,-0.073728416849148
Goose and B,N10 3LE,51.583694227336600,-0.139370562846816
Solitaire and Guillemot,NW1 5RS,51.523900414183800,-0.157982988362266
Tit-tyrant and Old World warbler,W1F 7DX,51.513189779165600,-0.139146226385993
Darwin's finches and Vole,NW6 4RT,51.542525306569000,-0.175920918887830
Polecat and Mole,NW11 6AA,51.586233277461700,-0.199533302119791
Chicken and Egret,EC1V 4JE,51.522990000000000,-0.102464000000000
Petrel and Rabbit,N2 0BX,51.583191300472900,-0.165112760365792
Ice seal and Meadowlark,E17 8HG,51.571401440307800,-0.030806542887606
Piping shrike and Duck,SW1A 2NH,51.502131021112000,-0.125721319408937
Quetzal and Petrel,N1P 2AX,51.538645000000000,-0.103543000000000
Pitohui and Chickadee,N9 9NY,51.626963572314100,-0.067989648623813
Vole and B,SW1W 0JJ,51.497866729978700,-0.145403596123718
Gull and Jerboa,N5 9DY,51.553834000000000,-0.098990000000000
Eagle and Wallaby,IG8 0SP,51.616730000000000,0.019144382725896
Philippine hawk-owl and Duck,NW1W 9FS,51.530784525000000,-0.135430053900000
Mouse and River dolphin,N1 0SD,51.536333480927600,-0.114742153588935
Vole and Black jay,SW1E 6NL,51.498973235938000,-0.141454239797577
Mamo and Cloud rat,W2 5HA,51.520980948012000,-0.191700797973544
Magpie and Hawk,E14 6JW,51.511924000000000,-0.025423444566191
Diving bird and Scimitar babbler,NW6 1JU,51.552665000000000,-0.192421000000000
Magpie and Capuchin,E14 3QQ,51.488671123120100,-0.021827017511342
Kite and Pheasant,W14 0DA,51.502139473860600,-0.219765068336882
Fish eagle and Civet,N2 0JF,51.587941873337500,-0.169309793747279
Viscacha and Bunting,N7 8LX,51.549571633249000,-0.108670702028913
Duck and Armadillo,N3 2QG,51.603678211628000,-0.188417229400404
Jerboa and Maya,E3 5JX,51.534291615304400,-0.032567195254202
Egret and Tahr,WC1B 5AH,51.519829706392800,-0.123595000000000
Ibex and Songlark,NW11 9DU,51.574503778111200,-0.211065638868643
Siskin and Hawaiian honeycreeper,SW1Y 5LP,51.506628411260400,-0.135079000000000
Grosbeak and Mockingbird,W1S 2SF,51.512244478400900,-0.144185614066612
Logrunners and Siskin,N12 0RE,51.610910005095000,-0.165959485361642
Vulture and Linsang,N2 0HJ,51.586048624369100,-0.173037955331564
Night heron and Kite,W1U 2QU,51.517680891625300,-0.150397000000000
Prion and Tattler,N4 2PY,51.568555012955300,-0.095343628938479
Flameback and Elephant,W2 4BB,51.514538493634700,-0.190066000000000
Vole and Tit-tyrant,N16 9DR,51.557085041567200,-0.089533124847722
Warbler and Prion,N21 1LG,51.635974905283700,-0.105569574970168
Boto and Fulmarine petrel,N4 2AX,51.568054892779000,-0.097774250152907
Myna and Prion,W1J 6QE,51.510458875160700,-0.145569591437301
American sparrow and Black jay,W1U 6PF,51.520474022920600,-0.158539258761016
Marsh harrier and Masked owl,W1H 2ER,51.519099553935700,-0.159200080534711
Old World vulture and Treepie,N18 2UG,51.617140376624100,-0.066687901381774
Ice seal and Marmoset,EN5 1AZ,51.641434990380700,-0.182358000000000
Old World warbler and Night heron,NW1 9DQ,51.543203000000000,-0.138098000000000
Parakeet and Ground sloth,E17 0TP,51.585505000000000,-0.017986000000000
Rabbit and Rat,WC1B 3QQ,51.520720175062500,-0.126947393881201
Tree warbler and Shearwater,N5 1RH,51.550451381159800,-0.104407000000000
Chickadee and Tattler,NW2 4DX,51.550283468852300,-0.214352532144647
Argus and Buzzard,E8 4DB,51.539270524302700,-0.076305923814997
Mouse and Treepie,E1 4SA,51.518448000000000,-0.042273000000000
Herring gull and Pratincole,NW1 4DS,51.524263849818200,-0.144950000000000
Grouse and Moluccan boobook,WC1E 6BS,51.525377126801400,-0.134209306460084
White ibis and Pratincole,NW6 5LA,51.531337807955500,-0.193294484971473
Goose and Puffleg,NW4 1QL,51.590798293413400,-0.221743756991564
American sparrow and Francolin,E1W 3QG,51.506609153557200,-0.057190776067353
Fish eagle and Macaw,E1 7PL,51.515870007636100,-0.069624311320448
Maya and Fox,SW5 9AH,51.489860463956100,-0.190109104884091
Recurvebill and Minke whale,SW1V 2LB,51.491437265805300,-0.136906201055473
Stilt and Kangaroo,NW3 2NW,51.553632163056400,-0.168495059163427
Black jay and Skunk,NW1 8QT,51.544655146309400,-0.145434322145622
Peafowl and Greenbul,E15 4QF,51.536998225179000,0.003570142505001
Nukupuʻu and Marsh harrier,N8 0EP,51.589636213635300,-0.105520203196780
New World blackbird and Ground sloth,W6 6LF,51.492358000000000,-0.238792000000000
Recurvebill and Thrasher,WC1E 7AP,51.521159772913500,-0.132522204661286
Songlark and Logrunners,N1 1AH,51.544507090648100,-0.105217534387666
Fulmarine petrel and Hawaiian honeycreeper,WC1X 8PS,51.521834000000000,-0.113885000000000
Siskin and Peafowl,NW10 4PL,51.535342327243400,-0.240819164999042
Gull and Asiatic leopard,SE1 9PL,51.507201000000000,-0.108194396174319
Cloud rat and Solitaire,WC2H 0AR,51.511080692144200,-0.128668639631018
Francolin and Thicketbird,N12 9TB,51.616644613894900,-0.175030719532639
Chicken and Francolin,W1U 8AB,51.517859743427500,-0.156410616754565
Egret and Flameback,NW4 4RR,51.590666165812400,-0.224896049736885
Parrotbill and Hawk,WC1B 3BD,51.518267092748000,-0.125376053831067
Coati and Civet,WC2N 6NU,51.507551000000000,-0.120960000000000
Bronzewing pigeon and Siskin,EC1A 1YQ,51.524501611318500,-0.112088280168721
Bronzewing pigeon and Flameback,WC1B 3HP,51.519126574405500,-0.131336950982387
Skunk and Tattler,N15 6TP,51.578683794892700,-0.069677116734698
Condor and Warbler,E7 8BL,51.545845675780400,0.024597597155424
Argus and Old World warbler,E2 8QX,51.533870440301100,-0.064003764325329
Vulture and Jerboa,W6 0XY,51.496989924848200,-0.246834281394625
Vole and Duck,W1G 8BT,51.518389398504700,-0.146989000000000
Ice seal and Masked owl,N3 1YD,51.606098842253400,-0.189692807169571
Greenbul and Chickadee,N13 4DP,51.624773661543400,-0.102818000000000
Tattler and Prion,W1W 7QN,51.518641959071500,-0.140451862559880
Mockingbird and Greenbul,IG8 7BH,51.601151788780100,0.039056552929478
Masked owl and Solitaire,N17 7AU,51.601660557042500,-0.080702619131120
Diving bird and Buzzard,W6 0PN,51.497749034365500,-0.229127801134888
Grackle and Hawaiian honeycreeper,NW6 1JR,51.552802660186300,-0.190958429767824
B and Mole,E9 5HJ,51.541603977010000,-0.025156579394187
Black cockatoo and Dorcopsis,NW6 5NP,51.537906000000000,-0.188233000000000
Prion and Jackal,E3 2HF,51.530675192741900,-0.026595575613289
Cloud rat and Mole,NW1 8QS,51.541078872561700,-0.144469314206984
Pratincole and Jay,E17 3AP,51.583889637680400,-0.018906606739365
Macaw and Dorcopsis,E1 8XE,51.519024600693000,-0.058075031814056
Mouse and Francolin,NW9 7EJ,51.577912425783600,-0.239046001318570
Tit-tyrant and Skunk,W12 9HP,51.505632959262200,-0.237323751661294
Ibex and Vulture,EC2V 8EY,51.514619475988600,-0.091569893380583
Marmoset and Petrel,NW2 2DT,51.560262000000000,-0.208162000000000
Pratincole and Chicken,E16 1LH,51.513192318431700,0.016822372925852
Kangaroo and Kestrel,N8 7NS,51.587323192941200,-0.113772504449971
Duck and Viscacha,E17 5HU,51.598754000000000,-0.026326696430527
Cloud rat and Grouse,NW6 3PE,51.542884553660000,-0.188078154825569
Parrotbill and Recurvebill,IG4 5LZ,51.583617258630900,0.051378093206928
Scimitar babbler and Logrunners,N17 7PT,51.599145630080900,-0.089703288513652
Old World warbler and Badger,EC2R 6LL,51.516622581967400,-0.089223293636053
Towhee and Francolin,E1W 1NY,51.504589143974900,-0.066642840868412
River dolphin and Condor,E8 3SH,51.539624884708900,-0.055799430995175
Magpie and Moluccan boobook,N1P 1TW,51.538645000000000,-0.103543000000000
Recurvebill and Tattler,W9 3DY,51.527622147543000,-0.199611826896293
Bronzewing pigeon and Vole,SW5 9EA,51.490258058011400,-0.198995454173229
Parakeet and Tree warbler,N1 2HJ,51.543837000000000,-0.095972000000000
Parrotbill and New World blackbird,EN3 7FF,51.654892000000000,-0.026050000000000
Tahr and Minke whale,NW7 4JY,51.621344561880900,-0.242609081354795
Wader and Pratincole,N11 2BN,51.611274116783500,-0.122442265424628
Buzzard and Masked owl,W1J 6NT,51.510986587574200,-0.145389637892209
Stilt and Treepie,EC2A 1WX,51.524501611318500,-0.112088280168721
Grackle and Tit-tyrant,NW7 1AE,51.617997940276000,-0.217459516013479
Partridge and Grackle,EC2A 2BU,51.521474307651800,-0.084551647058404
Jackal and Bronzewing pigeon,SE1 7LF,51.496919034029400,-0.115850289837885
Nukupuʻu and Moluccan boobook,W1K 2NX,51.508674668405000,-0.151031595213408
Fox and Vole,NW7 1NX,51.615455000000000,-0.205672000000000
Asiatic leopard and Shearwater,E10 6EP,51.577175532341500,-0.002658939057750
Ibex and Condor,E4 9JT,51.603467596715800,-0.005173286828493
Dolphin and Quetzal,W1F 7DL,51.513685418624900,-0.139212501024756
Boto and Magpie,N9 8PY,51.634148881195800,-0.044115528923619
Booted eagles and Wallaby,E10 5SA,51.562974913452700,-0.015299834599343
Marmoset and Masked owl,EC1N 2NS,51.518414820950000,-0.111042759929664
Shearwater and Pratincole,W1T 2BB,51.520246660693700,-0.134476654460394
Mockingbird and Songlark,E5 9NR,51.560018214195800,-0.054181000000000
Treepie and Triller,N9 0PR,51.619465174901400,-0.062067549597842
Coati and Logrunners,N16 0EF,51.561747611267200,-0.078791223726402
Lemming and Kangaroo,N1 0DT,51.540970098378900,-0.118444166266367
Fox and Duck,W1D 6HG,51.512701993043500,-0.132219581184177
Flameback and Stilt,NW2 7EJ,51.564164420450800,-0.235537347759823
Puffleg and Diving bird,W1H 7BH,51.515355440384000,-0.157275604973407
Vulture and Gull,NW6 7AR,51.543401000000000,-0.221169000000000
Skunk and Moluccan boobook,NW2 5NH,51.550720864468500,-0.240326962488303
Cuscus and Lemming,E16 3SJ,51.514784362390300,0.030873150005938
Asiatic leopard and Herring gull,N1 9JW,51.531803000000000,-0.116404871713594
Thrasher and Fish eagle,N1 9PD,51.532562288059200,-0.107833050636518
Jay and Elephant,E11 4JF,51.556694890796100,0.000771448840400
Mink and Condor,NW10 5RB,51.532859960926800,-0.219331007794989
Polecat and Warbler,SW1X 8LH,51.495723927577500,-0.153788709350921
Duck and Greenbul,N3 1BJ,51.600984816410300,-0.199801840060082
Mockingbird and Argus,E10 5HN,51.564836000000000,-0.018927000000000
Siskin and Recurvebill,NW10 1ET,51.551786451159600,-0.235237428086267
Recurvebill and Meadowlark,N13 5HJ,51.616961455229000,-0.098676732899974
Macaw and Siskin,W10 5EA,51.524324067547300,-0.207973119218205
Petrel and Gull,W1K 5HJ,51.513610020298700,-0.149794087322442
Hawk and Dolphin,E1 5LL,51.518246618649700,-0.068687824790475
Guillemot and Diving bird,N16 9PU,51.551208266839000,-0.084283753562698
Jerboa and Snipe,W1S 2LQ,51.511007652526200,-0.142175057248916
Flameback and Rabbit,NW4 4TU,51.594477077871600,-0.234753000000000
Rabbit and Piping shrike,E7 8LB,51.539396057597100,0.027829964216858
Maya and Prion,SE1P 4AT,51.492762382100000,-0.080151676700000
Peafowl and Boto,W1K 4DX,51.512210000000000,-0.147026000000000
Tahr and Pheasant,N13 5LJ,51.615731481664800,-0.105473751659977
Civet and Pheasant,E4 9BB,51.609120850268500,-0.011352443266999
Tit-tyrant and Rat,N6 5SD,51.574031198630200,-0.145292362573906
Scimitar babbler and Bronzewing pigeon,W2 1ED,51.522446553322500,-0.173119637814626
Petrel and Pheasant,N11 3LG,51.618285239862900,-0.157442801224254
Logrunners and Elephant,E5 8AD,51.560707446364600,-0.059300660896828
Mouse and Masked owl,E18 1AE,51.592444185171200,0.026235918090177
Jay and Fox,SW1W 8QY,51.488768892311300,-0.150122897945633
Dorcopsis and Bronzewing pigeon,N9 9BA,51.622875396375000,-0.066010724099292
Bronzewing pigeon and Jackal,N17 6TB,51.595177271922800,-0.074017000000000
Mockingbird and Crow,N19 5RR,51.562645867647700,-0.131630977940516
Mink and Dolphin,WC1H 8AT,51.529839076420000,-0.122478629514637
Tree warbler and Thicketbird,NW5 2XD,51.552976488526300,-0.135431415322097
Stint and Vole,E14 0PB,51.514632913948500,-0.006952684549766
Ice seal and American sparrow,N4 4JU,51.577926175095200,-0.108749396578703
Macaw and Goose,EC4R 0EU,51.510757322413200,-0.089094024446750
Bronzewing pigeon and Egret,E1 0RB,51.515133718873700,-0.043640354443016
Old World vulture and Masked owl,SE16 7QR,51.497765252370600,-0.035350784608289
Zebra and Perching duck,E16 1TT,51.504364427499000,0.022502000000000
Egret and Zebra,E18 1FD,51.590654089010300,0.033028206015676
Grosbeak and Chicken,E7 9BL,51.551598217284800,0.017972538346869
Mouse and Shearwater,NW5 1HA,51.561637168582000,-0.143430609242843
Thicketbird and Ibex,W1J 7PX,51.504288623133100,-0.148327301693342
Pratincole and Civet,N4 1AW,51.581479329885800,-0.099912789354022
Crow and Argus,SE1 6PF,51.495646987720600,-0.097217457116238
Stint and Wallaby,E14 9QW,51.504093921004300,-0.008565339901541
Mouse and Logrunners,E2 6QU,51.531099974058200,-0.059060649481059
Moluccan boobook and Vulture,EN1 1BG,51.644448457514200,-0.067116345720205
Maya and Bunting,N1 0GA,51.538141942824300,-0.120406561276035
Viscacha and Capuchin,E14 3UH,51.491413279964600,-0.025525735665237
Francolin and Jerboa,NW1 2LU,51.525882050225500,-0.135990670813450
Argus and Diving bird,N1P 2ER,51.538645000000000,-0.103543000000000
Thicketbird and Argus,IG8 7EQ,51.602934139829700,0.035843906992714
Jackal and Goose,N11 1AB,51.616117288887700,-0.138015940531264
Chipmunk and Shearwater,W9 1QF,51.533926609736100,-0.188563652740416
Coati and Siskin,E17 6JX,51.586658786283000,-0.035993245828791
Solitaire and Wader,EC3M 1AE,51.510577080279500,-0.085210517562481
Tit-tyrant and Thicketbird,EN5 5TS,51.654144065465200,-0.199011864015790
Fish eagle and Old World quail,E11 1HX,51.570273068632700,0.010805046239805
Jackal and Dorcopsis,E11 3FD,51.562295232146100,0.010885908246947
Old World warbler and Kite,EC2M 4LN,51.517002449778200,-0.080544986286784
Polecat and Nukupuʻu,NW3 6ET,51.551068188905700,-0.184623022146532
Elephant and Fulmarine petrel,W11 4DU,51.511624680110400,-0.216095128054051
Zebra and Prion,N8 9PJ,51.583262623993900,-0.115701643056027
Gull and Kākāriki,W6 7QE,51.500689251276300,-0.226132251077840
Prion and Quetzal,E5 8EH,51.557054103375000,-0.056441140207314
Jerboa and Flameback,E7 8QT,51.540048659252900,0.042049088241683
Hawk and Stint,NW1 1QS,51.532670341019700,-0.134228313169603
Chipmunk and Prion,EN1 3UQ,51.656731369649400,-0.078709000000000
Petrel and Towhee,W9 3JJ,51.529198663644100,-0.203903559108941
Kite and Condor,E17 7EA,51.585705200989200,-0.031140846104477
Magpie and Tit-tyrant,NW1W 8SG,51.530784525000000,-0.135430053900000
Black jay and Tree warbler,W8 6NP,51.497228180995100,-0.203607000000000
Songlark and Parrotlet,W1U 2NE,51.516345500228400,-0.150475954773342
Philippine hawk-owl and Goose,E9 7SG,51.538379770171100,-0.055549671738506
Solitaire and Marsh harrier,NW10 6AU,51.530505333722700,-0.235037000000000
Puffleg and Coati,SW1W 0HH,51.498130000000000,-0.148332000000000
Vole and Partridge,E3 3GZ,51.526001323648900,-0.019185933301552
Shearwater and Lemming,N14 6QH,51.637102161888400,-0.124251536165407
Warbler and Rat,NW3 2TH,51.558619930315000,-0.161975951013391
Moluccan boobook and Peafowl,W1U 4HQ,51.520184828018200,-0.156158167202547
Grackle and Night heron,N21 1PS,51.643804910387100,-0.112123073585213
Marmoset and American sparrow,EN5 2TA,51.647112586384100,-0.213759344637521
Skunk and Parakeet,N9 9JX,51.634087603827300,-0.079623003334232
Jay and Peafowl,NW6 7LA,51.540915338046500,-0.198596947075434
Stint and Wallaby,E17 5AN,51.599572861219800,-0.015726060702318
Hawk and Dorcopsis,N7 8PG,51.547655566260800,-0.109745349402613
Old World vulture and Macaw,N5 1SJ,51.554546459030200,-0.099333218632278
Fulmarine petrel and Thicketbird,E14 0DL,51.509079039108600,-0.020438754182134
Hawk and Parakeet,NW1W 7YD,51.530786000000000,-0.135404000000000
Black jay and Badger,NW1 1YX,51.530783041088500,-0.135430048905449
Zebra and Quetzal,N1 2RW,51.546362000000000,-0.091922327637867
Polecat and Dolphin,E17 4BT,51.594462189088000,0.004553155006811
Quetzal and Viscacha,N15 3JH,51.582496178164800,-0.098730000000000
Philippine hawk-owl and Kestrel,N15 5BY,51.584160380919600,-0.075709634080300
Old World warbler and Kite,SE16 7EE,51.498420044900000,-0.049715820500000
Grosbeak and Vulture,NW8 8PD,51.525522076727100,-0.173126285965276
Black jay and Partridge,N5 2SB,51.551812343084100,-0.088239490382714
New World blackbird and New World blackbird,W1F 0RB,51.512399337045700,-0.133543432806102
Maya and Rabbit,E17 6SH,51.591095537018700,-0.039425535158210
Kangaroo and Macaw,N9 7AB,51.627470709609500,-0.060570534797765
Old World quail and Black jay,N1 9JB,51.531701682138700,-0.111905755351720
Prion and Pheasant,SE16 7PN,51.495916873278900,-0.041509918160416
Warbler and Crow,N1P 1UB,51.538645000000000,-0.103543000000000
Armadillo and Gull,WC1R 4PF,51.519904813296700,-0.117582806442307
Old World warbler and Duck,W1J 0EA,51.509319321089200,-0.140615318943975
Magpie and Hawaiian honeycreeper,N17 1FN,51.593862000000000,-0.071579000000000
Darwin's finches and Night heron,N22 5HF,51.596477880885600,-0.108209833977032
Parakeet and Old World quail,E14 7BH,51.515429457631500,-0.036046488710167
Cuscus and Eagle,W11 3AA,51.507249242835800,-0.206913924246204
Armadillo and Fox,E2 9HA,51.532112803295100,-0.057229717100594
Vole and Maya,SW7 2DY,51.494285069142500,-0.177933685889325
Duck and Old World vulture,NW3 1LN,51.558314242875200,-0.175808609266005
Vulture and Old World warbler,SE1P 5ZL,51.492762382100000,-0.080151676700000
Thicketbird and Thicketbird,NW1W 8NA,51.530784525000000,-0.135430053900000
Songlark and Hawk,NW3 4LH,51.548074261549000,-0.167739000000000
Parrotlet and Tit-tyrant,NW11 0EB,51.582306089591900,-0.200280318453011
Old World vulture and Puffleg,N17 0SL,51.606613737934200,-0.053299928858979
Black jay and Philippine hawk-owl,W1D 3QX,51.514872780584800,-0.132806000000000
Prion and Tit-tyrant,W6 6SU,51.491511671282700,-0.234123160150245
Goose and Black jay,E15 1UB,51.552174026282600,0.006041000000000
Parrotbill and Chipmunk,N2 0HA,51.587315295496600,-0.174113105041052
Asiatic leopard and Badger,N7 8UN,51.547429739155200,-0.116951732975685
B and Asiatic leopard,NW2 1UT,51.562307015255100,-0.209091675049027
Francolin and Masked owl,NW5 4BH,51.551598223620500,-0.150618713311933
Shearwater and Dorcopsis,SW1X 9QB,51.498767046878100,-0.159169381014586
Scimitar babbler and River dolphin,SE1P 5YA,51.492762382100000,-0.080151676700000
Maya and Marsh harrier,E8 1DX,51.544317538655700,-0.056796434829749
Solitaire and Solitaire,NW2 5JG,51.546862709106900,-0.222995748489362
Marmoset and Stint,W8 5JN,51.495511522129700,-0.190936941477948
Warbler and Fulmarine petrel,N17 8BH,51.603269705578900,-0.070251925972983
Pheasant and Booted eagles,E14 3LF,51.498534716206400,-0.011112903032134
Thrasher and Stilt,SE1P 5ZR,51.492762382100000,-0.080151676700000
Maya and Guillemot,N16 5SW,51.565501326275800,-0.075732829212546
Eagle and Siskin,SE1P 5DP,51.492762382100000,-0.080151676700000
Mamo and Peafowl,E18 2RN,51.597365000000000,0.026700000000000
Warbler and Crow,E12 6DS,51.549276407785000,0.054852334197713
Moluccan boobook and Kestrel,N11 1TB,51.620912063753000,-0.142673579072878
Ground sloth and Jerboa,NW3 1AX,51.563154056029000,-0.176509447591896
Snipe and Siskin,SE17 9BD,51.489148836100000,-0.098453184100000
Prion and Pratincole,NW1 6RQ,51.521264135599800,-0.170529101279114
Fish eagle and Old World warbler,E7 0QY,51.548307230632000,0.033058056957425
Tree warbler and Stint,NW6 1LS,51.552826380373600,-0.190164143464043
Mouse and Darwin's finches,WC1R 5NT,51.520590000000000,-0.113209873886200
Thicketbird and Goose,WC1A 2TA,51.518213415010800,-0.123144144401800
Pheasant and River dolphin,SE1 3BW,51.494375852614200,-0.076078899670387
Peafowl and Badger,E18 2DT,51.588543528768700,0.017761539411608
Mink and Ibex,N1P 1FT,51.538645000000000,-0.103543000000000
Bronzewing pigeon and Diving bird,NW6 6JU,51.535429950626000,-0.206224852057899
Coati and Tahr,W9 2NG,51.527927095338900,-0.193126756007221
Ibex and Gull,N4 9BE,51.560816000000000,-0.131288000000000
Kangaroo and Treepie,NW3 6SJ,51.558497117608100,-0.180057043673678
Jay and Rat,NW2 3DA,51.556073970202100,-0.216087624174078
Viscacha and Vulture,W1U 1HA,51.515611766057800,-0.150707454917535
Mockingbird and Stint,SW1W 9PG,51.494122893057900,-0.152052649516313
Tattler and Recurvebill,E5 8AA,51.560013122809500,-0.057555702088271
Egret and Puffleg,E3 4LR,51.525655584437700,-0.027562262475714
Recurvebill and Marmoset,N14 4LU,51.637633921067200,-0.131094050025606
Tree warbler and Siskin,WC2N 5DX,51.507209308496100,-0.128380549542951
Old World warbler and Booted eagles,W11 1WQ,51.513344937126300,-0.216141000000000
Rabbit and Thicketbird,N22 8RL,51.610014635376100,-0.115114002008291
Partridge and Chickadee,E1 4AA,51.522242115609900,-0.045326000000000
New World blackbird and Fox,W9 1PD,51.530905000000000,-0.190774000000000
Greenbul and Warbler,EC4Y 9AY,51.511530000000000,-0.110573784000764
Tattler and Partridge,N9 0FX,51.623037255754400,-0.044839011807305
Siskin and Warbler,IG9 5TG,51.626474410536300,0.029745735116828
Pitohui and Parrotlet,E10 7FY,51.566867000000000,-0.034756000000000
Stilt and Vulture,N1 0FE,51.536082000000000,-0.115257000000000
Jay and Wader,NW1 8RA,51.542613771445600,-0.144291507754235
Badger and Masked owl,NW10 3JT,51.537008799560000,-0.221923198756768
Linsang and Civet,NW2 4DY,51.550815457684300,-0.217403966158181
Boto and Rat,W1U 3BQ,51.516741335518400,-0.151627382925501
Hawk and Eagle,E7 9QG,51.538583103577100,0.028038972536991
Polecat and Badger,W1G 6DB,51.522049230673900,-0.150634069814700
Jackal and Grouse,E17 7NG,51.579444502003300,-0.028885648543850
Egret and Pheasant,E7 9DW,51.550151479507200,0.019999994690246
Old World quail and Mouse,W1H 4LL,51.518659866972100,-0.165574253351882
Partridge and White ibis,NW8 9AE,51.532755354954100,-0.178546298146151
Myna and Stilt,N7 0LU,51.555374786679800,-0.125668336572972
Black cockatoo and Thrasher,W6 7HQ,51.501238804475800,-0.227983964646114
Darwin's finches and Booted eagles,W1H 2PX,51.519150106656700,-0.161850193323307
Thrasher and New World blackbird,E1W 9PH,51.519019000000000,-0.058106000000000
Philippine hawk-owl and Black jay,W1K 3SF,51.510842120583200,-0.148767740982043
Treepie and Armadillo,N1 2GA,51.543405735571700,-0.092745295993727
Towhee and Scimitar babbler,EC1V 8AA,51.524878383264500,-0.095898191935181
Guillemot and Marsh harrier,W1G 6AU,51.521782623849000,-0.148554736842461
Black jay and Towhee,NW5 3AF,51.547544338019100,-0.147307194119320
Black jay and Hawaiian honeycreeper,W12 9HE,51.504698440549800,-0.242763248305626
Booted eagles and Dorcopsis,NW6 4PB,51.539612864272200,-0.191092155285223
Dorcopsis and Badger,E1W 2BQ,51.508948346945700,-0.064873112058761
Hawk and Zebra,N19 3RP,51.566734464172400,-0.132574400478684
Capuchin and Night heron,E3 2UH,51.531318356951900,-0.021002425020075
Jerboa and Vulture,W1J 0LP,51.509264703174800,-0.137173365694673
Wallaby and Ice seal,EN1 2HJ,51.640421760722600,-0.071059682705897
Fish eagle and Parrotlet,SE1 2TF,51.504739000000000,-0.083913000000000
Fulmarine petrel and Tattler,EN1 3UH,51.655858289356000,-0.076881207383924
Stint and Rabbit,NW7 4LG,51.626197438203700,-0.243013921766250
Tahr and Rat,W1K 1LB,51.504872000000000,-0.149860000000000
Skunk and Thrasher,W1K 7FY,51.512286056746200,-0.155943884420330
Songlark and Fish eagle,SE1 8SQ,51.503648000000000,-0.113152000000000
Guillemot and Bunting,N1 9JD,51.531848768966600,-0.112663821667553
Crow and Black jay,EN3 4PN,51.643211177477800,-0.045069721767198
Marsh harrier and Myna,E17 7JN,51.584476000000000,-0.021061000000000
Vole and Dolphin,W10 4RF,51.531585098737800,-0.207068037728095
Parrotbill and Black cockatoo,W1T 1EH,51.518047163889200,-0.135272794424110
Songlark and Stint,SE1 2AJ,51.502052516688000,-0.078637321816961
Songlark and Linsang,W11 3PX,51.507546916233700,-0.206974288665906
Duck and Lemming,NW10 2XB,51.550902544853700,-0.243291000000000
Snipe and Tattler,W1J 5NY,51.507781000000000,-0.149050000000000
Darwin's finches and Goose,N10 3LR,51.591153031660200,-0.145665000000000
Diving bird and Parakeet,E7 9DP,51.550090615250800,0.020401170315581
Prion and Myna,W6 0LA,51.493537015788100,-0.230083341936187
Cloud rat and Quetzal,E5 9LF,51.567104351836600,-0.058407808749238
Ground sloth and Tree warbler,W1U 2NQ,51.516682552270000,-0.150750563421462
Rabbit and Tattler,WC1N 1JS,51.524753569924500,-0.126118761649793
Thrasher and Siskin,NW3 7JE,51.569798946342500,-0.174742864933893
Crow and Stilt,W2 4EJ,51.511866507896800,-0.193704645716257
Lemming and Civet,NW8 8NQ,51.523871000000000,-0.173802567384969
Night heron and Chipmunk,EC2M 4PT,51.518285904749600,-0.079294684849560
Flameback and Pheasant,E17 5BB,51.596547000000000,-0.025019104129139
Greenbul and Pratincole,NW2 2NR,51.562523362233400,-0.203831564817054
Bunting and River dolphin,EC4V 5ER,51.512844000000000,-0.097919343787990
Jay and Greenbul,SW7 2TE,51.494711094655800,-0.170641605094600
Greenbul and Viscacha,N9 9DQ,51.629122132328100,-0.063100902907618
Tahr and Tahr,N20 8HJ,51.627737099822500,-0.184049209411806
Perching duck and Bronzewing pigeon,NW2 1XB,51.573738214296200,-0.213346938438272
River dolphin and Coati,E1 8NH,51.514626529989400,-0.069388693476996
Linsang and Armadillo,W1T 5DU,51.523300262706600,-0.138762917137309
Macaw and Shearwater,W1K 1PW,51.506383000000000,-0.151600000000000
Pratincole and Skunk,W2 2RH,51.514279737322300,-0.173708000000000
Boto and Kestrel,W1T 4RZ,51.519626745528200,-0.137341556346794
Grosbeak and Coati,W1U 5BT,51.522054901855100,-0.154021000000000
Elephant and Mouse,E8 2LY,51.546931577182100,-0.072434785297603
Tahr and Hawk,N15 6PY,51.575327336815500,-0.077756821500362
Pitohui and River dolphin,N16 5NZ,51.566145872087100,-0.080496005461486
Greenbul and Parrotlet,NW11 8RE,51.569803019386100,-0.205911147171394
Dolphin and Tahr,E14 0GH,51.513081000000000,-0.000751000000000
Zebra and Vole,W1K 5RG,51.514241839571100,-0.148802859792017
Dolphin and Crow,N3 2RH,51.599373590979900,-0.178134537482832
Ibex and Hawaiian honeycreeper,N6 5TU,51.576745529605900,-0.139524472123684
Grouse and Herring gull,N2 0PR,51.588698503599400,-0.167662560777136
Buzzard and Hawaiian honeycreeper,EN3 7SP,51.646668000000000,-0.029551266119149
Shearwater and Thicketbird,E1W 2JL,51.506194812094100,-0.065854375887500
Thicketbird and Marmoset,E14 2BB,51.509513616499300,-0.005749416734812
Elephant and Triller,NW9 5XX,51.596351657600000,-0.238912000000000
Stilt and Polecat,NW2 9QH,51.562193726200000,-0.213498000000000
Logrunners and Kite,EC1V 0JR,51.523853042792900,-0.100323266622046
Kestrel and Scimitar babbler,NW4 1JP,51.596526589905300,-0.215831355016499
Condor and Marsh harrier,E14 7BZ,51.514554906403600,-0.035911154826212
Elephant and Armadillo,E16 3QT,51.514177503209200,0.023841607469953
Treepie and Parrotlet,E16 3PB,51.515421745486000,0.027298239680733
Dolphin and Linsang,SW1P 3LR,51.496658073781300,-0.128193301470857
Mamo and Piping shrike,E2 6JF,51.526032975107300,-0.064249737210566
Thrasher and Maya,NW1 6DY,51.524571537498100,-0.160637202960040
Zebra and Jackal,W1H 1FQ,51.520728577688500,-0.161008261408121
Old World warbler and Maya,N4 3JG,51.566140000000000,-0.107738000000000
Tree warbler and Jay,SE8 3PG,51.489335308358700,-0.035122616521161
Songlark and Guillemot,E14 9WB,51.493378362389600,-0.024201908267535
Wader and Mole,EC1R 1XR,51.530023503044300,-0.109884666868336
Mamo and Old World quail,EC1M 6EZ,51.520537000000000,-0.098104133300883
Darwin's finches and Flameback,N15 6BU,51.577863012101600,-0.064068741117233
Meadowlark and American sparrow,N1 9BT,51.533039150323900,-0.119593060648814
Partridge and Treepie,EC4Y 8EJ,51.513566391415400,-0.105377573352364
Cuscus and Old World quail,SW7 2NN,51.493405076658300,-0.169354157241882
Puffleg and B,NW1 4QE,51.523193272477100,-0.153614903041657
Mamo and Chipmunk,SE1 6NG,51.496847087718200,-0.100798025989602
Crow and Prion,EC1V 2PU,51.529150000000000,-0.096354000000000
Kite and Thicketbird,NW11 8NR,51.569148284760400,-0.197221439249341
Night heron and Solitaire,SE1P 5NE,51.492760984014900,-0.080151672390443
Polecat and Badger,EC3V 1AB,51.513207364750000,-0.083745544516532
American sparrow and Triller,W1T 4JP,51.520601000000000,-0.139021000000000
Vole and Ibex,N1 0DZ,51.539624705854000,-0.119783073733114
Recurvebill and Magpie,W1K 7FJ,51.512246330531700,-0.156276957571393
Francolin and Fulmarine petrel,N3 3HU,51.593118246555200,-0.198741332683050
Treepie and Condor,W1S 3ED,51.509439427812900,-0.138549679358920
Triller and Jerboa,EN5 3JU,51.647532419367000,-0.230799105941653
Songlark and Chicken,NW1 0SB,51.536869115229400,-0.134748749085966
Siskin and Linsang,W10 5EH,51.524917906743900,-0.208584091810791
Bunting and Ibex,E11 1NF,51.574077206875000,0.012029000000000
Cloud rat and Flameback,E14 3AS,51.488581000000000,-0.016429000000000
Parakeet and Shearwater,N5 2HB,51.553617170865000,-0.093602002829649
Boto and Siskin,N3 2SS,51.596292986987500,-0.187671553191403
Lemming and Parakeet,W1T 2NP,51.519326706050000,-0.135436740749035
Dorcopsis and Pitohui,NW7 1RY,51.610723000000000,-0.209472000000000
Skunk and Viscacha,W1D 7EG,51.511092782710700,-0.133780000000000
Condor and Jackal,SE16 4UZ,51.499187227338700,-0.067894405482026
Ibex and Fox,E1 6SW,51.522158876278700,-0.072544083205826
Rabbit and Bronzewing pigeon,E13 8AA,51.528921166552000,0.023691000000000
Zebra and Snipe,N18 3HF,51.610169000000000,-0.048006000000000
Crow and Lemming,NW3 2BP,51.544147574233900,-0.153733065614149
Cuscus and Skunk,W1T 1AY,51.517243000000000,-0.131461000000000
Tree warbler and Coati,N8 7AH,51.591563719961300,-0.121378320821404
Stilt and Francolin,NW1W 7YN,51.530786000000000,-0.135404000000000
Prion and Pheasant,N17 6SN,51.595857889261800,-0.069035648949648
Rabbit and Gull,E20 1EF,51.548362578113300,-0.010483869595992
Boto and Wader,EN4 0LR,51.662105317203400,-0.174173462670210
Chicken and Booted eagles,NW1W 8WS,51.530784525000000,-0.135430053900000
Lemming and White ibis,NW2 2QN,51.562569828156100,-0.198780000000000
Grouse and Parrotbill,EC2P 2QJ,51.524565000000000,-0.112042000000000
Gull and Fox,E14 6QL,51.517998000000000,-0.014431000000000
Gull and Thrasher,W2 1BU,51.522222092476900,-0.173719628051847
Kestrel and Thrasher,N1 1BB,51.540141390161300,-0.116675774417212
Mole and Tahr,NW1W 8LF,51.530784525000000,-0.135430053900000
B and Civet,N13 4RE,51.620001000000000,-0.110309000000000
Viscacha and River dolphin,N8 9EN,51.575344204739600,-0.120993663101106
Wader and Nukupuʻu,E2 6EF,51.524667594856000,-0.068704458634004
Kangaroo and Boto,N5 1BE,51.556204253242900,-0.106202865207895
Pratincole and Grosbeak,SW7 4LR,51.493513146445900,-0.184403828553290
Ground sloth and White ibis,NW3 2PF,51.552979000000000,-0.166314000000000
Old World quail and Black jay,N5 1QP,51.548819000000000,-0.101505000000000
Old World warbler and Marsh harrier,W6 7RW,51.500201753791700,-0.223629819934686
Tit-tyrant and Tit-tyrant,EN5 2TT,51.645008000000000,-0.197200551478848
Condor and Skunk,EC2P 2LU,51.524567000000000,-0.112017000000000
Dorcopsis and Pheasant,N16 6EH,51.571119959269900,-0.069607933791166
Flameback and Treepie,E9 9DN,51.532726000000000,-0.060392000000000
Marmoset and Perching duck,NW11 0PD,51.576169901306500,-0.198428000000000
Night heron and Elephant,SE16 7FN,51.492607118616800,-0.036105578119934
Siskin and Fish eagle,N11 2ES,51.607361119581200,-0.124047896625021
Kestrel and Linsang,N1 9DZ,51.531472165400000,-0.121604104900000
Polecat and Partridge,NW1 5BE,51.518609000000000,-0.167436000000000
Badger and Ice seal,E3 3PW,51.520509087378900,-0.020462052901757
Magpie and Treepie,E15 1NE,51.551025944237600,0.004143183267737
Pitohui and Petrel,E11 2PR,51.573875536887000,0.022523685141333
New World blackbird and Meadowlark,W1U 2PJ,51.517989264678100,-0.150928252662250
Hawk and Kangaroo,EN1 1DT,51.643696000818600,-0.067292882899167
Puffleg and American sparrow,WC2E 9ER,51.510519718557300,-0.123950341611103
Marsh harrier and Parakeet,EC1V 2QA,51.531056276797900,-0.103671103042135
Grosbeak and Kite,EN3 7LB,51.656320343121200,-0.040645445571736
Kestrel and Booted eagles,WC1B 5EA,51.522149702507300,-0.127808000000000
Parrotlet and Prion,SW1W 9JH,51.493857145632400,-0.152308296765357
Meadowlark and Rabbit,W1J 7BG,51.506744967167700,-0.146138274768913
Fulmarine petrel and Herring gull,E11 1SX,51.585345184914200,0.024895155107792
Condor and Ibex,N11 2QB,51.603768611441900,-0.126578691469189
Argus and Quetzal,E11 1FE,51.568945000000000,-0.007204000000000
Herring gull and Chipmunk,N12 7LF,51.613067987139900,-0.195539611042520
Minke whale and Bronzewing pigeon,NW5 2HJ,51.554467310206000,-0.139842224061266
Puffleg and Kite,N1P 2HD,51.538645000000000,-0.103543000000000
Zebra and Vole,E17 5SY,51.601920170082500,-0.038208406677453
Minke whale and Condor,N16 8LX,51.550465489358500,-0.080103175618026
River dolphin and Recurvebill,E18 2EX,51.591045243821800,0.022882030850203
Polecat and Songlark,W1U 2DW,51.518296760667800,-0.150468976827992
Towhee and Old World warbler,NW10 4EB,51.538962466861600,-0.245971711968793
New World blackbird and Black jay,W11 3ES,51.511158231001500,-0.197349891030507
Grouse and Elephant,W1F 8YA,51.515068223863800,-0.134844000000000
River dolphin and Peafowl,E1W 2NJ,51.503830165376400,-0.056631745807205
Fish eagle and Cloud rat,W1F 8FW,51.515381665981200,-0.134473653396991
Old World quail and Viscacha,N20 0DZ,51.624474214785000,-0.159879268675249
Jackal and Night heron,W2 1JF,51.514820683183000,-0.175413681793254
Condor and B,W10 6DQ,51.521531135180200,-0.221214385535309
Treepie and Pratincole,N10 3NN,51.590620908694400,-0.143505126642059
Ice seal and Thicketbird,N3 1BG,51.601335249401700,-0.198026323373851
White ibis and White ibis,SW1A 2HD,51.506039770309100,-0.123846161777669
Black jay and Crow,W14 0HJ,51.499758449922800,-0.221673210691265
Viscacha and New World blackbird,W12 9QJ,51.505439116944800,-0.238786581025350
Badger and Flameback,NW2 5NE,51.551227313086300,-0.238720794996912
Treepie and Perching duck,W1J 7PU,51.506317018955500,-0.147510169236227
Duck and Logrunners,N18 2NP,51.618034834124000,-0.050629953581788
Armadillo and Chipmunk,NW1W 8EF,51.530783041088500,-0.135430048905449
Herring gull and Tree warbler,E13 8RD,51.526424179623800,0.024442311639788
Diving bird and Macaw,E14 9LG,51.497280546972800,-0.021497486658358
Thrasher and Treepie,NW6 6PX,51.538087458575800,-0.198319271166152
River dolphin and Marmoset,EC4Y 1BW,51.513562000000000,-0.110064259795626
Fox and Diving bird,N1P 2GE,51.538645000000000,-0.103543000000000
Stint and Armadillo,N16 7BH,51.560097142351400,-0.063726879361164
Kākāriki and Tree warbler,E6 5XA,51.517457461481700,0.045580000000000
Civet and Old World vulture,SW1P 2LN,51.497979609488900,-0.131553674670988
Ibex and Parakeet,E11 2SW,51.578099616241600,0.023187509277583
Flameback and Wader,EN5 2RQ,51.643961663657800,-0.212929260622130
Tit-tyrant and Scimitar babbler,N22 8PS,51.603012606382400,-0.118667537689224
Vulture and Kestrel,E16 3JB,51.511547293533300,0.039664514578821
Gull and Marmoset,W6 9BL,51.491973023226500,-0.238975000000000
Vole and Tit-tyrant,IG9 5PL,51.626448128864000,0.041115333995479
Asiatic leopard and Warbler,W6 9DE,51.489899967977800,-0.229215878855727
Argus and Black jay,NW11 9NL,51.578338846699500,-0.205459561900365
Old World warbler and Grackle,E5 9ES,51.567663020154400,-0.054675649058345
Bunting and Booted eagles,N3 1NS,51.611066621174400,-0.187039880034663
Perching duck and Jerboa,E2 7BL,51.528290406959900,-0.066994121996983
Gull and Grackle,E3 3LF,51.525150393425700,-0.013081573292844
Old World warbler and Condor,E4 8AZ,51.623106156373200,-0.023179926823847
Tahr and Kestrel,NW11 1LJ,51.580293550300000,-0.199118647300000
Stint and Pitohui,N11 2HD,51.606836001815600,-0.126076939263273
Goose and Mockingbird,NW11 0AZ,51.588032000000000,-0.200083000000000
Stilt and Towhee,W6 6JZ,51.492358000000000,-0.238792000000000
Eagle and Rat,WC2H 9HN,51.514087860195500,-0.124956730937779
Peafowl and Shearwater,SW1P 1QQ,51.495468207754100,-0.138182487942994
Chicken and Treepie,N1 5RQ,51.535727406240800,-0.080694578274841
Chipmunk and Viscacha,NW11 0LL,51.580761006306400,-0.200384661594358
Eagle and Booted eagles,W1K 5PB,51.513155883683600,-0.150648383630440
Capuchin and Warbler,E8 2EB,51.552817000000000,-0.070455000000000
Thrasher and Fish eagle,NW4 3NS,51.582416213076300,-0.226283000000000
Stilt and Marsh harrier,W10 6DD,51.522393294627300,-0.219955534473305
Grouse and Rat,SE16 7TB,51.495949496009800,-0.033786490914134
Ground sloth and Ibex,E15 1JA,51.546879128271300,0.005475000000000
Bunting and Parakeet,SW1Y 6JE,51.508294662500200,-0.136679743986192
Pitohui and Linsang,W10 4SZ,51.529595665657500,-0.207177000000000
Fulmarine petrel and Jerboa,SE1P 4RB,51.492762382100000,-0.080151676700000
Magpie and Peafowl,EC1R 0LT,51.524134708907900,-0.105773000000000
Linsang and Prion,W1H 4JR,51.519029173755200,-0.164463964126222
Solitaire and Guillemot,N12 0TJ,51.609301988232400,-0.162038188185281
Greenbul and Old World vulture,E2 6AL,51.526875009016700,-0.066232330946404
Mouse and Capuchin,W1S 2XJ,51.512479420681100,-0.141985473960974
Kite and Perching duck,E8 1EJ,51.546111022859900,-0.055407565407970
Kestrel and Chickadee,N7 8AJ,51.544505000000000,-0.110049000000000
Flameback and Masked owl,W11 2HR,51.512868121291100,-0.210944781623383
Moluccan boobook and Logrunners,N11 2QW,51.603739805539100,-0.124774787412339
Kangaroo and Marsh harrier,N22 6YJ,51.594009642151300,-0.110174850087839
Pheasant and Philippine hawk-owl,W9 1PS,51.533114249187600,-0.186620603829104
Grackle and Old World warbler,SE1P 4PG,51.492762382100000,-0.080151676700000
Tahr and Duck,W1G 6JD,51.522587299597200,-0.150540195960697
Egret and Argus,NW1 2HB,51.527433479221100,-0.136287721609331
Pitohui and Rabbit,NW6 7AL,51.541881158428800,-0.220637300666967
Black cockatoo and Boto,NW6 9RZ,51.535983966100000,-0.194754364400000
Treepie and Maya,N7 8EB,51.551417685028400,-0.113858953169679
Herring gull and Zebra,N11 3PA,51.608619398940200,-0.147437000000000
Bunting and Songlark,E6 3SF,51.521537979663800,0.047419324608981
Grosbeak and Siskin,WC2B 5PR,51.516080593217500,-0.123606555985157
Capuchin and Chicken,W2 6JH,51.514008048975000,-0.187192000000000
Treepie and Greenbul,W12 0SG,51.513567713718600,-0.240445000000000
Egret and Minke whale,EN4 9HH,51.649968414157200,-0.154785085159408
Viscacha and Logrunners,N3 2AP,51.601939996167200,-0.177786338952145
Parrotlet and Shearwater,E15 1EU,51.544502151623100,0.007014962711704
Tattler and Grosbeak,N1 0LA,51.537820470688800,-0.115502638585835
Ibex and Zebra,NW4 2QH,51.582803902036200,-0.214030615195819
Zebra and White ibis,N6 5QG,51.573354903213300,-0.138926936370011
Perching duck and Wallaby,E17 6FF,51.593219000000000,-0.037255000000000
Lemming and Hawaiian honeycreeper,EN3 7NB,51.655827382502400,-0.038049909899863
Polecat and Pheasant,NW10 1PU,51.556456003840800,-0.247404938892931
Black cockatoo and Old World vulture,E3 4UA,51.524220492948500,-0.034212259982183
Duck and Kangaroo,N19 3LB,51.570582977689800,-0.133123771139521
Old World quail and Perching duck,E2 9QX,51.527869000000000,-0.056550857731475
Black jay and Nukupuʻu,EN2 6JS,51.657741967606200,-0.087052163818270
Pheasant and Vulture,NW6 5HZ,51.536102631585800,-0.190885264658946
Partridge and Old World quail,NW5 2QN,51.550424517264800,-0.135550185456174
Vole and Boto,IG10 3NT,51.638938715600300,0.054524231865905
Argus and Grackle,WC1N 2AH,51.526200066847500,-0.118173733129174
Myna and New World blackbird,W8 4AD,51.504589721998000,-0.192998175914887
Old World vulture and Philippine hawk-owl,W1A 6XA,51.524567000000000,-0.112017000000000
Cloud rat and Boto,E13 9AW,51.530013000000000,0.030729000000000
Ice seal and Hawaiian honeycreeper,N6 5BX,51.565919670250400,-0.122089247813613
Egret and American sparrow,EN4 8HS,51.645434938018300,-0.150127093814278
Asiatic leopard and Eagle,W1U 3AA,51.516930000000000,-0.154992000000000
Rabbit and Parrotbill,EC4V 3QQ,51.510654330680700,-0.097384000000000
Eagle and Viscacha,SE1P 5QR,51.492760984014900,-0.080151672390443
Francolin and Tattler,N8 7PX,51.589092336752700,-0.119228247482557
Lemming and Mamo,W10 4JR,51.530310616354800,-0.206051228159012
Snipe and Mouse,W11 2SH,51.514087295776800,-0.200116701300218
Fox and Maya,E8 1JH,51.548817973460800,-0.058133556260014
Myna and Old World quail,EN1 1JS,51.647436514820600,-0.073291505855440
Treepie and Zebra,W2 2JY,51.514523745937500,-0.167902282983390
Boto and Stilt,EC1N 7AQ,51.519923168576400,-0.110893863477253
Quetzal and Civet,W2 2HB,51.513428516958000,-0.163420842698925
Petrel and Treepie,NW1 2EW,51.526508539591800,-0.136368739423273
Chicken and Duck,N18 2XU,51.613906260142300,-0.066334235415115
Gull and Armadillo,SE17 1GA,51.491396000000000,-0.097182000000000
Crow and Hawk,SE1P 5ZF,51.492762382100000,-0.080151676700000
Hawk and Cuscus,W11 4HT,51.511530412404100,-0.212856254052921
Prion and Myna,NW6 1TU,51.550158193399200,-0.196169292181912
Marsh harrier and Marmoset,WC1H 9DB,51.528275836376200,-0.127069820444066
Magpie and Hawaiian honeycreeper,E17 4AW,51.592538978450700,0.004482918126921
White ibis and Snipe,W1J 5DT,51.507513157217300,-0.148831000000000
Mockingbird and Tit-tyrant,E17 4AG,51.589504000000000,-0.022719000000000
Capuchin and Wader,E16 1FA,51.507670915551100,0.017933064474315
Piping shrike and Grackle,IG10 4EW,51.643626213557000,0.047697165911688
Bronzewing pigeon and Greenbul,N1 6JG,51.530908140140100,-0.084040345930234
Marmoset and Warbler,W11 3EE,51.513557624518100,-0.197831654169055
Warbler and Dolphin,EC3R 5BS,51.508828921995100,-0.079490692541716
Chickadee and Francolin,E17 7DF,51.583195204117500,-0.034295003253737
Kestrel and American sparrow,W1H 7HG,51.516578785412800,-0.159589973368969
Perching duck and Thicketbird,SE16 7RW,51.493426248716800,-0.041530235713974
Snipe and Wallaby,N18 2DZ,51.612563233188300,-0.054171989855269
Petrel and Philippine hawk-owl,EC2R 8DQ,51.514556416162500,-0.090863000000000
Old World quail and Grosbeak,N8 0RP,51.583473000000000,-0.099633620932732
White ibis and Mouse,N2 9DR,51.593063519894700,-0.160427089466075
Coati and Kite,N4 2FB,51.565944090652200,-0.096260755995070
Old World quail and Logrunners,E11 4TD,51.564551531106800,0.008835604157844
Nukupuʻu and Treepie,W1J 8LL,51.507431206535100,-0.143473355198962
Partridge and Mamo,SE10 0XN,51.490123000000000,0.005603000000000
Chickadee and Tattler,E10 5NR,51.556360000000000,-0.007480000000000
Black jay and Bronzewing pigeon,E1 6JJ,51.524125706168600,-0.076223499726601
Quetzal and Puffleg,W1J 7RL,51.505630724800000,-0.147898244100668
Viscacha and Gull,W6 7AP,51.494011000000000,-0.225642000000000
Recurvebill and Badger,SE1 6FD,51.493624000000000,-0.101595000000000
Goose and Eagle,E14 5AL,51.504952707239000,-0.019450416773229
Rat and Macaw,E6 5TN,51.516057899429800,0.047620367974138
Hawaiian honeycreeper and Elephant,N19 9FQ,51.566183000000000,-0.121432000000000
Ibex and Marmoset,EN5 4HY,51.653603259614400,-0.204801416586186
Mamo and Kite,W8 7PT,51.507772388187300,-0.196460403097849
Darwin's finches and Ice seal,E10 6LX,51.565069440335000,-0.005180693922900
Condor and Night heron,EN2 8DB,51.654104102175700,-0.093216000000000
Triller and Greenbul,E7 0LB,51.551538000000000,0.028831000000000
Boto and Rat,N15 3QW,51.586215122356000,-0.093060580899917
Mole and Quetzal,EC1Y 8NS,51.523246449559700,-0.092866982816806
Mole and Mamo,NW8 0RU,51.539952804088800,-0.176456392328941
Old World quail and Hawk,E2 2GD,51.532726000000000,-0.060392000000000
Chipmunk and Jay,E4 9AQ,51.607473807172900,-0.003629000000000
Triller and Kangaroo,W11 1QU,51.516617500543100,-0.211504109727366
Polecat and Puffleg,WC2H 9RY,51.513368380059600,-0.128329882401451
Night heron and Ibex,W1U 2DN,51.518454660586800,-0.150217547843363
Grosbeak and Bunting,E17 4TA,51.595990140300100,-0.007016996953964
Guillemot and Argus,E13 9BN,51.531393021536900,0.035591673638515
Marsh harrier and Myna,SE10 0FW,51.495719135700000,0.012402000000000
American sparrow and Moluccan boobook,N16 5PY,51.569766028188300,-0.075870208013367
Fish eagle and Fox,E13 9FF,51.531532000000000,0.040195000000000
White ibis and Rabbit,N13 4BQ,51.624451208589300,-0.112550918769396
Pitohui and Diving bird,NW10 1LY,51.554428501765100,-0.241712920669353
Scimitar babbler and Solitaire,W1G 9XY,51.517113157517100,-0.148974707281840
Piping shrike and Ground sloth,NW10 3SZ,51.542081554003300,-0.236290681513525
Kākāriki and Parrotbill,NW1 1PN,51.532192800214200,-0.135300355102231
Solitaire and Maya,NW7 1RA,51.614162000000000,-0.208528000000000
Kite and Triller,N12 0JP,51.604983792198100,-0.178068826410372
Recurvebill and Parakeet,N12 0HY,51.605382397498600,-0.181157714840583
Tree warbler and Argus,N1P 1BG,51.538645000000000,-0.103543000000000
Shearwater and Mouse,N18 3BA,51.619067830130100,-0.045154088420733
Puffleg and Mouse,NW9 4EL,51.597619000000000,-0.245002000000000
Kestrel and Diving bird,SE1 9GG,51.492760984014900,-0.080151672390443
Rabbit and Piping shrike,WC1X 9HS,51.530453487096600,-0.118171350509059
Myna and Minke whale,N11 2AP,51.605214323036100,-0.132656683010243
Bunting and Cloud rat,N17 0SP,51.605027371629800,-0.054020000000000
Mamo and Nukupuʻu,E14 6RL,51.517226137506200,-0.016698337920789
Partridge and Moluccan boobook,W6 7RE,51.501417416626900,-0.223741040686684
Tree warbler and Flameback,EN3 7QZ,51.656035026320000,-0.035409673713599
Stilt and Towhee,SW7 3NS,51.491706949463100,-0.173484444143381
Goose and Wallaby,W1C 2DS,51.514855284457500,-0.143805665082323
Mockingbird and Mole,NW2 4NH,51.549558920471400,-0.221116618571034
Eagle and Dorcopsis,W1A 1QF,51.524567000000000,-0.112017000000000
Minke whale and Parakeet,E13 9JJ,51.534240764479800,0.035242897876925
River dolphin and Philippine hawk-owl,SE17 3BW,51.490279939377700,-0.099529635649788
Recurvebill and Bronzewing pigeon,EN4 8LW,51.635034987815600,-0.145261360003032
Diving bird and Puffleg,NW3 1HS,51.558080509704400,-0.177549099285271
Meadowlark and Scimitar babbler,E17 6GP,51.591602000000000,-0.037383000000000
Kestrel and Night heron,E3 2NS,51.539467000000000,-0.022048000000000
Logrunners and Vulture,E9 7ED,51.538946271105000,-0.043109620481082
Chipmunk and Stilt,SE1 6FF,51.493624000000000,-0.101595000000000
Nukupuʻu and Marmoset,SE1 2LJ,51.503749368850200,-0.075727343038791
Elephant and Tattler,EC1P 1GE,51.524567000000000,-0.112017000000000
Warbler and Puffleg,NW1W 7WR,51.530786000000000,-0.135404000000000
Cuscus and Tahr,NW8 6LW,51.535107810383700,-0.166196336889401
Herring gull and Tattler,E12 5EU,51.562227244818000,0.043446569865229
Flameback and Jerboa,E4 7LL,51.628153006737900,-0.009465459821844
Pheasant and Minke whale,SW1W 9QB,51.494313640446500,-0.149322193481513
Rat and Tree warbler,EN5 2EL,51.650578673975300,-0.196377730586908
Jerboa and Jackal,E11 1NR,51.578829807438900,0.002638361972398
Partridge and Mouse,W2 2TF,51.515544005833600,-0.170470046057905
Pitohui and Mole,W6 9BS,51.489751813636900,-0.227147376092120
Treepie and Treepie,W12 0JE,51.508695644759000,-0.237075859994370
Dorcopsis and Argus,EN5 9TB,51.643015000000000,-0.171012000000000
Mink and Solitaire,NW3 7UE,51.562591956017600,-0.191464000000000
Kite and Crow,IG10 4EF,51.643720800552100,0.042266812890390
Grosbeak and Crow,W1F 8WE,51.514300463100100,-0.134906961315947
Diving bird and Stilt,NW1 1BU,51.531809295115400,-0.136065757799925
Vulture and Polecat,WC2N 5AE,51.506654859891600,-0.124324000000000
Kestrel and Elephant,E3 3AF,51.527764895718800,-0.008700352091699
Old World warbler and Logrunners,W1W 7PE,51.517707114119800,-0.140475525290443
Chipmunk and Cuscus,NW6 3QA,51.542107000492700,-0.184316296969478
Grosbeak and Hawaiian honeycreeper,NW2 2RS,51.555975375257600,-0.209614469846895
Parakeet and Parrotlet,N3 1HS,51.603380504829000,-0.196530187919391
Piping shrike and Flameback,W1B 1AA,51.521323000000000,-0.144844000000000
Philippine hawk-owl and Kangaroo,E2 7BH,51.528405601618400,-0.067436168650707
Fox and Stilt,NW8 9QS,51.533818942351600,-0.185669817944007
River dolphin and Towhee,NW8 8TJ,51.526045705007500,-0.165767569666285
Wallaby and Zebra,W1F 7TJ,51.514969138495900,-0.140774395424675
River dolphin and Logrunners,N1 6AH,51.528518000000000,-0.087932000000000
Thicketbird and Logrunners,E8 3NN,51.543873626071200,-0.059858362291652
Ice seal and Ibex,W1T 7NZ,51.522224534978500,-0.135577845607832
Solitaire and Kangaroo,W14 8DG,51.491755673598300,-0.203213000000000
River dolphin and Grosbeak,W2 2AR,51.507764000000000,-0.165666000000000
Stint and Viscacha,SW7 3EX,51.493727090229200,-0.176169614256906
Boto and Argus,W1T 1AF,51.518198533431800,-0.132917193062995
Treepie and Triller,SE1 0FD,51.505938000000000,-0.097977118536828
Armadillo and Partridge,E16 4AQ,51.518097636682600,0.021795652979244
Dolphin and Marmoset,E1W 3BD,51.509868000000000,-0.052904000000000
Night heron and Tattler,EC1A 1YU,51.524501611318500,-0.112088280168721
Capuchin and Old World warbler,NW5 2AY,51.548479700511000,-0.133134483954846
Moluccan boobook and Moluccan boobook,E8 1BS,51.546093364387300,-0.060860051765173
Kite and Kangaroo,SW1A 2HU,51.505487666597800,-0.124185851462830
Black cockatoo and Bunting,NW5 4EP,51.547238411905200,-0.154141588658090
Skunk and Old World vulture,N1P 1ZP,51.538645000000000,-0.103543000000000
Chickadee and Myna,N12 7AN,51.616991224605300,-0.193953971051622
Diving bird and Fox,EN1 9HB,51.651918000000000,-0.077079000000000
Tit-tyrant and Capuchin,SE1 4BX,51.498917800538100,-0.086563682432407
Dolphin and Tahr,NW1W 9SD,51.530783041088500,-0.135430048905449
Badger and Asiatic leopard,NW8 9JR,51.530848767385100,-0.174484565780048
Night heron and Grosbeak,NW11 1HJ,51.580291968203800,-0.199118641135270
Pheasant and Perching duck,NW11 6YL,51.583173731457800,-0.194125995220216
Argus and Stilt,N12 8SB,51.618506913148100,-0.183204282333593
Songlark and Magpie,E14 9WX,51.499331000000000,-0.020820000000000
Meadowlark and Stint,EN2 7EG,51.653746353228200,-0.101272296854112
Elephant and Old World warbler,W14 8DS,51.503136134666000,-0.209034963826497
American sparrow and Solitaire,N1 5ES,51.536086106100000,-0.087281000000000
Magpie and Skunk,N2 0LL,51.589697922126900,-0.172357414193850
Cuscus and Flameback,N20 0TH,51.630028532350400,-0.160839329675178
Siskin and Marsh harrier,E14 8HZ,51.510801381407400,-0.030870061859627
Mole and Mockingbird,NW2 6QN,51.559761055918900,-0.216693532912674
Zebra and Francolin,W1F 8WY,51.515055975163000,-0.135481430779266
Fulmarine petrel and Tattler,N17 8JB,51.607239187938200,-0.075961470283071
Marsh harrier and Flameback,NW6 5ST,51.534803000000000,-0.198103000000000
Parrotbill and Logrunners,N11 1DN,51.622286904838900,-0.139771462729193
Darwin's finches and Stint,E7 0DN,51.554916729739300,0.023702096876809
Mink and Stilt,SE16 7WJ,51.492822819822300,-0.037709755506419
Francolin and Bronzewing pigeon,W2 5ED,51.519396470338300,-0.194502195622156
Vulture and Duck,NW3 5PH,51.553979086881800,-0.172289287432578
Dorcopsis and Tahr,W1H 2LA,51.517173157754000,-0.158499434719439
Partridge and Mole,WC2N 4BF,51.509781000000000,-0.127242361657353
Fox and Parakeet,W12 8BE,51.503656501190300,-0.233264680794689
Solitaire and Triller,W8 9JA,51.498289000000000,-0.198295000000000
Puffleg and Shearwater,N19 4PP,51.558778138328100,-0.126942000000000
Goose and Old World quail,EC2V 7WT,51.514722000000000,-0.094491000000000
Maya and Mockingbird,EN3 4EE,51.642768424935700,-0.046563000493735
Kestrel and Jackal,SE1 5PT,51.491117117757700,-0.072038596539168
Songlark and Pitohui,EN2 0JB,51.661914122786200,-0.083724318900363
Chicken and Perching duck,N9 0UY,51.618496000000000,-0.055588575309196
Buzzard and Macaw,W1U 1HZ,51.515722007296000,-0.150285018730137
Cuscus and Parrotlet,W1D 3SA,51.513938440879700,-0.132500487440124
Towhee and Quetzal,N1P 2NP,51.538645000000000,-0.103543000000000
Hawk and Greenbul,NW2 7UD,51.565953741472000,-0.237920930375836
Capuchin and American sparrow,E14 0GB,51.510478629072900,-0.010073991886501
Towhee and Zebra,N14 4TX,51.647554566411500,-0.127274782766078
Snipe and Jay,SE16 3XZ,51.492837167909400,-0.067817176279939
Elephant and Scimitar babbler,NW4 1SU,51.590115575584600,-0.219417312738255
Kangaroo and Bronzewing pigeon,E10 6DW,51.578596317848000,-0.004242002749349
Macaw and Magpie,W1K 6LJ,51.512150802877100,-0.154205534909991
Pheasant and Night heron,W6 0DU,51.498018029796200,-0.232056417297767
Piping shrike and New World blackbird,E1 7HW,51.518198695886700,-0.077931000000000
Peafowl and Guillemot,SE17 9BG,51.489148836100000,-0.098453184100000
Vulture and American sparrow,N3 1JA,51.606198811236800,-0.197357199993352
Viscacha and Vole,N9 8NH,51.632943000000000,-0.050988000000000
Night heron and Chickadee,N22 6DP,51.595481556984500,-0.109998247518233
Thicketbird and Tit-tyrant,NW1W 8DE,51.530786000000000,-0.135404000000000
Mouse and Macaw,NW1W 8EU,51.530783041088500,-0.135430048905449
Old World quail and Rabbit,N1 5JU,51.535298715089000,-0.083625272904722
Tahr and Prion,IG1 3NP,51.572656807727000,0.053857398366459
Hawk and Tattler,SE16 2TB,51.489103640126100,-0.050876805176650
Kākāriki and Coati,EC1V 7LQ,51.530538000000000,-0.103260000000000
Duck and Old World vulture,E16 3HS,51.510893263739600,0.034999000000000
Cuscus and Francolin,SE17 1FL,51.492171000000000,-0.093966000000000
Marmoset and Parrotbill,N15 3QD,51.587342713581300,-0.092724653768375
Jay and Grackle,W2 2JB,51.514245791459300,-0.162091000000000
Scimitar babbler and Parakeet,W1F 7PN,51.513519469463600,-0.139521918200533
Moluccan boobook and Fish eagle,W1K 4EH,51.511866260583400,-0.149273864046875
Duck and Bronzewing pigeon,N21 2EA,51.641055745235200,-0.095573391505479
Dolphin and Elephant,E11 2DN,51.579016899275400,0.029434513614306
Hawk and Skunk,N1 6DD,51.528186815995900,-0.085351194619574
Mamo and Black cockatoo,N14 6HU,51.635753066726100,-0.125925699685071
Mockingbird and Grouse,NW1 3BF,51.524905000000000,-0.142345000000000
Viscacha and Kākāriki,W1D 3RR,51.514893963478400,-0.133210860672441
Jay and Jay,W8 4BU,51.506135919021300,-0.194133011676395
Tree warbler and Peafowl,W14 9NE,51.489477644030300,-0.204399058240026
Mamo and Grosbeak,W10 6DJ,51.520676202288500,-0.222357593160165
Jerboa and Meadowlark,N4 4NS,51.573362454507800,-0.109025418520214
Treepie and Prion,SE17 1AH,51.489650542528500,-0.089573369406498
Fulmarine petrel and American sparrow,E15 3LB,51.534361030792500,0.006338129634459
Elephant and Armadillo,W1F 9BT,51.511628099427400,-0.135938447059038
Quetzal and Old World vulture,EC1Y 8NA,51.522563096106800,-0.092433000000000
Treepie and Songlark,NW2 4DD,51.546842737588700,-0.213391130628539
Gull and Black cockatoo,SE17 3DH,51.491645489033300,-0.102224256837899
Dorcopsis and Masked owl,E18 1RB,51.595302452766900,0.029958278385825
Ibex and Night heron,NW1 1QW,51.530783041088500,-0.135430048905449
American sparrow and Egret,N1 1PX,51.542868199466000,-0.104521276425865
Kestrel and Booted eagles,EN4 8NG,51.633188876936900,-0.155364989935554
Black cockatoo and Condor,NW2 6ST,51.557244834558400,-0.220355128619428
Guillemot and Minke whale,N17 7JJ,51.604270856591900,-0.093546084255701
Treepie and Old World vulture,N9 8QY,51.629444372201100,-0.053767562913331
Philippine hawk-owl and Black cockatoo,NW1W 7SQ,51.530784525000000,-0.135430053900000
Mink and American sparrow,NW2 1FB,51.568379000000000,-0.218030000000000
Shearwater and Myna,N21 3NT,51.632237567257100,-0.101332553889299
Peafowl and Boto,W1S 1FW,51.513001512484800,-0.143722489060751
Ice seal and Towhee,N21 2LY,51.639660210065100,-0.096022069751717
Stint and Egret,N16 9HA,51.559873093558000,-0.085694146240169
Greenbul and Recurvebill,EC3N 4AF,51.510906000000000,-0.078188376958312
Thrasher and Jerboa,N7 6AX,51.558920138765000,-0.117948654144095
Mamo and Chickadee,NW3 6XE,51.554593162174000,-0.181136074220331
Chipmunk and Chicken,E17 5SU,51.601635553154300,-0.035708075610152
Siskin and Masked owl,SE1 1NB,51.504742734821900,-0.089734716682545
Meadowlark and Eagle,E16 4PB,51.523879505848900,0.007160348736157
Solitaire and Logrunners,W10 6AY,51.521768363342600,-0.223814181140127
Grouse and Stint,SW1H 0DY,51.499341098216300,-0.132909944301436
Warbler and Grouse,E1W 9NR,51.519019000000000,-0.058106000000000
Duck and American sparrow,N9 9PN,51.631854694407400,-0.068489859002049
Chickadee and Fish eagle,N17 6BQ,51.595312000000000,-0.086117871400000
Rat and Old World vulture,W1K 2RP,51.509846353362200,-0.151200322560757
Tree warbler and Kite,N8 9JX,51.580853275828900,-0.115180670496306
Goose and Capuchin,EC1Y 8WT,51.524567000000000,-0.112017000000000
Chickadee and Duck,SE1P 5ZW,51.492762382100000,-0.080151676700000
Triller and Parakeet,N2 0UB,51.582260480298100,-0.171154727293554
Piping shrike and Flameback,E15 2LU,51.536654269177100,-0.006855986117241
Myna and Flameback,N22 8QN,51.607332971505000,-0.114994004248085
Macaw and Old World quail,EC2M 3YX,51.518768000000000,-0.080096000000000
Tahr and Dolphin,E17 0TR,51.585505000000000,-0.017986000000000
Fish eagle and Wallaby,E17 4DR,51.598214325175400,0.000733156724543
Badger and Armadillo,EC1V 1AU,51.530104493216900,-0.098116752474100
Fish eagle and Mouse,SW3 6LD,51.489364729481200,-0.173794118689441
Mole and Chipmunk,E1 4QG,51.517937458484400,-0.038677204683529
Francolin and Perching duck,W2 1LH,51.521111325325900,-0.173418117912693
Jay and Magpie,W1H 4HH,51.519815985781900,-0.164749438956738
Fulmarine petrel and Nukupuʻu,N1 8QQ,51.537573257432400,-0.097401596330053
Mouse and White ibis,SW1X 0DZ,51.493877001076900,-0.161008653611047
Thrasher and Ice seal,W10 5RS,51.521957126821100,-0.211381408888097
Grosbeak and Recurvebill,E7 0AX,51.553387251363700,0.019047046756824
Mouse and Masked owl,W1S 2HU,51.512253698972200,-0.141360542436521
Maya and Stint,W1H 1QG,51.519723086249000,-0.162836106220149
White ibis and B,SE1 2AU,51.504410413416100,-0.080396946794732
Guillemot and Shearwater,N21 2EB,51.640840626163200,-0.095062112306619
Petrel and Rat,N21 3AR,51.627125549762900,-0.097731670504087
Hawk and Lemming,W1F 8WG,51.514300463100100,-0.134906961315947
Chickadee and Siskin,NW8 8LP,51.525071634512300,-0.171342350213117
Black jay and Hawk,EN5 5ES,51.648761131220500,-0.183097000000000
Thrasher and Black cockatoo,W14 0AL,51.500930037061100,-0.216512763474936
Vole and Kestrel,W1G 6ND,51.520586462450200,-0.149684324504902
Argus and Mamo,E14 3BN,51.489290182107900,-0.006343961528800
Stint and Rabbit,W14 0EL,51.498404236068600,-0.215401154426432
Mouse and Mamo,N11 2DB,51.609860637175600,-0.120651925902221
Petrel and Linsang,NW11 6BT,51.589204686900000,-0.193352717100997
Songlark and Booted eagles,SW10 9TD,51.488942000000000,-0.182958000000000
Thicketbird and Tree warbler,E1W 1BA,51.508642224465600,-0.073590155776973
Marmoset and Pheasant,NW6 7HH,51.539070088178200,-0.201409625536094
Francolin and Tattler,N22 8HX,51.601317109691400,-0.112759469054206
Zebra and Jackal,NW4 2LL,51.584780847543900,-0.216305927611521
Marsh harrier and Old World vulture,SE11 4HL,51.490772021288800,-0.107158233253725
Flameback and Civet,NW3 6XS,51.557329753806600,-0.182483917009272
Darwin's finches and Herring gull,E10 7JB,51.567968508623600,-0.022917621988912
Asiatic leopard and Goose,W1F 8QS,51.515489897690700,-0.137322956541101
Petrel and Capuchin,SW1P 4AJ,51.491751416180300,-0.131217719245338
Mink and Ice seal,W1D 5LA,51.513151174547000,-0.131062658372045
Piping shrike and Old World warbler,E1 0BA,51.512596591648500,-0.053837460213143
American sparrow and Herring gull,N2 8JP,51.596268425017900,-0.178635000000000
Quetzal and Tahr,NW3 1LE,51.558486374254500,-0.174734177114161
Francolin and Parakeet,NW2 6YR,51.562550025640900,-0.224490687985933
Old World vulture and Cloud rat,NW3 2HR,51.554580348201300,-0.157263122346976
Old World quail and Old World quail,SE1 7XN,51.493911242691400,-0.120479000000000
Old World warbler and Eagle,SE17 1QE,51.490477442446400,-0.088444025888289
Eagle and New World blackbird,N20 2DR,51.629749000000000,-0.173771000000000
Guillemot and Scimitar babbler,W1U 3SE,51.515740605713400,-0.154319850047673
Wader and Black jay,EC1R 4RB,51.527461740217500,-0.108837435506146
Boto and Black jay,N5 1TX,51.556050581351900,-0.100035074006542
Old World vulture and Lemming,N22 5EP,51.600843470038900,-0.094021753560709
Jay and Fish eagle,N22 6PS,51.595224985264700,-0.099122604946148
Capuchin and Viscacha,E1 3FZ,51.520073000000000,-0.043703000000000
Black jay and Dorcopsis,NW8 6AU,51.537851357194700,-0.170282214463623
Philippine hawk-owl and Bronzewing pigeon,E11 3AG,51.567999918211000,0.012263142901032
Zebra and Stilt,E17 4PA,51.593265303579600,-0.017098228609688
Francolin and Darwin's finches,W1H 4DL,51.519886497526700,-0.164083556218346
Darwin's finches and Kite,EC4Y 1HY,51.514102000000000,-0.106671810901158
Dorcopsis and Elephant,E1W 2BU,51.509283000000000,-0.060550000000000
Ground sloth and Mink,W9 2JR,51.523430723750900,-0.187870225651630
Petrel and Stilt,N19 3XY,51.567151770060700,-0.126598080076183
Jay and Meadowlark,SE16 3LY,51.490197112138300,-0.062051599888255
Philippine hawk-owl and Pheasant,NW1W 8UN,51.530784525000000,-0.135430053900000
Thrasher and Quetzal,SE17 2JN,51.489487054425900,-0.083962394836065
Peafowl and Tattler,NW4 4PN,51.580702431449200,-0.237408233505925
Recurvebill and Mink,N1P 2XL,51.538645000000000,-0.103543000000000
Partridge and Pheasant,N7 8XS,51.547162000000000,-0.115333000000000
Capuchin and Fox,W1A 9AL,51.524565000000000,-0.112042000000000
Pratincole and Snipe,N2 9LG,51.588184627743300,-0.158386637832444
Hawaiian honeycreeper and Myna,N7 1DL,51.565921128000000,-0.122089252600000
Argus and Darwin's finches,E10 6WX,51.570984000000000,-0.008645000000000
Tit-tyrant and Marsh harrier,NW1W 9AR,51.530783041088500,-0.135430048905449
Treepie and Tree warbler,NW5 3LH,51.546466452249800,-0.144538586722290
Chicken and Gull,SW1P 1RN,51.495008000000000,-0.140852000000000
Rat and Rat,N15 3JT,51.583891811320400,-0.096737605745731
Meadowlark and Ground sloth,SW3 6RA,51.492991000000000,-0.169270000000000
Parrotbill and Thicketbird,EC3A 5EB,51.514391048786500,-0.078680252165782
Old World vulture and Mink,E11 4RP,51.563436731562900,0.007242652020416
Petrel and Snipe,W2 6BA,51.517224155362300,-0.182524246022810
Francolin and Macaw,W8 4LR,51.503393898461500,-0.192425900284128
Kākāriki and Duck,W2 1RL,51.516362656607400,-0.173954006150528
Grosbeak and Moluccan boobook,SE1 1LZ,51.504848461295200,-0.089600609659809
Hawk and Solitaire,E17 9JD,51.580077615134000,-0.006212217457999
New World blackbird and Pitohui,N2 0HD,51.587926935478500,-0.178173859447507
Rabbit and Mouse,E2 8PA,51.534640362310400,-0.070344264872185
Meadowlark and Triller,W1T 7RJ,51.516630911834500,-0.130055000000000
Solitaire and Petrel,WC1E 6EG,51.522131748318000,-0.132006751077826
Piping shrike and Skunk,E15 9GB,51.532078000000000,-0.005111000000000
Fish eagle and Magpie,N6 5RZ,51.575271256510800,-0.145804717443736
Maya and Lemming,W1H 6LA,51.515740605713400,-0.154319850047673
Recurvebill and Ibex,EC2A 3PE,51.526300940114000,-0.081105428870520
Jerboa and Prion,W1K 7HB,51.508742773519800,-0.154213578902168
Black jay and Myna,W1W 6UW,51.520831058369700,-0.140132061697399
Thicketbird and Badger,E6 5QA,51.511434429389200,0.054373947406672
White ibis and Pitohui,W8 9FF,51.498288000000000,-0.198319000000000
Tit-tyrant and Kite,SE1P 4FD,51.492762382100000,-0.080151676700000
B and Darwin's finches,N6 6DA,51.570975327118900,-0.149947853105076
Tattler and Parakeet,E7 9PP,51.540175115511600,0.023855595643130
Meadowlark and Triller,NW7 4SJ,51.615538005545000,-0.237373445804533
Dolphin and Diving bird,N1P 2RA,51.538645000000000,-0.103543000000000
Siskin and Dolphin,W1H 2HA,51.519126000000000,-0.162529000000000
American sparrow and Condor,W1D 7LH,51.511805427512400,-0.134648576936287
New World blackbird and Dolphin,E6 2HE,51.536391387073400,0.053738387648771
Mole and Triller,N17 8JN,51.605775375542600,-0.077727448637242
Scimitar babbler and Asiatic leopard,N21 3RU,51.630629366686400,-0.096978218087839
Chicken and Ice seal,N14 4JG,51.637062318983700,-0.127952714545338
Hawk and Parakeet,EN1 3DB,51.654188378773300,-0.072108849846949
Old World warbler and Jay,NW1 4FZ,51.530783041088500,-0.135430048905449
Guillemot and Grouse,W1T 6QQ,51.522827683146100,-0.141852594802474
Black cockatoo and Snipe,WC1N 1JA,51.522983691669900,-0.123191000000000
Quetzal and Old World vulture,IG8 9HZ,51.599212930712700,0.027432464086675
Cloud rat and Siskin,NW1W 9AE,51.530783041088500,-0.135430048905449
Stilt and Pitohui,E7 9QW,51.539541202575300,0.024879000000000
Snipe and Dolphin,W11 3AX,51.510115581849500,-0.205590870060386
Greenbul and Tit-tyrant,N7 0SD,51.556763709926500,-0.120302531189775
Shearwater and Philippine hawk-owl,N21 1DX,51.645086369922200,-0.102920526252399
Gull and Ice seal,N9 0LL,51.625192286564100,-0.049514100630268
Fulmarine petrel and Maya,IG1 3SH,51.574211034383000,0.051373052986254
Condor and Macaw,W1W 6UA,51.519825462342800,-0.140230686210952
Triller and Skunk,IG9 5SJ,51.630578420381900,0.035781011197387
Thrasher and Gull,EN1 1EH,51.645202534995600,-0.064309103143512
Fish eagle and Gull,N8 8SL,51.582351694550000,-0.125295000000000
Kestrel and Condor,E2 6NJ,51.526705590245000,-0.068502888183489
Booted eagles and Chickadee,E13 9EL,51.529564000000000,0.033766000000000
Kestrel and Black cockatoo,EC2A 2AP,51.521624454167600,-0.081633559128420
Old World quail and Kangaroo,E1 5RU,51.522322877832900,-0.056868003196335
Gull and B,EC4R 0HH,51.510391000000000,-0.089040000000000
Perching duck and Grosbeak,N7 9JU,51.549520358391200,-0.121463000000000
Wallaby and Parrotbill,E8 2LA,51.546690381192900,-0.076670000000000
Hawk and Polecat,EC2M 5WA,51.524501611318500,-0.112088280168721
Guillemot and Tit-tyrant,W11 1RQ,51.514918686199000,-0.210374417735588
Grosbeak and Pratincole,N19 5RZ,51.560300243479900,-0.136242745443752
Cloud rat and Argus,NW7 4RN,51.616648332863100,-0.245462742386193
Jerboa and Flameback,E17 6WG,51.585502212132700,-0.018013657321513
Philippine hawk-owl and Bronzewing pigeon,NW6 6LS,51.538009260641900,-0.210247489931263
Bunting and Greenbul,N14 6NP,51.628110442842600,-0.119233173846627
Capuchin and Capuchin,NW8 7BG,51.534309404520700,-0.168621919223191
Solitaire and Recurvebill,N16 0RR,51.558803876897400,-0.079146110895119
Elephant and Cuscus,SW1P 4AU,51.490288191031600,-0.131378387393649
Ground sloth and Black jay,W1J 7QQ,51.506658058747900,-0.146329131583187
Lemming and Jay,E1 0DN,51.510303695964900,-0.055477184168264
Tree warbler and Mamo,N14 6DA,51.629822000000000,-0.125549000000000
Peafowl and Dorcopsis,W9 3EN,51.529248423516800,-0.201868806682472
Capuchin and Darwin's finches,EN5 2UP,51.643291967318400,-0.200872768062692
Boto and Condor,N11 1QD,51.612037000000000,-0.135251000000000
Night heron and Asiatic leopard,N17 0YX,51.606334863232900,-0.059810611511274
Black jay and Asiatic leopard,SE16 2BX,51.491310169898100,-0.054326390101682
Wader and Prion,NW9 7AH,51.575509192900000,-0.240582111300000
American sparrow and Capuchin,E3 2GY,51.540694000000000,-0.021259000000000
Warbler and Tattler,E11 3FH,51.568666000000000,0.011930000000000
Solitaire and Minke whale,E1 0DD,51.510967485778900,-0.055376861272065
Mink and Fish eagle,N11 3HG,51.616746000000000,-0.151554000000000
Parakeet and Partridge,SE16 7TA,51.496662300197500,-0.033928699199550
Vulture and Solitaire,E10 6NF,51.566701357192700,-0.004373372536615
Cuscus and Goose,NW4 4XJ,51.588449850597400,-0.233557229993443
Rat and Rabbit,WC2E 8HN,51.511525526162200,-0.124427835866764
Parrotbill and Mole,NW6 7SB,51.538587136583500,-0.202755298896644
Booted eagles and Solitaire,NW1 5QH,51.520702008535500,-0.163330042381601
Hawk and Hawaiian honeycreeper,W1J 7TF,51.506299469326800,-0.149816453528877
Parakeet and Polecat,N3 3PT,51.593551009661500,-0.209249000000000
Stint and Minke whale,NW4 1PQ,51.598512572323600,-0.222857455951185
Moluccan boobook and Rat,EN1 2DL,51.646146371647300,-0.078520841845875
Philippine hawk-owl and New World blackbird,E1 8GR,51.510890330184900,-0.065309693250465
Argus and Cloud rat,WC1A 9PG,51.524567000000000,-0.112017000000000
Hawaiian honeycreeper and Maya,W1U 8JD,51.517888029993800,-0.158211158528100
Old World vulture and Partridge,N4 1FL,51.575073892600000,-0.090236569800000
Fish eagle and New World blackbird,N14 7NH,51.626749035410200,-0.137624017978001
Ground sloth and Badger,N1 7HY,51.532940470799900,-0.092317658302632
Fulmarine petrel and Solitaire,N1 2JW,51.545748589357100,-0.094147254466679
River dolphin and Linsang,N8 7DA,51.585901261920500,-0.116501884978796
Nukupuʻu and Pratincole,E14 0TW,51.512968000000000,0.006982000000000
Hawaiian honeycreeper and Fish eagle,WC2H 9TZ,51.512902453549600,-0.128435451712580
Goose and Meadowlark,W12 0AY,51.515994743817400,-0.239777567766764
Gull and Condor,NW1 1HJ,51.530820947420600,-0.131031131172465
Dorcopsis and Moluccan boobook,W1F 8TW,51.514159825764200,-0.135676559531415
Petrel and American sparrow,N17 6YT,51.594687000000000,-0.071020000000000
Quetzal and Viscacha,NW1 1SJ,51.530783041088500,-0.135430048905449
Elephant and Mouse,W1G 8TY,51.518530643262200,-0.150473915647661
Cuscus and Songlark,NW11 0BF,51.584513172400000,-0.208074403100000
Civet and Tree warbler,N1 4AL,51.547680980260400,-0.078100213663082
Tree warbler and Logrunners,N19 5HN,51.564844739274500,-0.140273000000000
Fish eagle and Macaw,SE1 1PE,51.500518152706800,-0.098152811399775
Booted eagles and Kestrel,NW4 4LP,51.592826920390900,-0.230427836273884
Kākāriki and Egret,W1T 5AP,51.523778981892100,-0.137763152119363
Partridge and Egret,E11 2NB,51.573259652737400,0.037331775922377
White ibis and Mouse,EN5 2LL,51.646080562286400,-0.204462609206253
Armadillo and American sparrow,SW1W 0EB,51.496516448905200,-0.146452470265213
Hawaiian honeycreeper and Parrotbill,NW1 0JH,51.535316744041900,-0.138921631639935
Mink and Eagle,E1 3BQ,51.517495771237900,-0.053729519153906
Duck and Parakeet,E4 9NJ,51.606143000000000,-0.000152947698264
Gull and Mockingbird,W14 8NZ,51.498289357212700,-0.201877000000000
Jerboa and Ice seal,NW2 6XA,51.557424102288800,-0.227445651946758
Armadillo and Black cockatoo,EN4 0AE,51.648704993198400,-0.148349000000000
Treepie and Old World vulture,WC2E 7DA,51.511742093650700,-0.120542222000883
Chipmunk and Warbler,N1 0DY,51.539934333651500,-0.118342681634683
Hawk and Puffleg,N12 7HA,51.622349561248900,-0.189797324596446
Warbler and Dolphin,W1K 2TQ,51.509617501083900,-0.150373756470231
Crow and Thrasher,SW1P 2BA,51.495566819318900,-0.131191000000000
Philippine hawk-owl and American sparrow,N12 7NJ,51.614598000000000,-0.180992000000000
Shearwater and Peafowl,N16 6AX,51.566019598384100,-0.064052426764388
Civet and Buzzard,NW1W 9QS,51.530783041088500,-0.135430048905449
Old World quail and Siskin,NW3 2TU,51.556364118263600,-0.163206517616267
Coati and Parrotlet,E4 6JL,51.622808788228900,0.005484447760691
Hawk and Siskin,W1F 0RG,51.512243535354800,-0.133924505949059
Peafowl and Chipmunk,E18 1PS,51.590361794473800,0.027572490214545
Maya and Petrel,E4 8DP,51.617903140273900,-0.018595717631019
Old World vulture and Peafowl,N17 6AS,51.590516843350100,-0.093818816366453
Piping shrike and Pitohui,EC2N 4AH,51.514924334443600,-0.082693361661274
Grosbeak and Boto,W6 7BL,51.495298591917300,-0.218144383530464
Pitohui and Elephant,N13 5EH,51.616687504241900,-0.091769081175394
Vole and Pitohui,N20 0BH,51.628456000000000,-0.175601000000000
Pratincole and Eagle,SW7 2RY,51.496122935970400,-0.170066443257768
Treepie and New World blackbird,WC1N 3RX,51.522396000000000,-0.123131000000000
Bunting and River dolphin,SE11 6RD,51.493869667605500,-0.111322900644885
Mink and Quetzal,N2 0UA,51.579788433909000,-0.174097279515671
Tattler and Mole,WC1H 9RW,51.526078769968900,-0.123512701252685
Marsh harrier and Hawk,NW4 2SD,51.588718224735900,-0.215040161908570
Kestrel and Linsang,EC1V 0AJ,51.527470959494800,-0.101614338787703
Old World vulture and Guillemot,E5 8DP,51.556938729308400,-0.058162753945115
Crow and Warbler,EC3A 6DG,51.515326641005500,-0.081999066244355
Cuscus and Viscacha,SE1P 4AQ,51.492762382100000,-0.080151676700000
Herring gull and Quetzal,W9 1TA,51.528235275516400,-0.180485536405901
Stilt and Grouse,W1C 1LB,51.514104863768500,-0.154948047189348
Fulmarine petrel and Rat,N6 5AU,51.575775197600100,-0.142984436939025
Ground sloth and Zebra,N4 2HL,51.564337219382600,-0.098650825618017
Armadillo and Magpie,W12 9EL,51.506532000000000,-0.242649000000000
Crow and Crow,SE1 9JR,51.507676000000000,-0.101933000000000
Triller and Dolphin,W1J 8AE,51.507081105840800,-0.145216796031856
Marsh harrier and Hawaiian honeycreeper,N3 1PW,51.608864997314000,-0.192384561962636
Booted eagles and Mockingbird,EN5 2FW,51.646032000000000,-0.196909000000000
Chicken and Badger,E1 8HQ,51.513542820270100,-0.070832441365320
New World blackbird and Parrotbill,W10 6UG,51.513956478093800,-0.217459659428388
Linsang and Civet,N8 9HN,51.579320033123100,-0.118260603821796
Bronzewing pigeon and Mink,NW1 6LW,51.523564465140400,-0.166386224479436
Crow and Herring gull,N16 6PL,51.566809076304700,-0.068304338655569
Vulture and Hawk,EC4M 9BJ,51.513184340085300,-0.094007872163425
Kite and Lemming,IG10 4PQ,51.635158594324200,0.047503587176580
Tattler and Stint,W1T 1JB,51.517765475217600,-0.133958259862105
Chickadee and Bunting,W1G 9HL,51.517581708877000,-0.149604313568923
Macaw and Guillemot,N14 5AD,51.631185386024400,-0.129336190892082
Dolphin and Piping shrike,E7 9DB,51.550967532313500,0.016473351623218
Linsang and Scimitar babbler,N1 6TE,51.531880120695200,-0.086292001393442
Zebra and Herring gull,EC1M 4BG,51.520989473624700,-0.102301912000255
Viscacha and Chickadee,E2 0SS,51.530785199074700,-0.044440026329007
Old World vulture and Darwin's finches,NW1 4JX,51.526503135430600,-0.145105192039148
Coati and Recurvebill,W12 0QE,51.512338630165200,-0.246144222028847
Eagle and Petrel,NW1 8HL,51.544804502557100,-0.150908608516300
Chipmunk and Crow,SE17 1TH,51.491337691453600,-0.084950788531984
Minke whale and Cuscus,NW2 5DT,51.549482074995100,-0.232095775287285
Civet and Prion,EC1R 4UF,51.527801834311300,-0.108736842639499
Ice seal and Scimitar babbler,SW3 4TF,51.489778860613100,-0.157154679501617
Nukupuʻu and Perching duck,WC1N 2LQ,51.523262680525100,-0.115570351953572
River dolphin and Chicken,N19 4RT,51.560689963787100,-0.127397453245738
Wader and Viscacha,N16 7HH,51.563425202938900,-0.071968195289262
Egret and Civet,N20 8AE,51.634712441477800,-0.204926048927541
Herring gull and New World blackbird,EN1 1PN,51.651446329644300,-0.070634000000000
Pratincole and Kangaroo,E14 6DF,51.511445748052400,-0.018938222150806
Kākāriki and Diving bird,W1T 2DZ,51.519675050734600,-0.133979000000000
Mouse and Fulmarine petrel,W1B 1PN,51.518034106629700,-0.144656548634136
Black cockatoo and Fox,N11 2LN,51.611404504265600,-0.130611708202934
Guillemot and Civet,E4 6FA,51.622767000000000,-0.001510000000000
Thrasher and Kangaroo,EC2Y 5AU,51.516937000000000,-0.094673000000000
Perching duck and Pheasant,E10 5DX,51.569156389413500,-0.016574624756321
Badger and Wallaby,E11 1DZ,51.569610491412800,-0.003582184827900
Diving bird and Parrotlet,SE1P 5BH,51.492760984014900,-0.080151672390443
Macaw and Asiatic leopard,N16 8YU,51.570057836279900,-0.077214318541430
Mamo and Viscacha,E17 3RF,51.590977039995400,0.000631684157218
Parrotlet and Rat,W1S 2LG,51.511134239446000,-0.141651098196949
Viscacha and Shearwater,SE7 7FA,51.488862000000000,0.026077000000000
Myna and Civet,N13 5HQ,51.617204360066300,-0.100905562479861
Black cockatoo and Jackal,N21 3EN,51.632721150506200,-0.086255473114292
Elephant and River dolphin,W1U 7QU,51.519419445710800,-0.154949479055129
Parrotbill and River dolphin,W1G 8AS,51.518093741798800,-0.148430476992042
Thicketbird and Flameback,W12 7PD,51.510140773584100,-0.232120375132639
Booted eagles and Jackal,NW11 6AN,51.587478601972900,-0.198646815838758
Marsh harrier and Magpie,EC4R 9AA,51.510629010164300,-0.086188309364539
Moluccan boobook and Chipmunk,W1T 6PZ,51.521691874163900,-0.140543845953805
Black jay and Armadillo,EC2V 7QF,51.517104699644000,-0.094449637687519
Treepie and Parakeet,EN1 1UD,51.649731026190200,-0.054835783175055
White ibis and Minke whale,W1S 3NE,51.511048275867500,-0.140199050862968
Philippine hawk-owl and Rabbit,SW1V 1ER,51.492962000000000,-0.138839025820261
Thicketbird and Coati,W1J 0QG,51.509490525252600,-0.140637170236409
Shearwater and Towhee,W1U 7HT,51.518508530773300,-0.154207953785727
American sparrow and Jay,N13 5QW,51.624041846036000,-0.086707389746534
Snipe and Guillemot,NW5 2UJ,51.550444794088500,-0.141362148069387
Old World vulture and Parrotbill,N4 3AZ,51.567900947708300,-0.112743953550234
Booted eagles and Hawaiian honeycreeper,NW2 6SH,51.558084127449600,-0.220553184334682
Badger and Kākāriki,N7 8AG,51.544375562615000,-0.110443739552441
Songlark and Guillemot,SW1X 0LG,51.498937944075000,-0.160891393301991
Minke whale and Hawaiian honeycreeper,W1F 0JG,51.513137175545800,-0.135833608317201
Francolin and Egret,N20 0UJ,51.627808739687300,-0.164945731136079
Ice seal and Triller,SE1 9GZ,51.507445073726800,-0.102201871628882
Gull and Mink,SE16 5HF,51.500506578355500,-0.034728602672281
New World blackbird and Night heron,NW2 4HS,51.548965110680700,-0.210452194894647
Puffleg and Moluccan boobook,N9 0FD,51.624763497978700,-0.046440715762221
Nukupuʻu and Ibex,E4 6LU,51.616359224913100,0.005070099752743
Argus and Magpie,W1K 2NW,51.510494577378600,-0.152961062428331
Macaw and Moluccan boobook,W1J 7BJ,51.504624552332100,-0.147546000000000
Tit-tyrant and Towhee,N13 6LE,51.610392931823000,-0.100092195506011
Duck and Solitaire,EN3 4UA,51.644914434702700,-0.037205764230872
Skunk and Pheasant,N1 8DD,51.532127299307000,-0.103727520839146
Masked owl and Armadillo,NW6 3DD,51.545040894589500,-0.185050407588981
Pitohui and Jerboa,N7 9ET,51.549085579065500,-0.124325838090408
B and Hawaiian honeycreeper,N1 6AR,51.531626918200000,-0.082454000000000
Jackal and Thicketbird,EN3 7LS,51.656867950365200,-0.038973639088508
Francolin and Diving bird,EC1P 1FG,51.524501611318500,-0.112088280168721
Jackal and Diving bird,SE1 9DL,51.507113287987800,-0.091538000000000
Coati and Logrunners,N7 7NH,51.557373710541500,-0.112069000000000
Mockingbird and Fox,N4 4DX,51.574096968953700,-0.114435550080812
Kangaroo and Vole,NW1 1UL,51.534903000000000,-0.130330000000000
Boto and Coati,E2 0BG,51.527741937571600,-0.061005563767384
Pitohui and Quetzal,N1 3JE,51.538440000000000,-0.085945000000000
Puffleg and Masked owl,SE1P 4NE,51.492762382100000,-0.080151676700000
Tahr and Civet,SE16 5XJ,51.506828359223100,-0.037410677195367
Asiatic leopard and Coati,E3 3GG,51.525417000000000,-0.019759000000000
Gull and Stint,E4 0ES,51.633249644270100,0.008155826999780
Stilt and Gull,N4 4QS,51.577703126400400,-0.107185514688549
Partridge and Vole,E16 2TZ,51.502318000000000,0.023876000000000
River dolphin and Myna,SW1V 4EY,51.489409592003000,-0.144003860475144
Grouse and Eagle,E16 1QW,51.516196391395700,0.017315407658512
Pratincole and Polecat,IG10 4QT,51.643665840361000,0.049549031839072
Buzzard and Vulture,N10 3TB,51.589772605349300,-0.137072267026988
Grosbeak and Pheasant,N8 9DD,51.581402000000000,-0.121263000000000
Vulture and Moluccan boobook,NW6 1RP,51.551566933232500,-0.192464282364152
Mink and Pitohui,SW3 2DN,51.495707466459000,-0.166495876322069
Logrunners and Kākāriki,N20 0YP,51.629860249051700,-0.173676793855769
Tit-tyrant and Old World quail,E1W 2NT,51.503990242237300,-0.057946000000000
Greenbul and Argus,W12 7GJ,51.511058000000000,-0.220758000000000
Stilt and Old World quail,NW6 7YZ,51.544310784749900,-0.212295000000000
Darwin's finches and Ibex,W9 3JH,51.528856937073500,-0.203902590775993
Warbler and Jay,SW1X 8NS,51.499205000000000,-0.151473000000000
B and Recurvebill,E1 3BH,51.518167684119700,-0.054118873455116
Peafowl and Wallaby,SW1P 3RE,51.495408030762600,-0.127625034172858
Parrotlet and Warbler,EC2N 4AD,51.516376000000000,-0.081206000000000
Mole and Condor,NW3 2SJ,51.557204247888300,-0.164600834108946
Herring gull and Kite,N20 2DS,51.629749000000000,-0.173771000000000
Nukupuʻu and Old World vulture,NW2 5SB,51.549064519156900,-0.217573368253460
Stilt and Condor,W1A 5QF,51.524503057780500,-0.112088284788377
Tit-tyrant and Eagle,W1T 2EH,51.519404075629300,-0.133516519790396
Chicken and Grouse,W10 6TN,51.515682897404700,-0.215677155303759
Pitohui and Thrasher,EN5 4HA,51.657238000000000,-0.204911035169356
Siskin and Logrunners,N1 2SU,51.540631892127100,-0.096365521465765
Zebra and Hawaiian honeycreeper,SE1 1EH,51.501589817188400,-0.094923930491741
White ibis and Peafowl,SW1W 8AB,51.492018056585900,-0.158303238756584
Piping shrike and Siskin,IG8 8FJ,51.598655942468100,0.054871397852545
Egret and Fox,EC1A 7HF,51.519016913311900,-0.098071000000000
Parakeet and Thicketbird,W1G 6BA,51.522144821644300,-0.148713024666958
Logrunners and Grosbeak,EN3 5DA,51.659796419836000,-0.036100050870195
Polecat and Songlark,SW3 3DB,51.491158805227400,-0.162572945292844
Eagle and Pratincole,EC1V 9HL,51.523626741321800,-0.098011806691585
Flameback and Pitohui,SE1 4BS,51.499430497943600,-0.086571024500949
Kangaroo and Petrel,NW6 1DF,51.555317000000000,-0.197105000000000
Boto and Ground sloth,NW3 1RX,51.556459668664200,-0.172204274307840
Recurvebill and Mink,N13 4UF,51.613994713880300,-0.110977019025834
Badger and Polecat,N9 8HX,51.628228746773200,-0.053126057305721
Bunting and Stilt,N4 2EL,51.561043741364900,-0.102957671395147
Guillemot and Black cockatoo,NW4 2AX,51.585121000000000,-0.220262000000000
Dolphin and New World blackbird,N1 3QF,51.545172054208200,-0.086902545893402
Egret and Parakeet,SW3 3DD,51.493073000000000,-0.166967211478807
Vulture and Logrunners,W11 2BQ,51.515542763581300,-0.204138109355893
Chicken and Civet,SE1 4PD,51.499182000000000,-0.084487847303431
Diving bird and Civet,E3 5NJ,51.534028895106000,-0.036745558266966
Black cockatoo and Thrasher,EC2A 3BF,51.525790000000000,-0.080452000000000
Armadillo and Thicketbird,N19 3XD,51.566544925412600,-0.130836268462543
Philippine hawk-owl and Dorcopsis,EC2A 4QU,51.524847631663700,-0.082968505061671
Lemming and Kite,N4 2GQ,51.570990000000000,-0.092215000000000
Black cockatoo and Maya,E11 1SF,51.570569963675700,0.008696870464085
Dorcopsis and Bunting,NW2 1QB,51.564218348117600,-0.212955430576626
Hawk and Asiatic leopard,WC1H 9RD,51.524936740869200,-0.126889692461454
Puffleg and Guillemot,N19 4AB,51.565608422301500,-0.131884678718517
Mamo and Peafowl,EN4 8FF,51.643921000000000,-0.147558000000000
Parrotlet and White ibis,W2 4TD,51.512406156562400,-0.194879469048944
Shearwater and Chipmunk,N15 5QD,51.581920915350900,-0.083382033359972
Eagle and Mole,SW1A 2AL,51.503647435995500,-0.126638912968530
Night heron and Asiatic leopard,SW1V 1BS,51.494520096265900,-0.140771004026176
Ibex and Eagle,WC1R 5LW,51.520941885509300,-0.113287760669802
Nukupuʻu and Tattler,E17 5LB,51.591190254597800,-0.024695803301917
Piping shrike and Zebra,N12 7BN,51.614586184434000,-0.203062513869183
Fish eagle and Jay,N1 4SH,51.541016217054900,-0.077472506954061
Herring gull and American sparrow,N16 0NP,51.560987354219800,-0.077394968476427
Pheasant and Petrel,N14 6RA,51.632179128025800,-0.117807748645023
Chicken and Meadowlark,W1T 6BG,51.523654772618300,-0.141271143852704
Coati and Marmoset,EN5 3LT,51.647639000000000,-0.229407000000000
Old World warbler and Mole,N1P 1HA,51.538645000000000,-0.103543000000000
Ground sloth and Ice seal,N19 3TB,51.566298354658100,-0.134554590434740
Egret and Partridge,EN5 3JP,51.649887000000000,-0.229406000000000
Jerboa and Thrasher,N1 5LG,51.533657000000000,-0.080355686398849
Francolin and Fulmarine petrel,E12 6QA,51.544232652198000,0.053759749844124
Masked owl and Marmoset,EC1P 1SQ,51.524501611318500,-0.112088280168721
Fish eagle and Argus,N15 4PZ,51.582996671821500,-0.065640395990028
Mamo and Shearwater,SE1P 5TX,51.492760984014900,-0.080151672390443
Bronzewing pigeon and Bunting,N22 7XE,51.598689851498300,-0.127264198136201
Warbler and Quetzal,SE17 2JY,51.488742918898800,-0.082999688167349
Grackle and Philippine hawk-owl,W1T 2EW,51.519786099445200,-0.133789183178099
Nukupuʻu and Night heron,E3 2HT,51.534337067008800,-0.028415000000000
New World blackbird and Hawk,SW1Y 5HD,51.505504668435400,-0.136534189739655
Treepie and Ground sloth,N1 2HS,51.541368912357200,-0.096897183852170
Fulmarine petrel and Kite,W1D 1NX,51.515787000000000,-0.138940000000000
Eagle and Macaw,SW7 4QD,51.491096872187500,-0.181676450430905
Tit-tyrant and Goose,NW2 2EE,51.559522884034400,-0.204613406236768
Goose and Mink,W1K 1HA,51.506827970486200,-0.150256164558647
Lemming and Ground sloth,W10 4NA,51.530753228203100,-0.206769118989818
B and Wallaby,W1W 6XZ,51.520306471213100,-0.141075946765522
Hawaiian honeycreeper and Jerboa,SE1P 4JU,51.492762382100000,-0.080151676700000
River dolphin and Greenbul,W1G 9HT,51.517911736479200,-0.147155057028067
Lemming and Logrunners,NW8 0SL,51.540201906410500,-0.183238483114991
Hawaiian honeycreeper and Warbler,NW5 2QL,51.550480843685400,-0.136831602176833
Perching duck and Night heron,W11 1PZ,51.516645465580800,-0.209211349822557
Herring gull and Treepie,WC1N 2NP,51.521530000000000,-0.116313059345118
Dorcopsis and Fox,W1W 5DU,51.522364236048200,-0.144956250894710
Old World quail and Macaw,NW6 7BH,51.542881786994400,-0.210748543242412
Coati and Bunting,NW1 4AT,51.531138907895500,-0.144830260509236
Zebra and Piping shrike,SW1P 2AR,51.495554000000000,-0.130458364009923
Thicketbird and Siskin,EN2 7LZ,51.647648672268300,-0.121344486604075
Masked owl and Buzzard,NW1W 9PW,51.530783041088500,-0.135430048905449
Bunting and Parakeet,E16 3NT,51.514198756296100,0.029377010218649
Darwin's finches and Grackle,NW7 1JX,51.604670667439800,-0.206197775096386
Viscacha and Gull,E12 5FD,51.550081554464700,0.045383109485603
New World blackbird and Kangaroo,N16 6DB,51.576394573924800,-0.062817814490144
Coati and Minke whale,WC1H 0HJ,51.526162720594300,-0.129895600953877
Mouse and Duck,SE1P 5ZY,51.492762382100000,-0.080151676700000
Parrotbill and Chickadee,EC1Y 8NT,51.523471344889300,-0.092872001725153
New World blackbird and Grosbeak,IG8 7GN,51.607684983392600,0.042930981591774
Linsang and Civet,N7 9SA,51.555085756376400,-0.116044116380313
Marmoset and Songlark,E2 6LX,51.528523151057800,-0.062024813723757
Buzzard and Macaw,EN5 9SA,51.643015000000000,-0.171012000000000
Wallaby and Nukupuʻu,SW3 2TP,51.491184334435500,-0.161333085877706
Rat and Buzzard,N9 8LJ,51.628456000000000,-0.049403000000000
Towhee and American sparrow,E98 1XN,51.508023187390400,-0.064393533930118
Elephant and Tit-tyrant,E3 4XF,51.524274014008000,-0.024018032828794
Jackal and Dorcopsis,N18 2UD,51.615096318801200,-0.064882544021609
Polecat and Condor,NW9 5JH,51.596111211124300,-0.241578000000000
Lemming and Thrasher,W1K 1AU,51.507671782678500,-0.151302759572800
Logrunners and Kite,NW8 8RT,51.524464795956700,-0.171640556588617
Warbler and Tahr,NW11 9QT,51.581750426258600,-0.208630457689385
Quetzal and Fox,N1P 2UG,51.538645000000000,-0.103543000000000
Francolin and Pheasant,N15 6UY,51.579315740715700,-0.067095683294115
Pheasant and Dolphin,E1W 9HA,51.519025959342700,-0.058075035903984
Eagle and Chicken,NW3 2DG,51.554115211724300,-0.163729860478644
Cuscus and Rabbit,E4 8BB,51.622605566320400,-0.021222457878184
Zebra and Hawk,E8 1AH,51.546548280039400,-0.062268558003301
Songlark and Skunk,W1H 4JE,51.519229750308300,-0.163490169653997
Goose and Diving bird,SW3 3SP,51.489015635945700,-0.167556586284685
Pratincole and Cloud rat,WC1H 9QT,51.526694006161600,-0.124309136364450
Mouse and Flameback,EN1 9NS,51.651932047314100,-0.077090766898905
Grackle and Vulture,N21 3JU,51.630420581961100,-0.101856351639449
Pheasant and Kite,W8 9HN,51.498289000000000,-0.198295000000000
Fox and Cuscus,W1W 6SA,51.520768359751900,-0.141849931104505
Solitaire and Thicketbird,N8 0JD,51.588658228664600,-0.105098938006002
Diving bird and Tit-tyrant,E15 4SF,51.539977338321600,0.001840711223422
Egret and Old World warbler,N12 7JH,51.621266254490500,-0.192440745542696
Grackle and Hawaiian honeycreeper,N12 8QQ,51.622622248760500,-0.178359205772562
Treepie and Jay,N17 6PJ,51.588327856896200,-0.086952343769407
Solitaire and Tahr,W1T 6ND,51.521995137970900,-0.140387344849964
Chicken and Old World quail,E17 9DE,51.578298112994900,-0.009450902936245
Kangaroo and Parrotlet,IG10 4QA,51.640028295240200,0.045685135265945
Asiatic leopard and Ground sloth,EN1 2RJ,51.635224114012300,-0.074892931918794
Condor and Parrotbill,SW3 4TB,51.489006672126700,-0.157229028851068
Armadillo and Tit-tyrant,E4 7QT,51.648365553638900,0.017554787071827
Mamo and Magpie,W1S 4JU,51.510533409522200,-0.142324050773788
Logrunners and Treepie,N15 3RH,51.585600053774800,-0.094500966534312
Meadowlark and Mouse,W1U 5NR,51.521896145695900,-0.152903387164140
Magpie and Gull,W6 0DS,51.494914845737900,-0.232003608905934
Moluccan boobook and Kite,NW3 7SU,51.558008000000000,-0.194365725300189
Mamo and Peafowl,SE1 1AQ,51.492760984014900,-0.080151672390443
Mouse and Armadillo,EN2 6SF,51.654255774422600,-0.089989131120497
Dolphin and Maya,W12 7DG,51.513862625573500,-0.235636952052890
Solitaire and B,E1 4JP,51.524573292303600,-0.050501335212722
Magpie and Condor,W1J 0BG,51.508672000000000,-0.138869000000000
Booted eagles and Asiatic leopard,N2 0DH,51.586343945819400,-0.177573167224233
Pitohui and Jackal,N19 5HZ,51.564438821130800,-0.140906978960770
Condor and Civet,N17 1ET,51.593862000000000,-0.071579000000000
Triller and Old World vulture,N14 5NE,51.636839595912600,-0.145650173699878
Vole and Linsang,E14 5GA,51.505549585185100,-0.010086954794442
Old World quail and Ground sloth,E14 7EL,51.514476000000000,-0.027930000000000
Grouse and Hawaiian honeycreeper,W1H 2HT,51.519437367143700,-0.160481000000000
Old World quail and Puffleg,WC1V 7LU,51.518119459639300,-0.113923292418552
River dolphin and Herring gull,EN4 0JY,51.656733052206300,-0.153223612845966
Chipmunk and Mink,E1 4EJ,51.524634737393200,-0.046087473467871
Partridge and Dorcopsis,SE8 3RD,51.492470934991400,-0.033345540797084
Zebra and Meadowlark,SW1V 2EZ,51.489848152358900,-0.139333348125668
Meadowlark and Grackle,EN5 5UP,51.654909281596400,-0.202003011351300
Mouse and Tahr,N8 7BF,51.587116706710400,-0.116175000000000
Mouse and Jay,EN1 1YP,51.652150000000000,-0.062351000000000
Perching duck and Black cockatoo,NW6 3JF,51.544049851830200,-0.183186177582796
River dolphin and Perching duck,EN5 4LQ,51.658661766510500,-0.206885886143845
Old World warbler and Lemming,NW5 2JW,51.548831306151500,-0.141687526101918
Partridge and Songlark,NW6 7RA,51.541514365624900,-0.198371400133565
Buzzard and Ground sloth,NW1 3RA,51.530766291671600,-0.140606643372737
Buzzard and Black cockatoo,N21 1SS,51.647520223588000,-0.112214457099830
Booted eagles and Quetzal,W1A 4US,51.524565000000000,-0.112042000000000
Chipmunk and Fulmarine petrel,SE1 7BB,51.500215631585600,-0.109475678352085
Francolin and Fish eagle,N1 5JT,51.534235905777100,-0.080771737193235
Armadillo and Argus,N20 0AR,51.630597376278700,-0.154111897079361
Buzzard and Jackal,SE1P 4YR,51.492762382100000,-0.080151676700000
Skunk and Flameback,NW1 3JR,51.528918540724600,-0.140335918982866
Nukupuʻu and Tahr,NW1 4TS,51.530783041088500,-0.135430048905449
Black jay and Kākāriki,NW1W 9JY,51.530783041088500,-0.135430048905449
Pheasant and Jay,E12 6AE,51.548035177152100,0.053325214997754
Old World warbler and Greenbul,EN4 9LA,51.648535393626100,-0.152862953143643
Philippine hawk-owl and Parrotlet,IG8 0BL,51.609236912971800,0.026550334489778
Badger and Tahr,N6 6EJ,51.564193903238000,-0.151016666552164
Masked owl and Partridge,W2 4RU,51.509941104128900,-0.188391121839928
Viscacha and Greenbul,N1 5AT,51.539952880623100,-0.080632168513182
Mamo and Triller,SW1V 2NA,51.491395393007200,-0.138233181551964
Civet and Tit-tyrant,W1G 8SG,51.519797343612900,-0.149255057067032
Ibex and Petrel,NW6 2AB,51.544303844751100,-0.194396194502164
Dorcopsis and Vulture,NW7 2ND,51.609303153683800,-0.236560661091018
Chicken and Marsh harrier,E18 1BH,51.588368201422300,0.026891839837744
Eagle and Wader,E1W 2PR,51.503263306259800,-0.058240857437573
Black cockatoo and Fish eagle,W2 4XB,51.513441849979800,-0.195534000000000
Asiatic leopard and Snipe,E14 7UJ,51.516862000000000,-0.038740000000000
Guillemot and Zebra,NW6 2RA,51.547483091192000,-0.195885681613879
Marsh harrier and Tahr,W1D 7EH,51.511585952451300,-0.133288447244323
Flameback and Booted eagles,N22 8RA,51.612404388469800,-0.113296230423283
Duck and Armadillo,EC2M 4WD,51.516658165541900,-0.079838799170927
Greenbul and Myna,SE16 4DZ,51.497941726500000,-0.070266722500000
Philippine hawk-owl and Parakeet,W2 5QE,51.517985078289900,-0.192194206246153
Egret and Grosbeak,E4 9BS,51.612788148648700,-0.017634090825428
Tahr and Tattler,E5 8BG,51.560359590908100,-0.056213645696145
Hawaiian honeycreeper and Old World quail,EN5 9TE,51.643015000000000,-0.171012000000000
Chicken and Gull,N7 6RT,51.560859303791000,-0.116627859153460
Tahr and Pheasant,W1W 8EQ,51.516427647368500,-0.138048591463315
Mink and Old World vulture,NW10 2RJ,51.544345562747500,-0.227204000618028
Macaw and Condor,E2 7BQ,51.528432726023800,-0.066353747060184
Greenbul and Siskin,EC3M 8AP,51.510834535512100,-0.083355065801869
Kite and Ice seal,E17 7BF,51.584286000000000,-0.020448000000000
Skunk and Recurvebill,EC3A 5EH,51.514039872005900,-0.078651791916516
American sparrow and Guillemot,W8 4PZ,51.505198000000000,-0.188046000000000
Lemming and Duck,W12 8LN,51.502920335727200,-0.217299578458546
Lemming and Rabbit,E13 9EF,51.529135897997200,0.031958726096933
Thicketbird and Fulmarine petrel,NW1W 9SL,51.530786000000000,-0.135404000000000
Greenbul and Ice seal,SE1 6LF,51.498302000000000,-0.103922000000000
Night heron and Badger,W8 6HS,51.495762029845600,-0.200204756892627
Philippine hawk-owl and Marsh harrier,WC1B 5JD,51.519958000000000,-0.123635000000000
Fulmarine petrel and Crow,N3 3AR,51.591750900200000,-0.190422153700000
Shearwater and Duck,NW1 4QP,51.523799844649500,-0.156732912223064
New World blackbird and Parakeet,NW5 2AB,51.549166941845100,-0.140736329013874
Booted eagles and Scimitar babbler,SE1P 5AW,51.492760984014900,-0.080151672390443
Civet and Lemming,N12 8NX,51.611477394554400,-0.181621807045462
Nukupuʻu and Quetzal,E14 7PW,51.513859050615400,-0.036243748563958
Herring gull and Macaw,SE1 4ES,51.496688987462400,-0.089956206877338
Fox and Parrotbill,N17 9UJ,51.597946522844900,-0.066279000000000
Bronzewing pigeon and Wader,W9 1UL,51.528033889202900,-0.181416229699784
Grosbeak and Recurvebill,WC1X 9JY,51.529813000000000,-0.119640000000000
Kākāriki and Buzzard,E17 6PY,51.587939870682300,-0.029802745066046
Mole and White ibis,W1W 7EX,51.519055045389500,-0.139281927124933
Towhee and Old World quail,N21 2RJ,51.635600983953800,-0.086018000000000
Zebra and Linsang,NW1 8DY,51.544637429432400,-0.147728132232638
Kangaroo and Francolin,N2 9AZ,51.599681516245100,-0.171913298478358
Piping shrike and Fox,E13 8DN,51.521757525075700,0.018671129223996
Herring gull and Magpie,N4 1SD,51.576450205744600,-0.102547137181140
Boto and Wader,SW7 9DZ,51.497984000000000,-0.174506000000000
American sparrow and Songlark,EC4V 5EN,51.513207860151800,-0.102668564127118
Bronzewing pigeon and Minke whale,E10 5RA,51.560326971526500,-0.008158260873401
Boto and Coati,E2 6FY,51.524891521101900,-0.057133524722245
Minke whale and Treepie,NW1W 8QP,51.530784525000000,-0.135430053900000
Kestrel and River dolphin,SW1P 1QT,51.495438829146300,-0.135201555536438
Parrotbill and White ibis,EN2 6HP,51.646366279673600,-0.079870253092329
Eagle and Booted eagles,N15 5AB,51.583428411704900,-0.079883221500338
Mink and Pitohui,N7 9FB,51.548009259929400,-0.123025000000000
Eagle and Civet,NW1W 9YH,51.530783041088500,-0.135430048905449
Masked owl and Linsang,E11 4RD,51.563890724949900,0.009614465709293
Rabbit and Chipmunk,NW8 9AZ,51.533856522697100,-0.177651651961567
Treepie and Gull,SW3 3BH,51.492339000000000,-0.164931000000000
Hawk and Wader,IG10 4DU,51.646828542130400,0.050732422844875
Jerboa and Goose,E15 4HW,51.538898403129400,0.010243733171003
Thicketbird and Ground sloth,E7 8EP,51.544543741103200,0.039019753841225
Marsh harrier and Tit-tyrant,E14 8JJ,51.508209320633800,-0.024426000000000
Black cockatoo and Mockingbird,EC4V 6JJ,51.513369579144400,-0.104029000000000
Magpie and Rat,N7 6LJ,51.558725000000000,-0.122496672573696
Magpie and Egret,E17 9HA,51.583712000000000,-0.005702012237255
Warbler and Bunting,E2 0PG,51.528432101131600,-0.048938049149073
Chipmunk and Black cockatoo,W1W 7JG,51.517192564161500,-0.142053116566984
Jerboa and Cuscus,N9 9BF,51.625318327916600,-0.064736575345220
Buzzard and Puffleg,E10 6JD,51.571614436812400,-0.004028321161129
Black cockatoo and Macaw,E6 3HR,51.528089429906300,0.050236235085686
Skunk and Jay,NW6 5EY,51.531894885143900,-0.192681298348640
Badger and Masked owl,WC1V 7QU,51.517964565707700,-0.111003734864153
Bronzewing pigeon and Capuchin,W1W 6SH,51.519620514241700,-0.140916495600414
Grouse and Piping shrike,E9 5NL,51.547156315948100,-0.027526713422653
Capuchin and Buzzard,SE1 7QF,51.499136944630900,-0.108944010330263
Snipe and Parrotbill,IG8 0EX,51.610376144118600,0.029836334847011
Parrotbill and Snipe,N1C 4BH,51.536479106500000,-0.124485000000000
Gull and Flameback,E13 0JD,51.532189146467500,0.019709336569990
Mole and B,W1U 4NJ,51.518830027900200,-0.151431000000000
River dolphin and Tahr,EN3 7AB,51.647711806258500,-0.042635602139661
Tattler and Civet,N10 2RA,51.596000997112600,-0.140831249741475
Pheasant and Masked owl,SE11 4JD,51.489999606688100,-0.103605000000000
Vole and Marmoset,E16 3LR,51.515824424252200,0.036237879946913
B and Petrel,NW11 1PJ,51.580368000000000,-0.199120000000000
Bunting and Zebra,NW5 1AE,51.554188000000000,-0.140863000000000
Marmoset and Bunting,N18 1RW,51.617061329315700,-0.073913788055323
Civet and Mamo,N2 9EY,51.590828678066700,-0.156114222966679
Parakeet and Rat,EN5 3LP,51.648342440171300,-0.227269531783314
Thrasher and Ground sloth,NW5 2LE,51.547128371967400,-0.136939715795228
Maya and Ground sloth,W6 7QN,51.500220830415900,-0.226078399705124
Flameback and Triller,WC1V 6PL,51.517553243510900,-0.122911841700210
Darwin's finches and American sparrow,EN5 4PQ,51.662100000000000,-0.198773958457276
Towhee and Skunk,WC2B 5SS,51.513410353705900,-0.119709714928621
New World blackbird and Argus,E16 2GS,51.502222000000000,0.035069000000000
Hawaiian honeycreeper and Fish eagle,NW5 2SY,51.550085131635600,-0.132304306065241
Quetzal and Petrel,E3 2DT,51.529933533993200,-0.024205503997701
Treepie and Minke whale,NW6 7UY,51.539409964196200,-0.202463320601451
Stint and Wallaby,W1G 0QA,51.517372000000000,-0.144222000000000
Chickadee and Old World warbler,SW1X 9AD,51.494086777285400,-0.157758871382926
Parrotbill and Guillemot,N11 1RY,51.612751000000000,-0.136594000000000
Philippine hawk-owl and Kite,W2 2YS,51.516060669444600,-0.166125481370170
B and Minke whale,SE1P 5HQ,51.492762617800000,-0.080166072400000
Coati and Rabbit,NW1W 8RP,51.530784525000000,-0.135430053900000
Prion and River dolphin,SE16 7ES,51.497529000000000,-0.040939000000000
Pheasant and Jay,W1G 9YW,51.517261385492100,-0.148680432013014
Grouse and Philippine hawk-owl,NW11 6UL,51.577400204709200,-0.182448252307949
Boto and Tit-tyrant,SW7 5XE,51.501180000000000,-0.180584000000000
Kestrel and Armadillo,W9 3PH,51.526803588196500,-0.199009802372427
Mole and Zebra,N7 8BD,51.544645993800000,-0.109278839000000
Tit-tyrant and Skunk,SE1 9AU,51.492760984014900,-0.080151672390443
Mole and Jerboa,NW6 2LJ,51.547494000000000,-0.191227000000000
Eagle and Marsh harrier,SW5 0EE,51.489639000000000,-0.188451664845559
Jay and Jay,W12 0PQ,51.508225798721600,-0.238722356732771
Bronzewing pigeon and Jay,E3 3ND,51.521318843211000,-0.011979851254288
Old World vulture and Egret,N3 1RR,51.596833565983100,-0.203532270789101
Pheasant and Crow,NW1 8SY,51.544487940787600,-0.146234325269688
Armadillo and Bunting,EC1V 0BZ,51.524297813025000,-0.100578652128629
Pheasant and Coati,SE1 9DR,51.507368000000000,-0.096282000000000
Partridge and Chickadee,N14 4EW,51.642849000000000,-0.130767000000000
Dorcopsis and Rabbit,NW1 2FA,51.526289648000000,-0.134950542300000
Egret and Dolphin,N12 9JR,51.621526198909200,-0.171483334531497
Night heron and Lemming,N17 8AD,51.600700465416100,-0.068223751385080
Marmoset and Boto,E13 0SP,51.537018139365500,0.033766193720792
Grosbeak and Magpie,E2 6PY,51.530176977874300,-0.060887682212335
Stilt and Kangaroo,SE1 0QR,51.501614480866200,-0.101435518060315
Civet and Condor,NW6 1SA,51.547261838415800,-0.190860913661532
Ground sloth and Fish eagle,SE11 6AY,51.492081599486800,-0.118685936874252
Lemming and New World blackbird,NW5 9RE,51.550839000000000,-0.146700000000000
Ibex and Perching duck,NW1W 7EY,51.530784000000000,-0.135430000000000
Buzzard and Marsh harrier,WC1X 9AJ,51.528905710943800,-0.111949347652931
Puffleg and B,E9 6DA,51.551164000000000,-0.043393000000000
Vole and Black jay,NW4 4HJ,51.585132411356000,-0.237193503376501
Logrunners and Kangaroo,NW9 6RA,51.586770929621800,-0.244520868785776
Shearwater and Kite,SW5 0PX,51.493835840730900,-0.191320208831234
Snipe and Parrotlet,SE1P 5NJ,51.492760984014900,-0.080151672390443
Civet and Songlark,NW7 2BQ,51.607808497169600,-0.233441378833272
Wader and Capuchin,E16 9EZ,51.519102000000000,-0.005663000000000
Capuchin and Logrunners,NW3 4XE,51.547631791406000,-0.165462044144892
Ground sloth and Guillemot,EC2A 1NS,51.520126000000000,-0.087711289315621
Puffleg and Minke whale,WC1X 9NT,51.528797878726900,-0.118109866621962
Ibex and New World blackbird,N15 4TB,51.584842179335500,-0.069040809074849
Warbler and Flameback,E10 7JJ,51.569881259458000,-0.020092899157852
Tree warbler and Gull,SE1 6QW,51.496173633459400,-0.094760787557011
Mamo and Pheasant,E6 3PW,51.522210867061900,0.049568546723784
Old World warbler and Fox,W10 5SX,51.519922054109700,-0.210019738176657
Mouse and Armadillo,SE1 6AS,51.495048542400000,-0.097933948300000
Flameback and Grosbeak,E14 6FZ,51.519430795155800,-0.014051298661514
Stilt and Mouse,W12 0ST,51.510794288272400,-0.242096373478214
Maya and Ibex,EC4A 1DZ,51.516287000000000,-0.110035000000000
Skunk and Booted eagles,E17 7HJ,51.578472048643900,-0.041700821369326
Tattler and Masked owl,WC2H 9AZ,51.514131610714400,-0.126569116814550
Dolphin and Civet,NW10 1EE,51.552668788735400,-0.240698949309281
Mockingbird and Snipe,N4 2SA,51.572652063273600,-0.088490856420767
Warbler and Meadowlark,W1U 2PW,51.516650368380600,-0.150420365801641
Stint and Pheasant,E2 9RJ,51.531138630417000,-0.058136263224717
Perching duck and Darwin's finches,N15 3LA,51.590184336738500,-0.102711163164638
Pratincole and Scimitar babbler,W9 1UZ,51.498288000000000,-0.198319000000000
Hawaiian honeycreeper and Dolphin,N6 4SA,51.573054715602000,-0.159806337859849
Flameback and Songlark,E14 8DD,51.509398954929300,-0.036795820216524
Vulture and American sparrow,NW7 4AA,51.616465000000000,-0.239802344302527
Booted eagles and Old World quail,N21 1PP,51.647667000000000,-0.108407000000000
Francolin and Night heron,E15 1JG,51.546938839434800,0.004929905543546
Vulture and Parakeet,EN4 9TP,51.653695980762600,-0.155660113813845
Mouse and Capuchin,E11 2TA,51.574656384258100,0.020523468700874
Darwin's finches and Mockingbird,N21 1TH,51.646155226565200,-0.112328976719060
Siskin and Philippine hawk-owl,W1U 6QZ,51.519291038934400,-0.158125796912155
Tit-tyrant and Myna,NW1W 9UG,51.530786000000000,-0.135404000000000
Kestrel and Jerboa,NW9 5TZ,51.596033000000000,-0.240251000000000
Parakeet and Armadillo,E3 2JF,51.536217822365000,-0.028388992196306
Buzzard and Rabbit,EC1A 9HF,51.519973216712300,-0.098060000000000
Old World vulture and Tattler,N16 6XS,51.566818253976400,-0.072690400134058
Macaw and Gull,EC1P 1DB,51.524567000000000,-0.112017000000000
Boto and Tattler,E16 3AU,51.510609130847700,0.027906028398016
Prion and Siskin,SE1P 4YY,51.492762382100000,-0.080151676700000
Logrunners and Treepie,E16 2DG,51.503038541309600,0.045437247505276
Songlark and Tahr,IG8 9PS,51.606181000000000,0.006109000000000
Cuscus and Buzzard,SE16 3XY,51.492653408104100,-0.067580049935368
River dolphin and Hawk,W1J 7PP,51.506398696750500,-0.146988101477827
Eagle and Kite,W12 7NJ,51.513347740154800,-0.234287715354219
Parrotlet and Puffleg,NW1W 7NN,51.530784525000000,-0.135430053900000
Armadillo and Peafowl,SW1H 0DX,51.499252466236700,-0.131861809234233
Old World vulture and Stilt,WC1N 2LJ,51.523799172227900,-0.116499620855301
Quetzal and Ground sloth,E8 3BT,51.544180704573500,-0.069205150714295
Tree warbler and Old World quail,SW1V 1SA,51.491546539274000,-0.141525812145741
Parrotlet and Kākāriki,E10 5GJ,51.571537000000000,-0.013686000000000
Magpie and Duck,N5 1TS,51.555627075040100,-0.104986246393860
Scimitar babbler and Fox,E4 6HF,51.623318714662700,0.010895738640115
Ground sloth and Masked owl,EC2M 1QP,51.517381818999600,-0.083283000000000
Condor and Peafowl,EN5 1HD,51.644124385831000,-0.183683595635057
Asiatic leopard and Boto,NW11 7EY,51.576268124002300,-0.197084050945014
Kestrel and Snipe,EC2A 2AZ,51.520585530303500,-0.082441185200660
Rat and Polecat,W10 5SZ,51.520353814153000,-0.208849677012881
Dorcopsis and Goose,E9 9DT,51.532726000000000,-0.060392000000000
Perching duck and Night heron,NW4 1AU,51.598127145300000,-0.221645276900000
Egret and Mamo,WC1V 7JS,51.518063038370500,-0.114329204269407
Ice seal and Viscacha,NW1 1JP,51.530783041088500,-0.135430048905449
Recurvebill and Tahr,EC1V 3SS,51.526639637535000,-0.093444000000000
Prion and Recurvebill,SE11 5PW,51.489026707890700,-0.116046040606488
Diving bird and Mole,W12 9DF,51.502316000000000,-0.244388000000000
Kangaroo and Vole,NW3 2YN,51.548349278863600,-0.158452405226542
Buzzard and Darwin's finches,WC1A 9NY,51.524567000000000,-0.112017000000000
Wallaby and Tree warbler,E14 6UA,51.515411000000000,-0.014991000000000
Condor and Skunk,E1 8LT,51.509340256708300,-0.070102087457533
Dolphin and Masked owl,NW9 7AN,51.573126557391700,-0.233530790524860
Wader and Fish eagle,E14 5HJ,51.503718700461600,-0.014013995353463
Polecat and Dolphin,E14 6PF,51.518076889091400,-0.016488413103505
American sparrow and Capuchin,SE1 8TB,51.504564265325400,-0.109800024839657
Puffleg and Solitaire,N7 9QE,51.546556406752300,-0.126997075881715
Old World quail and Flameback,E14 8SW,51.498744035230300,-0.024560573253250
Warbler and Minke whale,W1K 2SA,51.509551787064600,-0.152480401997391
Kākāriki and Chipmunk,N9 0NW,51.622295399289800,-0.062467044167644
Asiatic leopard and Songlark,W1F 7TE,51.514467334539100,-0.140319217950291
Stint and Pitohui,E17 4SU,51.591648000000000,-0.011264000000000
Old World vulture and Black jay,E4 6DB,51.631425076224700,0.011181999586311
Marmoset and Pitohui,N5 1FD,51.556989000000000,-0.102362000000000
Cuscus and Parrotlet,W1U 6JH,51.519771980727500,-0.159072068840230
Chipmunk and Pitohui,E11 3PH,51.559759709640600,0.009288069133051
Chicken and New World blackbird,W14 9DF,51.490367122489000,-0.212589191701996
Condor and Moluccan boobook,N11 1PN,51.615076669687500,-0.142146263739549
Siskin and Booted eagles,N11 2PJ,51.608169878219100,-0.129083742348893
B and Parakeet,W1T 3LP,51.517910000000000,-0.136777000000000
Chipmunk and Mouse,W1D 4EE,51.513879093767900,-0.131032864888927
Fish eagle and Parrotbill,SW3 1DE,51.500932612898600,-0.161358602630542
Condor and B,N8 9TA,51.579804642194900,-0.118760178489834
Old World warbler and Ground sloth,N7 9UW,51.543191420485400,-0.119015929331630
Piping shrike and Treepie,E17 6HZ,51.588863557948000,-0.035551687609040
Zebra and Crow,WC2B 5RX,51.514151911810100,-0.121653671588204
Hawaiian honeycreeper and Nukupuʻu,E8 1LX,51.549013584799400,-0.060173363345113
Jerboa and Capuchin,EN4 0PS,51.657287000000000,-0.135274000000000
Stint and Goose,N19 3XN,51.571899194745200,-0.123184875462196
Nukupuʻu and Moluccan boobook,NW4 4UX,51.595214924535000,-0.233150401445447
Piping shrike and Old World warbler,W1W 7EJ,51.519564087358500,-0.138826000000000
New World blackbird and Logrunners,IG8 8PA,51.604243738794700,0.046892247471083
Eagle and Logrunners,N15 6US,51.580832421401500,-0.065950000000000
Nukupuʻu and Kākāriki,E11 3EJ,51.562267869679200,0.011432958690686
Recurvebill and Kite,NW10 5UP,51.535404529583700,-0.235380855232279
Siskin and Hawk,E17 3EZ,51.587243135921000,-0.010359147069855
Bronzewing pigeon and Partridge,W1U 6JJ,51.519980033361900,-0.159150163951734
Shearwater and Wader,N20 0TQ,51.629535394437500,-0.163228885389758
Myna and Herring gull,W11 3HB,51.511430442021400,-0.202195772930780
Armadillo and American sparrow,NW11 7ET,51.578906000000000,-0.197105194803821
Greenbul and Gull,WC2E 7NU,51.512970010338400,-0.119727847163427
Tree warbler and Badger,N1P 1AP,51.538645000000000,-0.103543000000000
Capuchin and Fox,N21 3PL,51.631270892933000,-0.101055030748662
Chickadee and Marsh harrier,N11 2XD,51.609244000000000,-0.110712000000000
Viscacha and Egret,NW9 5SL,51.605106692102400,-0.246961882339675
White ibis and Mamo,NW6 5FJ,51.533428742800000,-0.201689734100000
Jackal and Marsh harrier,WC1A 2SL,51.518220328873000,-0.123576269351568
Rabbit and Quetzal,NW6 2HT,51.545838229190400,-0.201791748421092
Grouse and Minke whale,W9 1LH,51.528738211687000,-0.190326610590294
Kestrel and Wader,N21 2PG,51.629470940129200,-0.089325406407132
Old World warbler and Gull,W1F 8ZW,51.514384832558700,-0.134557617372514
Grouse and Bronzewing pigeon,W1U 1DR,51.514603886950900,-0.150661799967736
Armadillo and Perching duck,E4 6NA,51.616932953811700,0.008331105128890
Nukupuʻu and Siskin,N9 8QX,51.630365368014800,-0.054537303340468
Snipe and Logrunners,W1S 4EF,51.509668000000000,-0.143761216300166
Booted eagles and Black cockatoo,N19 9EG,51.566183000000000,-0.121432000000000
Piping shrike and Cuscus,W1T 4SR,51.519230480538300,-0.136737924915356
Condor and Nukupuʻu,SW1E 5DS,51.497419899931300,-0.141603869357358
Darwin's finches and Duck,E18 1EW,51.596867062028300,0.036193435136272
Marmoset and Black jay,E15 2AQ,51.551941983498500,-0.004226060533993
Partridge and Old World warbler,NW1 6PA,51.524805724493400,-0.165255188619847
Jerboa and Cuscus,SW1V 4QH,51.490977981868700,-0.145942459581272
Buzzard and Parrotbill,NW9 5ZF,51.594269000000000,-0.238341000000000
Booted eagles and White ibis,W2 3TA,51.513657000000000,-0.186059937849358
Jerboa and Wallaby,N3 1TQ,51.602455921190400,-0.205883000000000
Parakeet and Boto,E17 7HN,51.578573382499400,-0.041306777008093
Snipe and Chipmunk,W1A 8UZ,51.524565000000000,-0.112042000000000
Partridge and Marsh harrier,NW2 2AX,51.564243558349000,-0.199897060740959
Logrunners and Marmoset,NW3 4XL,51.547426407589000,-0.161532881357527
Scimitar babbler and Chipmunk,N1P 2QG,51.538645000000000,-0.103543000000000
Kākāriki and River dolphin,EC4N 6JJ,51.512121687459400,-0.093360462138565
Rabbit and Thicketbird,SE1 3JU,51.501902230330400,-0.080992239611888
Kākāriki and Nukupuʻu,W1D 3JG,51.514021885665000,-0.132093530366214
Gull and American sparrow,E14 8LX,51.500227734681800,-0.023487843759907
Rabbit and Fox,NW1 9DA,51.544841037915500,-0.133341106307309
Quetzal and New World blackbird,E14 3LB,51.499124516721800,-0.009833744738511
Coati and Guillemot,N22 8JE,51.606889950699200,-0.111488569466767
Viscacha and Logrunners,W8 4AQ,51.505286706193300,-0.191544069699362
Badger and Tit-tyrant,SE16 7EY,51.493079000000000,-0.038995000000000
Flameback and Stint,N16 7UN,51.554821644525200,-0.068826687913327
Bronzewing pigeon and Tahr,N16 8QT,51.554196325171600,-0.082787826003774
New World blackbird and Pratincole,N22 5PT,51.599101763202000,-0.108649485426199
Nukupuʻu and Mouse,NW1W 8DS,51.530783041088500,-0.135430048905449
Wallaby and Minke whale,EC4N 7HR,51.511170252771900,-0.086842965927551
Pratincole and Towhee,WC1H 8HA,51.528347986644200,-0.122020966411111
B and Ibex,W1K 6RL,51.513055067129800,-0.153952804234769
Wallaby and Siskin,E17 5HB,51.591835531026900,-0.026169271316718
Old World quail and Towhee,E2 6AU,51.526916689792000,-0.067124387530248
Pratincole and Parrotbill,N14 4BE,51.644699906816800,-0.133795416461110
Pratincole and Zebra,NW1W 9WZ,51.530784525000000,-0.135430053900000
Snipe and Mamo,W14 0BJ,51.500332567902300,-0.220988103785083
Cuscus and Tit-tyrant,W9 3ED,51.531402055472500,-0.202158808141569
Buzzard and Partridge,N21 1RJ,51.643470351819600,-0.102367000000000
Bunting and B,E16 2DY,51.501485706227200,0.053108000000000
Pratincole and Old World warbler,EN1 1QY,51.650340566234800,-0.065058750939677
Quetzal and Mamo,W11 2LN,51.513708852591200,-0.205348787539943
Tahr and Bunting,E17 3DY,51.588639978954600,-0.009317000000000
Darwin's finches and B,N1 5TW,51.538540912875500,-0.083373720260456
Puffleg and Grosbeak,N17 0ES,51.606716042654200,-0.063289272531495
Peafowl and Tree warbler,SW3 4NX,51.489058000000000,-0.164429000000000
Rat and Buzzard,SE1 8EL,51.500528761873300,-0.104362258394500
Coati and Pratincole,W1W 5EF,51.522091217091400,-0.144751123339265
Darwin's finches and Masked owl,E2 6HR,51.524156456107300,-0.063882437086080
Booted eagles and Wallaby,W9 1RX,51.527904778595400,-0.182949533028600
Tattler and Prion,EC2V 6HD,51.515512511727800,-0.096465000000000
Siskin and Maya,W1T 5DH,51.523778981892100,-0.137763152119363
Mouse and Nukupuʻu,WC2H 9HJ,51.514211830853700,-0.124690000000000
Kestrel and Rabbit,E11 4BD,51.566666492212700,0.000314590518271
Vole and Parakeet,SW1A 1NH,51.505653425969100,-0.140807784589167
Siskin and Black jay,N1 2DY,51.540201000000000,-0.100753000000000
Quetzal and Coati,N11 2AB,51.608971866928200,-0.132011455760596
Vole and Puffleg,EN5 2BG,51.646241874264500,-0.189785329503887
American sparrow and Parakeet,NW7 2QR,51.604039361420000,-0.239335032041721
Bunting and Philippine hawk-owl,W1J 6PT,51.510773032735900,-0.143827484615049
Puffleg and Mole,E16 1GW,51.515275000000000,0.010832000000000
Tree warbler and Dorcopsis,WC2N 4EA,51.510870841990900,-0.126789357264926
Skunk and Skunk,W10 6NZ,51.519632787323100,-0.222931535379582
Dolphin and Cuscus,NW11 8BS,51.575310000000000,-0.197872000000000
Argus and Goose,E16 1NL,51.514629265058000,0.018741000000000
Dorcopsis and Ibex,N2 8NJ,51.595480438212900,-0.173540224579069
Chicken and Bronzewing pigeon,W1S 2FH,51.512384354095400,-0.142796400666829
Mouse and Mouse,N19 4BG,51.560802962900000,-0.127061053100000
Elephant and Civet,W6 0JZ,51.493866499306800,-0.229868899868522
Armadillo and Buzzard,E14 5GQ,51.506960000000000,-0.018427000000000
Grosbeak and Mamo,N15 3XP,51.560816000000000,-0.131288000000000
Warbler and Armadillo,SW1X 9LF,51.500961966545200,-0.160363260858513
Fox and Fish eagle,E1 1NT,51.513890000000000,-0.066188076032124
Prion and Pheasant,W1K 2BF,51.508661780858200,-0.151925572227871
Triller and Logrunners,E12 6AZ,51.548494984293000,0.050172737335842
Jay and Capuchin,N1 6PJ,51.531451338814600,-0.080413064214777
Puffleg and Flameback,W1U 3QP,51.517444091601400,-0.154568080385041
Diving bird and Tahr,N2 9ND,51.590330929033500,-0.155340375488634
Mamo and Logrunners,E14 9FD,51.496641000000000,-0.014956000000000
Macaw and Badger,SE16 6HS,51.500144051251900,-0.036170600441365
Ground sloth and Puffleg,NW3 1SY,51.555946293434000,-0.172729746711963
White ibis and Minke whale,E10 5DD,51.572466297720800,-0.012360998680467
Booted eagles and Marmoset,N8 8RL,51.580462432228800,-0.132751000000000
Kite and Moluccan boobook,N13 5PA,51.623296389377100,-0.103945111665472
Songlark and Black jay,E10 7EP,51.573658934957200,-0.018009368426971
Capuchin and Stilt,N1 8PH,51.537426738168200,-0.095576397058203
Elephant and Shearwater,E6 2JJ,51.537212902441800,0.046868200269810
Pratincole and Vulture,NW6 5YL,51.530454726464200,-0.196097581989243
Marsh harrier and Philippine hawk-owl,NW6 5LR,51.529684728147300,-0.196315440469224
Kākāriki and Duck,W1H 2BQ,51.518584000000000,-0.160611902015688
Philippine hawk-owl and Dolphin,W1F 8FL,51.515080000000000,-0.134097000000000
Siskin and Puffleg,N17 6BZ,51.592016616535300,-0.081556707353419
Snipe and Kangaroo,W1U 4DY,51.519951149782100,-0.152737042490991
Marsh harrier and Quetzal,EC2M 3AE,51.520643000000000,-0.079371919054623
Guillemot and Civet,N1 9QR,51.534427439932000,-0.112528322679848
Diving bird and Viscacha,W1H 7QD,51.515797783541900,-0.159102592588322
Solitaire and Hawk,N1 6TD,51.532351409086900,-0.086517345039658
Cloud rat and Wader,EN5 2DN,51.645841486117900,-0.192981152733844
Siskin and Guillemot,W10 4UN,51.532216431840400,-0.207778546232362
Cloud rat and Thicketbird,W1K 6ZJ,51.512607233555800,-0.153495318798318
Macaw and Crow,N9 9LL,51.633374811428200,-0.073439512621485
Coati and Bunting,NW1 9RN,51.543907789947300,-0.130076719372484
Armadillo and Capuchin,N17 9DF,51.586352996905600,-0.054887876934408
Condor and Fish eagle,N17 7BW,51.604893128758200,-0.083165709882473
Grackle and Maya,NW11 7EG,51.574087595526600,-0.190373243050556
Black jay and Recurvebill,NW2 4QG,51.551574271226200,-0.219408089877354
Mockingbird and New World blackbird,EN1 2QY,51.639525418260100,-0.069594692050942
Fish eagle and Ibex,W1A 8YZ,51.524567000000000,-0.112017000000000
Siskin and Mink,EC3N 2AD,51.511473000000000,-0.076713000000000
Macaw and Stint,EC2V 5BR,51.515814595473300,-0.090929000000000
Flameback and Old World vulture,E1 0EG,51.512279198665800,-0.048962000000000
Mole and Diving bird,E4 9QS,51.609582790012500,0.006417962111277
Argus and Duck,EC2R 7DA,51.515888241149200,-0.087755077289793
Elephant and Peafowl,NW9 5UX,51.601567789811700,-0.244224649794355
Dorcopsis and Dolphin,E15 2GW,51.547206000000000,-0.024510000000000
Gull and Eagle,E16 4HL,51.519300441057700,0.013560728949055
Stilt and Shearwater,SW1W 8JW,51.491710000000000,-0.154657000000000
Grouse and Jay,EC3V 3LF,51.513736000000000,-0.086418000000000
Goose and Fox,WC1N 3ES,51.521662482989200,-0.117279690742910
Fox and Darwin's finches,N21 3PA,51.631137280431200,-0.097401000000000
Zebra and Puffleg,NW11 0DE,51.584188413539800,-0.201057572300310
Puffleg and Kākāriki,W8 5UW,51.497256996169000,-0.190997494326056
Old World vulture and Egret,E14 7RA,51.516689930932200,-0.036136400669969
Polecat and Kite,NW11 7RG,51.570766013054600,-0.190449000000000
Elephant and Mole,NW3 3QU,51.542265020564100,-0.160976586818027
Egret and Ice seal,E5 8EA,51.553700250231600,-0.055920557301951
Masked owl and Hawaiian honeycreeper,N12 0LL,51.610812313578000,-0.160865081484594
Dolphin and Bronzewing pigeon,SW1P 3JT,51.499069691682900,-0.128858098802226
Parrotbill and Partridge,EN2 7BH,51.652276295511200,-0.096563185845231
Buzzard and Kākāriki,W10 6NG,51.517743554503900,-0.217125000000000
Civet and Argus,E14 7LN,51.517109067898000,-0.037458883294106
Ground sloth and Grouse,E2 7QQ,51.529683029433100,-0.071837037009470
Mockingbird and Boto,IG9 5NL,51.627356941637000,0.037977447379929
Old World vulture and Perching duck,NW5 3HD,51.547402013550200,-0.150255230732651
Partridge and Quetzal,N18 1HN,51.613822547972600,-0.069443259792922
Chicken and Badger,W8 7ET,51.506354612821200,-0.197827673644489
Cuscus and Francolin,W1U 4PT,51.520292011324200,-0.151541282116636
Stilt and Maya,SW1P 2NJ,51.492076767792000,-0.134143109583643
Eagle and Triller,NW2 5TB,51.548712351666200,-0.225188106896218
Jay and Coati,EN5 4AL,51.656929574145700,-0.226645320212214
Jackal and Duck,NW6 1LT,51.552372968776900,-0.191667843600749
Cloud rat and Chickadee,E5 5AZ,51.559980000000000,-0.057531000000000
Masked owl and Zebra,NW8 8PG,51.525068246358200,-0.172856135888422
Gull and Perching duck,EC1A 4JE,51.521315349187300,-0.097992796127265
Thicketbird and Shearwater,E17 8NP,51.575822252382700,-0.021508839557321
Badger and Kestrel,W1C 2LA,51.514263798209400,-0.148484898008723
Dolphin and Zebra,N2 0LE,51.590825828868900,-0.178389923435943
Bunting and Asiatic leopard,E4 6PR,51.630788733478900,-0.003165667400382
Bunting and Old World quail,E3 2HJ,51.533599000000000,-0.028718000000000
Old World warbler and Vole,W6 0TD,51.494718367697500,-0.243463992864319
Kestrel and Nukupuʻu,W11 2HH,51.510076562968100,-0.208921324595606
Tit-tyrant and Songlark,W1U 1PS,51.516164000000000,-0.149094088216655
Condor and Meadowlark,N3 1SW,51.598396000000000,-0.203967572689766
Vulture and Dolphin,NW1W 9ZT,51.530783041088500,-0.135430048905449
Greenbul and Prion,N9 7NH,51.640942902119400,-0.055226354217150
Duck and Marmoset,N14 5RG,51.632537384537000,-0.138586271203548
Boto and Guillemot,EN4 8LU,51.632195359429300,-0.154973000000000
Logrunners and Polecat,E17 8PD,51.577032957502600,-0.023981936964177
Fox and Civet,SW1X 9RP,51.494519214649500,-0.157237223693064
Greenbul and Vulture,W2 3AH,51.513823918696400,-0.180713945473043
Stilt and Fulmarine petrel,N7 6JT,51.560756501768400,-0.120671000000000
Parrotlet and Grosbeak,W1T 7NJ,51.523328632625500,-0.136585061114207
Siskin and Grosbeak,E17 4BN,51.594141906764500,0.001189455383943
Buzzard and Nukupuʻu,SE1 6AZ,51.498180823099100,-0.096535634796017
Black cockatoo and Wader,E4 9JG,51.609100000000000,-0.005822000000000
Asiatic leopard and Ice seal,W1F 7RE,51.513503244133200,-0.138499318733448
Black cockatoo and Wader,W1S 4DZ,51.509877000000000,-0.143320399736230
Goose and Duck,SE16 6QD,51.498040184392900,-0.037269557590224
Siskin and White ibis,N2 0RR,51.590820558359300,-0.175156353028766
Francolin and Fish eagle,W8 5UJ,51.497308131588700,-0.190231903248689
B and Piping shrike,SW1V 2LF,51.491022798321200,-0.136289276918296
Warbler and Wallaby,WC1H 8NJ,51.529431000742100,-0.124513823638083
Black jay and Pheasant,E16 4PL,51.518345112273600,0.011587123863719
Solitaire and Crow,SW1A 2BD,51.506278937574700,-0.125306143892294
Philippine hawk-owl and Pitohui,E7 9BN,51.551818895295700,0.018213097507874
Fish eagle and Recurvebill,N6 6EB,51.565661937576400,-0.147739534511806
Tattler and Crow,E14 3HQ,51.495708457740600,-0.010962206480374
Magpie and Wader,E9 7DL,51.540927882901700,-0.045578000000000
Night heron and Minke whale,E3 4QS,51.524757981743100,-0.036398000000000
Partridge and Treepie,N4 3QT,51.565285062181800,-0.116719123408230
Darwin's finches and Tit-tyrant,E4 7NG,51.634711040016200,-0.008022265382901
Partridge and Tahr,E17 7NH,51.580378872367100,-0.032049450481832
Mouse and Siskin,SW1V 2LU,51.490951541242100,-0.138596983830526
Capuchin and Badger,N1P 2WN,51.538645000000000,-0.103543000000000
Snipe and Egret,E2 2FZ,51.532726000000000,-0.060392000000000
Goose and Linsang,NW1 8XE,51.540882811892900,-0.158277948151514
Logrunners and Bunting,W8 7NQ,51.505381878790700,-0.195387626836551
Vulture and Parakeet,E17 4NQ,51.591921939071100,-0.015828512333703
Myna and Rabbit,N20 0QG,51.622842000000000,-0.176174078576832
Hawaiian honeycreeper and Stilt,E1 5HH,51.520222395212300,-0.067984419142383
Macaw and Thrasher,E3 2PP,51.529976561011200,-0.015567527418665
Maya and Capuchin,W14 9AG,51.491169152485100,-0.206810250712501
Skunk and B,W1S 2YA,51.511481712092100,-0.143150163046681
Nukupuʻu and Goose,NW2 3NJ,51.551181764904000,-0.206038037211657
Kangaroo and Triller,SW1P 3DR,51.495972000000000,-0.128538000000000
Warbler and Vulture,SW3 3QB,51.491339216906000,-0.169680000000000
Viscacha and Booted eagles,EC1Y 0RL,51.522455000000000,-0.095019000000000
Chicken and Francolin,WC2H 7JH,51.511464335082400,-0.129042028825345
Peafowl and Coati,E17 7AB,51.581825987799500,-0.033617963151489
Goose and Condor,E1 5LH,51.519119952328000,-0.068751776764944
Mockingbird and Tit-tyrant,EN4 8QE,51.643087741876400,-0.150685129567087
Cuscus and Chipmunk,E1 0QG,51.514779270918300,-0.046653383361176
Myna and Civet,W1T 4RG,51.520440766820500,-0.135938982910103
Snipe and Fish eagle,EC4V 5EX,51.512926016349300,-0.102740000000000
Boto and Recurvebill,W2 5BS,51.516480114565100,-0.196073228539446
Grouse and Duck,NW7 1LJ,51.605938000000000,-0.211286949093368
Moluccan boobook and Guillemot,E11 9GB,51.564033000000000,0.008840000000000
Coati and Treepie,EC1V 0AY,51.524111000000000,-0.100082000000000
Triller and Masked owl,EN5 4AU,51.652292259472900,-0.206689127143800
Black cockatoo and Grackle,WC2H 9DX,51.515421774347200,-0.126271164319249
Tahr and Grosbeak,NW10 5AJ,51.534912521657700,-0.231968228202879
Herring gull and Bronzewing pigeon,SE17 2FY,51.488830000000000,-0.086035000000000
Herring gull and Linsang,EC1Y 1AT,51.523397895073800,-0.086705305896600
Marsh harrier and Quetzal,N16 6DX,51.573710000000000,-0.065717000000000
Puffleg and Viscacha,N1 7AT,51.536636467926100,-0.090663490311185
Hawaiian honeycreeper and Stint,E3 9EP,51.530231000000000,-0.028880000000000
Condor and Hawk,W2 5HL,51.516145789919100,-0.188966485227461
Darwin's finches and Capuchin,NW5 4LB,51.550538000000000,-0.157447491927492
Marsh harrier and Mockingbird,N14 4DB,51.639146191136600,-0.135150682685039
Marsh harrier and Argus,NW1 0ND,51.538326973491100,-0.141406000000000
Treepie and Mockingbird,SW1A 1JG,51.507698596798500,-0.139917556595929
B and Stint,E1W 9NJ,51.519019000000000,-0.058106000000000
Magpie and Chipmunk,W1G 9ND,51.518757391754300,-0.146039704480194
Argus and Mink,SE1P 5QU,51.492760984014900,-0.080151672390443
Jay and Myna,SE1 2LF,51.503424205128800,-0.075640177831769
Pheasant and Pitohui,W1T 1QW,51.517427329384800,-0.132487503298339
Stint and Gull,WC2R 0RH,51.508276000000000,-0.126372282177439
Kākāriki and Night heron,IG8 8PN,51.599218044841700,0.040110656118836
Rabbit and Fish eagle,N15 5LS,51.581841412693400,-0.079069656187567
Warbler and Magpie,N1 9RJ,51.534492433221800,-0.119374562181393
Moluccan boobook and Booted eagles,SW1P 4WY,51.492728678911000,-0.125962933088262
Old World quail and Wallaby,NW1 0TS,51.541445611356400,-0.136651000000000
Perching duck and Hawaiian honeycreeper,W1K 5QF,51.513246937720400,-0.147301107050127
Civet and Old World warbler,NW1 9XN,51.543842634895700,-0.128810278367255
Badger and Thrasher,N10 1JW,51.605321973330100,-0.157509000000000
Elephant and Snipe,E14 6AS,51.513835311912400,-0.018791309119069
Peafowl and Guillemot,SW1X 7SH,51.501048437037700,-0.150994476055329
Boto and Triller,SW1X 0JA,51.497481530760900,-0.159768641970605
Solitaire and Marsh harrier,E10 6AZ,51.574595780442900,-0.008544719733664
Wader and Tree warbler,NW2 4JX,51.553319569647900,-0.225989660119734
Egret and Lemming,NW10 2JD,51.547932000000000,-0.241358000000000
Chipmunk and Philippine hawk-owl,E8 3DT,51.545483000000000,-0.073976609742184
Puffleg and New World blackbird,NW1 8HG,51.544434582935600,-0.150260198552238
Moluccan boobook and Myna,SE1P 5TS,51.492760984014900,-0.080151672390443
Grosbeak and Marmoset,W1S 1LH,51.513841995568400,-0.146830184748307
New World blackbird and Grosbeak,E11 1EZ,51.571555791161200,0.000471503589602
Siskin and Grackle,W1S 3RQ,51.510871114488300,-0.141503281531122
Rat and Peafowl,EN3 7QN,51.649964092403900,-0.025697815997679
Hawk and Pratincole,EN5 9QU,51.643012410300000,-0.171038274600000
Tahr and Moluccan boobook,N1 2XF,51.540017923414500,-0.102317998374166
Coati and Skunk,NW3 1SS,51.556972587817600,-0.170495891990490
Parrotlet and Vulture,E4 9HA,51.613058642508700,-0.003351731165144
Ground sloth and Grosbeak,E7 9HT,51.542954175858100,0.018094837130703
Logrunners and Macaw,IG10 4LN,51.645589696375300,0.053423000000000
Vole and Pitohui,SW7 2NB,51.494069814051700,-0.173923017445858
Wallaby and Rat,W1T 6NL,51.522535400097500,-0.140999594356844
River dolphin and Scimitar babbler,N17 0NJ,51.600122008081900,-0.060956258986858
Boto and Towhee,E17 6PF,51.583942000000000,-0.028864000000000
Mink and Hawk,W1S 1YU,51.513831850672800,-0.141642199207174
Francolin and Buzzard,EN2 7LD,51.649505669653100,-0.111539305570941
Fox and Myna,W10 5NA,51.518615880045300,-0.210460115856661
Recurvebill and Hawaiian honeycreeper,N10 3QR,51.589829999844900,-0.144100385374292
Ice seal and Civet,WC2E 7JT,51.510519718557300,-0.123950341611103
Goose and Elephant,W1W 8DA,51.516837147601900,-0.137786867667582
Rat and Old World warbler,N13 6JU,51.611376420900700,-0.109208108162227
Civet and Hawaiian honeycreeper,N7 9QA,51.545945344853200,-0.125334749292749
Egret and Snipe,E3 2ZP,51.531802000000000,-0.023362000000000
Parakeet and Masked owl,NW1W 9SN,51.530783041088500,-0.135430048905449
Parrotlet and Armadillo,N18 2XW,51.613042533480600,-0.065215441064511
Prion and Bronzewing pigeon,NW6 1UP,51.552757209158600,-0.193845119747863
Dorcopsis and Scimitar babbler,E17 5QH,51.596328097141900,-0.040976136961814
Cuscus and Masked owl,N1 1EB,51.542645500944900,-0.114697608021411
Vulture and River dolphin,W11 2EF,51.515306255617300,-0.206900212120498
Greenbul and Puffleg,NW10 5BH,51.530468858542100,-0.221759914673728
Kangaroo and Snipe,WC2A 3LJ,51.515539671730500,-0.118469004397823
Rat and Old World warbler,N1 5JB,51.533503873058200,-0.082749031960958
Capuchin and Argus,EN4 8DJ,51.640013859734700,-0.163511000000000
Duck and White ibis,E13 8QD,51.524140749905300,0.028564857607547
Bronzewing pigeon and Meadowlark,SE7 8BZ,51.488584033973400,0.048708278681980
Old World warbler and Old World warbler,W1F 0JF,51.513109299827500,-0.135777098312626
Linsang and Bronzewing pigeon,E10 5LF,51.559453664828500,-0.012730000000000
Logrunners and Elephant,EN2 8QS,51.658317074909400,-0.099765560460732
Myna and Badger,E14 7TJ,51.514484071873000,-0.032757836354263
Kestrel and Towhee,E11 4AS,51.568015888920600,0.003447334023489
Hawaiian honeycreeper and Minke whale,EN2 8PJ,51.658683230792200,-0.097942963045535
Asiatic leopard and Rabbit,EN1 9GX,51.651918000000000,-0.077079000000000
Pheasant and Partridge,W1K 1QN,51.504126285509600,-0.148867020684885
Bunting and Fish eagle,SE1 8BZ,51.499688000000000,-0.103911000000000
Goose and Bronzewing pigeon,W2 4DQ,51.514483334253000,-0.189623327515543
Ground sloth and Marmoset,N9 0NR,51.623073000000000,-0.061553000000000
Towhee and Philippine hawk-owl,N21 1LR,51.638200735753600,-0.108092574519425
Mamo and Wallaby,N4 2HQ,51.565067345365000,-0.099312935314005
River dolphin and Myna,NW4 1QD,51.590403958742000,-0.221831337215054
Guillemot and Mole,EC1V 9PE,51.526887206707300,-0.086717612350817
Armadillo and Vulture,NW3 9NT,51.554291356224900,-0.173863515328332
Vulture and Triller,N6 6DS,51.565963619715800,-0.148273000000000
Egret and Masked owl,NW1 8TL,51.544536823908700,-0.144775724830715
Mamo and Prion,SW7 3JE,51.493529000000000,-0.174910000000000
Fox and Warbler,W1B 5PZ,51.512980495871900,-0.139558289710616
Viscacha and Fulmarine petrel,N9 9NA,51.622461067718800,-0.073078366754802
Lemming and Tree warbler,W1S 3PJ,51.511229380226600,-0.140278143666094
Solitaire and Pheasant,W11 2BT,51.515048741123700,-0.202413627668513
Wader and Stilt,E11 3BH,51.568074494095200,0.015253379142875
Elephant and Piping shrike,E17 8PW,51.578085229702400,-0.027732111589081
Philippine hawk-owl and Black jay,E17 8LF,51.573794841331900,-0.023934770204761
Pheasant and Duck,IG9 5TB,51.626867031906800,0.029922192162641
Piping shrike and Kite,WC2B 5LR,51.516412170151100,-0.122583000000000
Marmoset and Meadowlark,N3 3SE,51.596130088576600,-0.202809244420623
Gull and Stint,N21 3NB,51.633429587576600,-0.100531364386138
Prion and Duck,N20 8XQ,51.629860249051700,-0.173676793855769
Maya and Zebra,E13 8EB,51.523042372229300,0.022389475063131
Greenbul and Tree warbler,SE1 1JW,51.501930634737800,-0.095975949570969
Kestrel and B,E15 2JL,51.537899412173300,-0.004984655303268
Skunk and Booted eagles,EC1V 4NN,51.530418515530800,-0.105384456225868
Kite and Meadowlark,W9 1JD,51.528999722401400,-0.187461689721632
Hawaiian honeycreeper and Parrotlet,SE1 3EG,51.496897227309400,-0.076837147762044
Quetzal and Rabbit,N2 0WX,51.590765225112200,-0.167564963175549
Magpie and Masked owl,W1T 3EG,51.518063647229100,-0.136309897991475
Prion and Vulture,W1K 4HG,51.512925231254800,-0.146290912955445
Macaw and Jerboa,N1 5DP,51.535119661436300,-0.080374086319821
Kangaroo and Magpie,W1T 5ES,51.523965432680300,-0.139312411401885
Songlark and Scimitar babbler,SE16 4LJ,51.501541562084400,-0.051484415070144
Elephant and Boto,WC1H 0BS,51.526888837815600,-0.130788561494276
Old World quail and Zebra,N10 1BY,51.592148174315400,-0.143413984040048
Triller and Francolin,SW1X 7BY,51.499874707118000,-0.150696193248092
Bunting and Hawk,E4 6NX,51.617884483581500,-0.000525290017306
Jay and Black cockatoo,W1D 7AP,51.511434963793700,-0.133971958714516
Mockingbird and Tattler,E1 6QL,51.520227000000000,-0.072006000000000
Pratincole and Goose,W12 8AQ,51.505883796882900,-0.219993787819805
Jay and Asiatic leopard,NW4 3PL,51.577291262760900,-0.233614666193747
Logrunners and Asiatic leopard,N9 9NS,51.621566000000000,-0.067757000000000
Grosbeak and Buzzard,WC1B 5JP,51.522481536987400,-0.127437305407077
Vole and Parakeet,N9 7BJ,51.629212265258200,-0.059846053486408
Mink and Linsang,NW4 2HU,51.584356481368700,-0.217968067771437
Jerboa and Guillemot,N14 6JE,51.633930871831600,-0.129065000000000
Magpie and Rat,E15 4HX,51.541097769736500,0.009417706635747
Egret and Magpie,N13 4YB,51.618262000000000,-0.108965000000000
Dorcopsis and Fulmarine petrel,W1J 5AU,51.509102225339100,-0.146215518059506
Meadowlark and Mockingbird,NW8 8HU,51.525120680345300,-0.176803945691292
Kite and B,EC1M 5RJ,51.522747398412900,-0.102447000000000
Egret and Stint,E11 4EE,51.559360638520700,-0.002097915645199
Viscacha and Gull,SE16 7AB,51.492772041901900,-0.039512656833124
Duck and Thrasher,EN4 0DP,51.649543575663200,-0.147791550120536
Cuscus and Buzzard,SE16 7JA,51.500535340171400,-0.051541742691350
Mamo and Greenbul,SW7 4HH,51.495761966057500,-0.185611052818295
Hawaiian honeycreeper and Darwin's finches,SW5 9HY,51.489012157192200,-0.192029000000000
Mink and Old World warbler,EC1V 4LY,51.525602500725800,-0.104517592257147
Mouse and Mamo,IG8 9LB,51.606194000000000,0.016407000000000
Vole and Stint,EN3 4TF,51.642269968795400,-0.033403170040918
Tit-tyrant and Towhee,W1U 3QB,51.517493705966900,-0.154568000000000
Marsh harrier and Linsang,W1U 2AW,51.517563382394100,-0.150152764870210
Grosbeak and Civet,E10 7BN,51.564332539451500,-0.020608090900402
Marsh harrier and Philippine hawk-owl,E4 6DX,51.625900680618600,0.015026461845032
Old World quail and Minke whale,N17 9JF,51.593445108541500,-0.069412291829769
Kākāriki and Booted eagles,N15 5HH,51.582723901952100,-0.080793403185646
Gull and Grouse,NW1 5NU,51.521013783564500,-0.166589577910358
Polecat and Ice seal,NW10 3DS,51.538740465014700,-0.221668251662903
Egret and B,SE1 2RS,51.504244000000000,-0.081686000000000
Jerboa and Masked owl,SE10 1AJ,51.489387600000000,0.018004399999995
Black jay and Argus,W1G 8PH,51.519679028744100,-0.149735517218408
Francolin and Warbler,E4 9JN,51.603379474586300,-0.002635561436420
Bunting and Bronzewing pigeon,SE11 5EQ,51.490072000000000,-0.121678000000000
Polecat and Pheasant,NW1 8LS,51.540023572761600,-0.153957654732109
Peafowl and Myna,E17 5WD,51.585502212132700,-0.018013657321513
Tree warbler and Polecat,EN3 4QR,51.643523970457500,-0.037945132397384
Vole and Ground sloth,EN1 3SL,51.651389016629800,-0.066474155306766
Pitohui and Meadowlark,N19 3QH,51.569411981434900,-0.122291653656711
Siskin and Ground sloth,W1J 0AY,51.509608044773200,-0.138975133349983
Kākāriki and Fox,E14 9BX,51.513197000000000,-0.028302000000000
Ice seal and Mink,NW1W 9XU,51.530783041088500,-0.135430048905449
Partridge and Black cockatoo,E3 4SP,51.524799521004700,-0.033884587856890
Marmoset and Boto,N18 2XX,51.612918542644200,-0.066968407042136
Coati and Old World quail,NW1 0XJ,51.539014843996200,-0.131704880358531
Grosbeak and Dolphin,N10 3AY,51.588868758207400,-0.147575318673743
Herring gull and Ibex,E14 8DL,51.510442904971900,-0.041146399745006
Magpie and Argus,NW2 1LR,51.570961000000000,-0.225231000000000
Eagle and Parrotbill,N17 6HS,51.595391543639500,-0.076779848616036
Boto and Peafowl,WC2N 4HX,51.510504475163400,-0.126735000000000
Moluccan boobook and Stint,N4 3BW,51.567533644852900,-0.118429861010276
Dorcopsis and Zebra,W1U 5NH,51.521535768078800,-0.152860310372923
Pitohui and Marsh harrier,E10 6JE,51.570463434727200,-0.006676210770685
Flameback and Old World vulture,W1W 6PA,51.519063168042000,-0.142063473664146
Fish eagle and New World blackbird,SW3 2LS,51.493558361348400,-0.163628923687674
Asiatic leopard and Black jay,W12 8NR,51.506073665124700,-0.231355578324243
Kākāriki and Elephant,E98 1PP,51.508023187390400,-0.064393533930118
Masked owl and Bunting,N10 1EA,51.597223000000000,-0.145204032283129
Crow and Perching duck,NW1W 9SB,51.530783041088500,-0.135430048905449
Vulture and Kestrel,N2 0RP,51.582581310511500,-0.172700709212112
Mamo and Thicketbird,SE17 1JQ,51.491436897100000,-0.098141898500000
Magpie and Mouse,W1T 4NG,51.519045650015700,-0.136990504297708
Tahr and Capuchin,W1T 1EJ,51.517809000000000,-0.135456000000000
Treepie and Duck,E14 0RZ,51.514785000000000,-0.012149000000000
Cloud rat and Grouse,W1H 4LD,51.518016441386500,-0.166407261738209
Parakeet and Pheasant,EC1V 8DB,51.527960797822800,-0.098883000000000
Logrunners and Lemming,N1P 2NZ,51.538645000000000,-0.103543000000000
Goose and Triller,E7 0HZ,51.551100970950500,0.022825950505697
Petrel and Towhee,E3 5AX,51.526284000000000,-0.035499636884739
Bunting and Kite,NW1 2DX,51.527870150592700,-0.130387888421477
Hawaiian honeycreeper and Gull,W12 7AQ,51.513791047399000,-0.235063236116254
Mamo and Kākāriki,W6 7JG,51.493750381270800,-0.218636925889040
Egret and Chipmunk,N16 7TS,51.554616175230900,-0.069455676610967
Towhee and Marsh harrier,E1W 2NG,51.505892384513900,-0.063331048064158
Parakeet and Kangaroo,SE1 5BS,51.491497280766800,-0.064546203300114
Tit-tyrant and Jay,SW7 1PT,51.501380663732800,-0.173199000000000
Fulmarine petrel and Asiatic leopard,W6 0EA,51.493288086720600,-0.225512008355932
Jay and Lemming,N10 1ER,51.599132258864700,-0.146637889553021
Puffleg and Minke whale,EC1Y 4SA,51.520773550314500,-0.090706000000000
Lemming and Scimitar babbler,SW3 2QW,51.494108710153000,-0.162022151527558
Magpie and B,N21 2HY,51.634025666600200,-0.087949062177712
Jackal and American sparrow,E2 6LS,51.528504284099600,-0.062835000000000
Grouse and Darwin's finches,EC2A 3QB,51.526108659837600,-0.081445085841869
Herring gull and Wallaby,SE1 3QX,51.503076620175900,-0.084069641277383
Badger and Capuchin,N17 0JR,51.602249553487700,-0.062542000000000
Polecat and Partridge,E5 0JQ,51.553848739755700,-0.038907091264214
New World blackbird and Chickadee,NW5 1QP,51.557489523773300,-0.149557461370053
Egret and Jerboa,E9 6AL,51.547370722699100,-0.040858739037284
Parakeet and Parrotlet,WC2H 9QL,51.513334140857100,-0.124355000000000
Piping shrike and Night heron,E14 5EU,51.503756000000000,-0.015092387566502
Macaw and Jerboa,N7 6HL,51.557719956383600,-0.119931303622838
Maya and Myna,N15 4SJ,51.585778000000000,-0.076096820774432
Marmoset and Francolin,SW7 2RH,51.499083957922900,-0.179471205909684
Recurvebill and Moluccan boobook,N22 9HW,51.598606128900000,-0.119687183400000
Civet and Kestrel,W1W 7RJ,51.517924621715500,-0.140581974448163
Mouse and Greenbul,E17 9PD,51.579582294704300,-0.016250590297977
Kangaroo and Treepie,WC1H 9SH,51.525446217299500,-0.126695793449955
Old World quail and Solitaire,NW3 2AB,51.551782103727100,-0.165194109930142
Buzzard and Snipe,E11 1DY,51.570183625861900,-0.003441631764520
Chipmunk and Jay,N1 7BG,51.536042264633700,-0.090068325693012
Mouse and Stint,W12 0SX,51.510618131594500,-0.245345634132708
Shearwater and Grosbeak,N7 8HY,51.547835058456800,-0.116992689636767
Prion and Jackal,N17 8ES,51.607231000000000,-0.069882000000000
Jay and Chickadee,EC1V 0AR,51.525839866631600,-0.100846048867460
Tit-tyrant and Chipmunk,EC2A 4BQ,51.525891051289000,-0.085188012942551
Night heron and Dorcopsis,N14 5LL,51.636988592956300,-0.141424331065484
Wader and Old World vulture,NW6 1TP,51.550038581021800,-0.196577883227353
Kangaroo and Puffleg,WC1N 3NF,51.521950827493700,-0.118997577613145
Grouse and Bronzewing pigeon,EC1N 2QX,51.518068423821700,-0.108520295607307
Vulture and Jay,E1 7QX,51.515983077293300,-0.070484312731594
Polecat and Thrasher,W1H 7QE,51.515764322974100,-0.159262482426489
Flameback and Ibex,NW1 7ST,51.537600925265800,-0.153724029545721
Macaw and Hawk,NW8 7AG,51.532440596425400,-0.168725757927883
Tree warbler and Cuscus,E17 8NL,51.575959980771100,-0.016350594626069
Egret and Vole,N17 0FA,51.599391000000000,-0.067283000000000
Badger and Wader,E15 3EQ,51.534232053685100,0.011768403933257
Jackal and Stilt,W1D 6LL,51.512203368458000,-0.131966153289448
Peafowl and Egret,W1G 8BJ,51.520357000000000,-0.148195000000000
Maya and Shearwater,N4 3DJ,51.570179000581600,-0.116285993023900
Snipe and Towhee,N12 8XA,51.618174170154100,-0.180070000000000
Cloud rat and Quetzal,N15 3BA,51.582950498630000,-0.093038486988582
Boto and Myna,W1K 6ED,51.511801451804100,-0.154291713347084
Fulmarine petrel and Tattler,E17 8YT,51.585502212132700,-0.018013657321513
Nukupuʻu and Pheasant,NW11 9DY,51.574845000000000,-0.212120000000000
Coati and Gull,SE1 3UL,51.497648754581700,-0.082092965358723
American sparrow and Chipmunk,WC2H 8JL,51.515390659445600,-0.126575108720055
Magpie and Kite,EN4 8JB,51.642462408882800,-0.162403023272330
Puffleg and Meadowlark,EC4M 9BE,51.513796000000000,-0.094511731065696
Triller and Mouse,SE16 2PG,51.489567368344100,-0.047399890766253
Old World warbler and Magpie,W1T 2SG,51.520368701741200,-0.135365353699523
Elephant and Treepie,W11 3NL,51.510068408488500,-0.200750654428461
Philippine hawk-owl and Chicken,N18 2SS,51.609672000000000,-0.065871425479928
Moluccan boobook and Treepie,NW3 2AF,51.551449335965300,-0.164616112361059
Ice seal and White ibis,SE1 4LR,51.499301915421700,-0.088060406480983
Grackle and Lemming,E1 4RR,51.519231677209000,-0.037021633957288
Dorcopsis and Puffleg,SE1 7XQ,51.493911242691400,-0.120479000000000
Quetzal and Mouse,N10 2AR,51.595073864481700,-0.135671449480689
Mole and Diving bird,NW6 3HU,51.544639175196900,-0.180595608699113
Black jay and Guillemot,EN5 5AX,51.651646836507300,-0.190408443643557
Old World vulture and Songlark,N21 1NB,51.642820137796900,-0.110585000000000
Towhee and B,WC2H 9BE,51.513957183595000,-0.126345676710827
Marsh harrier and Hawk,N14 5SA,51.633321212396900,-0.139247785553272
Kestrel and Gull,N7 9TB,51.552159464523800,-0.117492064454414
Fish eagle and Bronzewing pigeon,E11 2LB,51.576577615099200,0.037512000000000
Shearwater and Grouse,E16 1QL,51.516443000000000,0.017715000000000
Rabbit and Cloud rat,SW7 4LX,51.492795439232100,-0.186838062182764
Treepie and Warbler,SE1 1SG,51.503839713532700,-0.095031823787495
Eagle and Wallaby,NW8 8AF,51.522830041335600,-0.167150891190897
Macaw and Hawk,W2 2RR,51.516282270651100,-0.169373906551201
Maya and Bronzewing pigeon,SE16 4PW,51.498677932952700,-0.062642770695566
Greenbul and Fox,NW7 1BZ,51.612746231500000,-0.206253000000000
Snipe and Flameback,EN2 8PL,51.659349289851900,-0.098653000000000
Jay and Chipmunk,NW6 3NR,51.546110765915800,-0.188526886098669
Tahr and Parrotlet,SW1X 8NJ,51.494748369205900,-0.155225524747120
Black jay and Chicken,E13 8BJ,51.520804000000000,0.019825000000000
Tit-tyrant and Puffleg,E2 8BE,51.533059525382700,-0.077577074850550
Vole and Magpie,NW6 3QX,51.545929259054300,-0.180284546242975
Songlark and Towhee,NW1 8AN,51.543333659534800,-0.149900000000000
Darwin's finches and Darwin's finches,W1S 3JN,51.511104251394800,-0.140326473474949
Jay and Thicketbird,E17 6RR,51.586068487880700,-0.024932397439835
Black jay and Meadowlark,NW6 4HA,51.543446324336600,-0.178479961174749
B and Bronzewing pigeon,W1T 2PT,51.519448168424200,-0.135157913870292
Triller and Black cockatoo,E5 5FN,51.559980000000000,-0.057531000000000
Francolin and Stint,E1 3NS,51.515923146645200,-0.051086904981687
Argus and Tree warbler,NW1 1DN,51.532765043529300,-0.131138942163434
Rabbit and Boto,N19 3LA,51.571358805979400,-0.133279581829978
Chipmunk and Mamo,N18 2AL,51.611443580384800,-0.062048137370706
Triller and Old World quail,EC1N 7UN,51.520668524499700,-0.110272027390192
Chicken and Towhee,N6 5UQ,51.579771964261400,-0.145739000000000
Ground sloth and Badger,SE16 4XE,51.498338685164800,-0.067152288061688
Perching duck and Warbler,E11 4BS,51.563391133203400,-0.001675965998796
B and Philippine hawk-owl,NW4 3TS,51.576872355092800,-0.228493114081698
Black cockatoo and B,W1T 7RQ,51.516953000000000,-0.130273000000000
Fish eagle and Linsang,E8 4DR,51.540442000000000,-0.076905000000000
Jackal and Dorcopsis,W1T 7PX,51.519976000000000,-0.133209686199172
Chipmunk and Recurvebill,W1D 1BB,51.516471532697600,-0.132324815001221
Argus and Jackal,W1T 5HG,51.523219080887900,-0.139314004515455
Pitohui and Grackle,W11 2NJ,51.511795626077700,-0.207254231308122
Fulmarine petrel and Hawaiian honeycreeper,W2 4AQ,51.511025633043200,-0.188160753465837
Pratincole and Civet,EN4 9DP,51.655859628975700,-0.161745512542353
Egret and Parrotlet,E2 6ET,51.524490826999600,-0.066708152375971
Maya and Grackle,NW1W 7RT,51.530784525000000,-0.135430053900000
Boto and Prion,N20 9LD,51.632740194800000,-0.176046556900000
Petrel and Dorcopsis,N2 0DS,51.586882092286000,-0.180380946153116
Guillemot and Flameback,SE1P 4JQ,51.492762000000000,-0.080152000000000
Nukupuʻu and Fish eagle,E3 5LR,51.532138815185900,-0.032890710692364
Badger and Snipe,NW1 9PE,51.541847615737800,-0.139522000000000
Flameback and Wallaby,W1A 4XA,51.524565000000000,-0.112042000000000
Guillemot and Parakeet,N17 0TD,51.606342969828500,-0.064113882437421
Fox and Magpie,NW3 1LP,51.558456462836300,-0.175701934718724
Dorcopsis and Ground sloth,E1 8ZZ,51.513727000000000,-0.068161000000000
Siskin and Armadillo,EC1N 8JG,51.521777843092300,-0.108799040811894
Condor and Flameback,W8 5TT,51.501450584034600,-0.191152000000000
Lemming and Fish eagle,W6 7HL,51.499953333900200,-0.226823578059002
Francolin and Lemming,N9 8QD,51.633274111139200,-0.042346879140967
Fulmarine petrel and Chipmunk,N3 1LZ,51.606395000000000,-0.187292004447618
Goose and Lemming,N1P 1YG,51.538645000000000,-0.103543000000000
Francolin and Lemming,W8 5EP,51.500772755748000,-0.189230177247486
Skunk and Condor,W1K 7QL,51.510799613780000,-0.155773327894712
Parakeet and Mamo,W1F 7DA,51.513210340335900,-0.138741851698012
New World blackbird and Kākāriki,W9 2QU,51.524195506841600,-0.191977085805896
Civet and Vole,E4 6TY,51.626890432195600,-0.006602169908685
Pratincole and Ibex,E3 2QH,51.532244903550600,-0.023153816266095
Boto and Pitohui,WC1H 8HW,51.528091296493700,-0.122276613921459
Towhee and Parrotlet,SW1A 1BW,51.504193321438500,-0.140031482160893
Rabbit and Kangaroo,NW8 8RX,51.525009402357500,-0.170811462636806
Old World warbler and Capuchin,N14 6HR,51.637015384696900,-0.120512230448399
Pheasant and Jerboa,SW1P 2EZ,51.496679708266400,-0.132370394682660
Magpie and Tit-tyrant,W1J 7RX,51.505371685919200,-0.149147967803087
Grouse and Parakeet,E13 8EZ,51.522117439913100,0.016568020624873
Gull and Tahr,N22 5QH,51.603374274938000,-0.097034956999121
Prion and Myna,SW7 3LS,51.492632335783700,-0.174585489236327
Mockingbird and Rat,EC2A 4UX,51.525703651815200,-0.083624522589823
Grackle and Parrotbill,NW4 3LY,51.580356657571500,-0.226394718861561
Pheasant and Rabbit,NW2 1BY,51.567869836313100,-0.221873777625716
Piping shrike and Guillemot,E16 1RH,51.507459332170700,0.038415551535838
Asiatic leopard and Thrasher,W1U 7DA,51.518946393052600,-0.155746942637926
Black cockatoo and Argus,EN1 2AT,51.648270894886200,-0.077563708879488
Coati and Linsang,NW3 4EH,51.545867791327000,-0.174013306188444
Kangaroo and American sparrow,E15 1AT,51.539724645852400,-0.001419000000000
Grosbeak and Chickadee,E16 4DT,51.517964430296200,0.014381044700667
Badger and Bunting,W1J 6EH,51.510472643439200,-0.145871666523225
Old World vulture and Piping shrike,NW7 2HA,51.613518715079500,-0.216205079344468
Tree warbler and Dorcopsis,E1 4JJ,51.523840013465500,-0.050748887763977
Treepie and Guillemot,N6 5AJ,51.576924141527100,-0.137179163784827
Quetzal and Bunting,NW11 8PR,51.571094201728200,-0.207433206953115
Minke whale and Buzzard,E4 0BE,51.633250000000000,0.008156000000000
Guillemot and Armadillo,SE1 8JP,51.500088912152000,-0.106080647691374
Argus and Nukupuʻu,NW5 2JY,51.547006939687200,-0.138920588032784
Vulture and Dorcopsis,E7 8PT,51.539099544529800,0.035603874657339
Songlark and Grouse,W1F 7DN,51.513572704267100,-0.139476512778086
Condor and Armadillo,W2 1SZ,51.522073874047000,-0.177487810446865
Black cockatoo and Skunk,N20 0TL,51.629787084118500,-0.161499296889019
Stint and Pheasant,NW4 2EN,51.587338801357300,-0.220132161248845
Kākāriki and White ibis,WC2B 6EY,51.516035000000000,-0.119025000000000
Wader and Hawk,EN4 8PJ,51.632767617828100,-0.152593252189803
Siskin and Grouse,NW1 0JL,51.535879403279600,-0.139244741540710
Pratincole and Nukupuʻu,E4 7LP,51.632829828814700,-0.011630535313753
Chicken and Thicketbird,N20 8HU,51.624913652218200,-0.191631214091232
Grouse and Old World vulture,SE1P 5SU,51.492760984014900,-0.080151672390443
Booted eagles and Chickadee,E1 5LQ,51.518575106674600,-0.068976619320879
Dorcopsis and Mamo,N14 4BA,51.646748292425400,-0.134809831525848
Songlark and Pitohui,SW1W 0AE,51.498403924955400,-0.146865812247978
Hawaiian honeycreeper and B,N3 1XQ,51.603369568366900,-0.191144324226546
Logrunners and New World blackbird,SE16 4PR,51.498749684937100,-0.063720298307376
Pratincole and Kangaroo,E14 0TP,51.513438000000000,0.006844000000000
Mockingbird and Thicketbird,WC1A 1NJ,51.517484544091400,-0.126489190473524
Argus and Snipe,SE1 9AD,51.505646304109000,-0.091656649825325
Fox and Duck,W11 2AB,51.514120433573500,-0.198760647742185
Peafowl and Fox,W8 5LE,51.498275421067600,-0.192311449622916
Elephant and Thrasher,NW8 0RF,51.537345734904500,-0.184621140165574
Puffleg and Linsang,NW5 9LN,51.550839000000000,-0.146700000000000
Badger and Jay,W1K 7FW,51.512170203483500,-0.156582676201427
Masked owl and Peafowl,N17 7HT,51.603158861734500,-0.090415730732716
Magpie and Chickadee,N1 1UN,51.538431000000000,-0.104622000000000
Jackal and Black jay,SW1X 9HB,51.500420734660300,-0.157964519149133
Tree warbler and Argus,N4 3EJ,51.569368434322600,-0.110056948242807
Dolphin and River dolphin,N14 5LE,51.637551610842600,-0.140635386635363
Dolphin and Peafowl,NW1 0PA,51.535647000000000,-0.133054000000000
Prion and Eagle,E2 0EH,51.527041696721700,-0.057272595038922
Peafowl and Solitaire,SW1W 9LN,51.494425000000000,-0.147252151046917
Treepie and Old World vulture,N22 6SB,51.593547117869300,-0.100463158503867
Pratincole and Rat,NW10 5SG,51.532138676100300,-0.222170636077354
Bunting and Vole,EC3V 3DG,51.513574266714700,-0.087697000000000
Fish eagle and Macaw,N12 9TA,51.616675623104400,-0.174711691459910
Boto and Ground sloth,EN5 2AA,51.642078083205700,-0.240636911307476
Marsh harrier and White ibis,W1D 7HD,51.510886495689800,-0.134832000000000
Peafowl and Fish eagle,NW4 4RS,51.586369224690900,-0.232136685860280
Perching duck and Siskin,W9 3PU,51.525343126524200,-0.205222952019536
Parrotbill and Herring gull,WC1N 1EP,51.522932281587800,-0.121321216370272
Rabbit and Black jay,NW6 7XH,51.545212367091100,-0.203200937263066
Night heron and Elephant,EN1 2LH,51.643033136498500,-0.077857533055647
Kākāriki and Parakeet,E14 8DE,51.509314558511800,-0.030689185830829
Thicketbird and Prion,W8 7BG,51.500928630555700,-0.196428025630616
B and Capuchin,E10 6QL,51.562479189311400,-0.007804508310057
Jerboa and Mockingbird,E14 5BF,51.502616972361500,-0.016929271246027
Pratincole and Marmoset,WC1X 8NL,51.520614318874000,-0.118086882921967
Chicken and Darwin's finches,WC2E 8QG,51.510871000000000,-0.123936000000000
Chipmunk and Eagle,EN3 5HU,51.663433036422600,-0.032559183304173
Chicken and Vole,NW8 7QS,51.536820118301600,-0.160691384480220
B and Zebra,EN1 1DX,51.646315000000000,-0.054837000000000
Cuscus and Elephant,NW9 5XA,51.602505545560800,-0.244997124705432
Pitohui and Old World vulture,N3 2DH,51.603322157276000,-0.188070388858877
Cuscus and Logrunners,E17 9NJ,51.582550570716700,-0.013104563025472
Dorcopsis and Mamo,SW7 4RA,51.497952924381900,-0.184241813403994
Meadowlark and New World blackbird,E16 2EE,51.502248663738100,0.041412000000000
Goose and Condor,E10 7AP,51.567650750655300,-0.019006590860829
Marmoset and Goose,W1T 3NG,51.517732000000000,-0.137419000000000
Meadowlark and Kite,N22 8PJ,51.604475668283400,-0.120744323683296
Shearwater and Rabbit,E14 3BX,51.490631988456500,-0.008042851269359
Dorcopsis and Eagle,NW5 9QQ,51.550839000000000,-0.146700000000000
Rat and Rat,N12 2EW,51.616854000000000,-0.180703000000000
Boto and Wader,N22 8HT,51.601791132062700,-0.113158578819605
Maya and Bunting,W1W 7SR,51.517441225663100,-0.141855623843989
Chicken and Old World warbler,NW1W 8PW,51.530786000000000,-0.135404000000000
Masked owl and Tattler,N9 7DT,51.640223539438200,-0.048724623559707
Macaw and Masked owl,E12 6RW,51.547113211933600,0.049995232287015
Civet and Jay,N17 6HN,51.594854261347800,-0.076369405133748
Guillemot and Jerboa,NW9 5FH,51.599929703160300,-0.245327458573494
Maya and Kite,NW1W 7ZB,51.530786000000000,-0.135404000000000
Shearwater and Old World vulture,W11 1AL,51.519628162642200,-0.204323343831762
Philippine hawk-owl and Bronzewing pigeon,W6 0HE,51.496906809728300,-0.234101946946278
Asiatic leopard and Old World quail,SW3 1RH,51.498193286242200,-0.162722274183627
Stint and Black jay,E16 1PU,51.517329896005400,0.014151255951464
Vole and Elephant,EN3 7LA,51.656112587783100,-0.039512261115358
Maya and Fulmarine petrel,W12 8JP,51.504216057324300,-0.232205589767972
Jackal and Dorcopsis,IG9 5EX,51.625832279158100,0.046014483587385
Parrotbill and Vulture,E11 1JZ,51.571561959175400,-0.002823000000000
Booted eagles and Kākāriki,N16 8PQ,51.553205161634100,-0.083767112728378
Solitaire and Civet,NW4 4HT,51.584619669116100,-0.234788359931835
Vulture and Condor,EC2A 4EA,51.524381335839500,-0.085379000000000
Duck and American sparrow,W1G 0QE,51.517066700999900,-0.143759000576104
Grosbeak and Scimitar babbler,NW3 6RP,51.559983299587600,-0.180214113921478
Masked owl and Cuscus,N21 3NS,51.632533759409200,-0.100742188581837
Black cockatoo and Snipe,N3 2EB,51.605152000000000,-0.182499832951004
Treepie and Ground sloth,SE16 9FU,51.492763000000000,-0.080126000000000
Shearwater and Parrotlet,SE16 6BZ,51.502836603794600,-0.043388992515878
Vulture and Magpie,WC2B 5BD,51.515780553211600,-0.121154285652127
Jackal and Prion,N3 3SS,51.596741354548400,-0.206322511076178
Vole and B,N17 6HH,51.595572677584000,-0.077956130708002
Marmoset and Kangaroo,E10 6AU,51.575546708908300,-0.011591600228280
Tattler and Marmoset,N14 5QQ,51.636771374375800,-0.132834751845571
Zebra and Moluccan boobook,W1U 8BA,51.517664491156800,-0.158292243164014
Mole and Siskin,E18 2FF,51.597124368170000,0.024509358630493
Eagle and Stint,N14 5AJ,51.631899633176300,-0.131271958787132
Solitaire and Badger,N19 3RL,51.569033106425600,-0.129536549522826
Armadillo and Snipe,N1 3DZ,51.538808435736800,-0.089851578131688
Francolin and Hawk,W14 9AP,51.491965145593000,-0.208291563083827
Ibex and Hawk,E13 0NA,51.534035998356700,0.022646035600205
Stilt and Parakeet,IG8 7RL,51.615055129359400,0.041080795320733
Grackle and Capuchin,NW9 5QW,51.600667000000000,-0.238575172214472
Wallaby and Polecat,E11 4GP,51.552691033440100,0.005110708068669
Peafowl and American sparrow,E10 7FG,51.572135391171600,-0.012923868167356
River dolphin and Piping shrike,NW3 5DE,51.550326376268500,-0.173906904529250
Gull and Towhee,E13 9DW,51.532193000000000,0.039922000000000
Ice seal and Meadowlark,SW1V 2TB,51.489786000000000,-0.132537000000000
Wallaby and Diving bird,WC1N 2PN,51.523096600745000,-0.116427704674260
B and Peafowl,E18 2QN,51.592831590141800,0.022022957521912
Shearwater and Black jay,SE10 0QR,51.492442499933800,0.013370977917286
Marmoset and Zebra,N9 9QB,51.627484758417900,-0.065236762978229
Mole and Booted eagles,W1K 7FZ,51.512320192285500,-0.155827212223294
Vulture and Old World warbler,NW3 2QP,51.552742392528800,-0.159904958137259
Hawk and Peafowl,NW8 7BX,51.533743188815000,-0.166914428906941
Old World quail and Nukupuʻu,W1F 8JG,51.514176595287700,-0.136165894363880
Egret and Snipe,EN1 1QS,51.649362329035700,-0.065721987607367
Chicken and Songlark,W1U 6QS,51.519646000000000,-0.156153562252476
Thicketbird and Wallaby,N13 6DU,51.610598694285600,-0.101137939039795
Black jay and Chickadee,NW8 8UQ,51.525186164956300,-0.167157192483631
Tree warbler and Pratincole,NW3 5PS,51.553485261777300,-0.172337931033855
Tattler and Fulmarine petrel,N16 7TL,51.554032894207900,-0.072812563196492
Rabbit and Petrel,EC1V 4JG,51.522662423727800,-0.103991002413452
Vole and River dolphin,N14 4NJ,51.642017636054200,-0.132503620875213
Tit-tyrant and Cuscus,N15 6QL,51.576418798007900,-0.081809496962199
Bunting and Old World warbler,E4 8LD,51.615973731976800,-0.022030948968074
Hawk and Grosbeak,N8 9AR,51.577694101074600,-0.117245328670131
Mink and Egret,NW8 8TE,51.525380680733200,-0.165794294324763
Viscacha and Nukupuʻu,EC3R 8BG,51.510379975034500,-0.086357269555003
Marsh harrier and Eagle,SE17 9DN,51.489148836100000,-0.098453184100000
Nukupuʻu and Chicken,NW5 9GN,51.550837000000000,-0.146726000000000
Marmoset and Jackal,E10 5DH,51.569578223699300,-0.010683213551161
Armadillo and Piping shrike,W9 1PQ,51.528478000000000,-0.183893000000000
Chicken and Ibex,W11 2DX,51.513875974170700,-0.203929831659903
Polecat and Wader,N19 5RT,51.561988000000000,-0.134861000000000
Hawaiian honeycreeper and Guillemot,EC1A 1UH,51.524501611318500,-0.112088280168721
Logrunners and Polecat,N11 2NG,51.609571111479500,-0.133503325227513
Fox and Parakeet,WC1N 2BF,51.522761000000000,-0.116161473425866
Greenbul and Cloud rat,N9 0UD,51.624927753132100,-0.057013000000000
Tree warbler and Hawk,N3 1EY,51.606474418915800,-0.196727000000000
Nukupuʻu and Jay,E17 7HR,51.578922231731200,-0.040656725016317
Tattler and Tahr,NW3 2JT,51.555296093022500,-0.153599018302868
Old World vulture and Mink,IG9 6JG,51.615371607845700,0.043565045666895
Wader and Capuchin,E8 3EN,51.542363305181800,-0.062604981577603
Condor and Pitohui,SE1 5TB,51.490121530005300,-0.073837991722837
Recurvebill and Elephant,W12 7DE,51.511877901381200,-0.232226065294303
Marsh harrier and Mink,E14 7UX,51.515526000000000,-0.026099000000000
White ibis and Peafowl,SE18 5LB,51.490038936462700,0.052417989701391
Mole and Masked owl,SE1 8RQ,51.499203000000000,-0.106889809980749
Partridge and Bunting,W1S 2YP,51.511866042445900,-0.141866314919465
Grackle and Zebra,IG9 6AL,51.631773778011200,0.051830640395459
Maya and Pitohui,E10 7DY,51.571376619744000,-0.021846185780312
Chicken and Thicketbird,E13 8EU,51.520977401942200,0.015926650488495
Triller and Magpie,NW6 4RX,51.542683148271300,-0.177976849339433
Pratincole and Parrotbill,NW1 7HG,51.539832555351400,-0.144130655614727
Parakeet and Kestrel,NW7 4SE,51.615719380939800,-0.239273068868939
Quetzal and Marmoset,W12 7DJ,51.513965000000000,-0.235186000000000
Songlark and Mole,SE1 4QA,51.498115921160200,-0.083715793911092
Solitaire and Masked owl,E98 1BU,51.508023187390400,-0.064393533930118
Fish eagle and Linsang,W1J 5PB,51.507351747151700,-0.146978255587007
Mouse and River dolphin,N1 7GF,51.531259754600000,-0.089087000000000
White ibis and Peafowl,N15 6LY,51.576650172930100,-0.072332221015768
River dolphin and Marmoset,NW1 3JN,51.524387630205000,-0.142120649750866
Duck and Hawaiian honeycreeper,N21 2RY,51.633821872246000,-0.095327307008132
B and Goose,NW11 7TJ,51.582148934794900,-0.198828720647514
Fulmarine petrel and Quetzal,NW1W 8HG,51.530783041088500,-0.135430048905449
Philippine hawk-owl and Badger,N1 8TQ,51.538927516514100,-0.093855419899295
Booted eagles and B,EN1 1YY,51.652113664401700,-0.078974000000000
Recurvebill and Old World quail,WC1X 9QQ,51.529168752295000,-0.110972518126432
Cuscus and Armadillo,E16 2EL,51.500489281837000,0.054429189902170
Old World quail and Marsh harrier,N7 9RB,51.554546013900200,-0.118273464479834
Chipmunk and Chickadee,E2 6PF,51.531212842605800,-0.061535721337316
Tahr and Partridge,N18 1EQ,51.609364624658300,-0.080002184787571
Egret and Rat,W1U 1QR,51.515540150491200,-0.152439884359366
New World blackbird and Meadowlark,E6 3SH,51.520640668045200,0.047307003309356
Coati and Fish eagle,E16 2AA,51.504421631960200,0.018553269682146
Herring gull and Grouse,IG4 5JQ,51.581111716132300,0.048609412334965
Solitaire and Fish eagle,W1K 7PD,51.510297000000000,-0.155832144504520
Darwin's finches and Snipe,W1G 8QP,51.518805063435000,-0.147349422660768
Philippine hawk-owl and Kite,NW10 5BR,51.530673996300000,-0.230460095000000
Wallaby and Nukupuʻu,SW7 5LU,51.497990996574000,-0.174529880936341
Mole and Bunting,N15 3DJ,51.588570288628100,-0.099660244829177
Polecat and Petrel,W11 1DP,51.518328337614200,-0.202241264795653
Hawk and Bunting,EN1 1RL,51.647636302730200,-0.061936030123425
Darwin's finches and Hawaiian honeycreeper,SE1 8TE,51.502829000000000,-0.109180000000000
Badger and Old World vulture,NW4 4RH,51.594417369421800,-0.226179129263734
Mole and Guillemot,W1G 0PP,51.516056769271900,-0.143583865624709
Greenbul and Zebra,WC1X 8TU,51.524067344389600,-0.115839857469318
Diving bird and Jerboa,NW2 9RB,51.562151000000000,-0.213498000000000
Francolin and Siskin,SW1Y 4JS,51.507471609383700,-0.134119482516542
Warbler and Parrotbill,E14 0DT,51.508635783250800,-0.019218638277140
Crow and Flameback,SW1P 2NP,51.492125480284700,-0.135509631816256
Coati and Goose,N1 0JH,51.536178653565800,-0.112383780462670
Prion and Viscacha,W1K 2EF,51.509755393849400,-0.152846848925266
Badger and Bunting,E14 7JP,51.510960389088500,-0.031771131026573
Triller and Vole,N16 5AY,51.566467560728200,-0.078173819007392
Hawk and B,SW1W 9SH,51.493100340588600,-0.146519010248349
Warbler and Polecat,NW1 1NW,51.534817588522800,-0.135236344525236
Francolin and Elephant,N1 1DU,51.541241218399300,-0.116846681410258
Mouse and Zebra,E1 8LR,51.509953000000000,-0.070105000000000
Petrel and Masked owl,NW7 2QH,51.603075351715800,-0.236816387377985
Dorcopsis and Zebra,NW1W 9DE,51.530783041088500,-0.135430048905449
Zebra and White ibis,N22 5RT,51.600837023933800,-0.104173235704253
Treepie and White ibis,SE11 6TR,51.490376000000000,-0.113772000000000
Towhee and Zebra,NW6 2DU,51.547085642448800,-0.199867626348214
Buzzard and Old World vulture,N16 9EA,51.555854142793400,-0.089599129678912
Quetzal and Treepie,W1S 3DY,51.509731116267600,-0.138797186992909
Marmoset and Fox,E9 7JP,51.537255686451900,-0.046888026777608
Moluccan boobook and Philippine hawk-owl,E9 5TS,51.543521000000000,-0.023979000000000
Dorcopsis and Eagle,E18 1PZ,51.587870998131700,0.027042940697656
Civet and American sparrow,N9 0DT,51.621117127861700,-0.059729088169421
Jackal and Wader,E1 8AD,51.511388702907700,-0.071081973608860
Siskin and Kangaroo,E14 6PW,51.516893617382700,-0.012460821948421
Dolphin and Piping shrike,N4 2BF,51.565333676112400,-0.100210829578552
Eagle and Old World warbler,W2 6EW,51.516138634438900,-0.185594158580968
Rabbit and Ground sloth,E14 7SY,51.516882863024400,-0.035306538817327
Bronzewing pigeon and Old World quail,EN2 8QB,51.656701603235300,-0.096074157971343
Skunk and Grouse,E1 1DH,51.517338313877100,-0.063148298192342
American sparrow and Eagle,N1C 4AU,51.540383000000000,-0.124929000000000
Lemming and Grouse,N14 5PY,51.636461291090000,-0.131431279355584
Hawaiian honeycreeper and Petrel,N15 6ED,51.577070000000000,-0.087390787772417
Jerboa and Dorcopsis,N1P 1HZ,51.538645000000000,-0.103543000000000
Macaw and Mamo,NW2 7JR,51.569273120927500,-0.238600647074266
Condor and Armadillo,W1J 7RS,51.505447112111000,-0.148799082041235
Francolin and White ibis,E1 5LD,51.518520285543100,-0.070393000000000
Darwin's finches and Parrotbill,W1K 7PY,51.511386925229500,-0.155951369537089
Petrel and Magpie,W1K 2BN,51.508674668405000,-0.151031595213408
Peafowl and Argus,SE17 1QX,51.490821879274600,-0.087507694721794
Mockingbird and Diving bird,N6 6HH,51.564258655271800,-0.148849816868434
Jay and Mamo,EC2P 2SA,51.515948533086100,-0.091456689212464
Scimitar babbler and Snipe,E3 4XE,51.524375044895600,-0.024143400897135
Grouse and Lemming,SW5 9LT,51.492139070699200,-0.193836262470845
Fish eagle and Chickadee,NW1W 7XU,51.530786000000000,-0.135404000000000
Kestrel and Night heron,NW6 1TB,51.551805371515900,-0.193349127327670
Kangaroo and Dorcopsis,NW6 7XP,51.543541554340300,-0.206843283423610
Zebra and Jerboa,N6 5DA,51.575309073143600,-0.137403946676202
Pitohui and New World blackbird,E17 3BJ,51.588908685853100,-0.015252437268564
Partridge and Songlark,SW1E 6SA,51.497660580388300,-0.137502458046980
Egret and Dolphin,N11 1NF,51.616762020789600,-0.143521920778786
Armadillo and Wallaby,SE1 6TJ,51.494745894542300,-0.098767640596248
Badger and Jay,SE16 3FQ,51.495496000000000,-0.073035000000000
Kite and Civet,EN1 1EF,51.643950548270500,-0.065822243165112
Herring gull and Francolin,N14 5LR,51.635427989132200,-0.142817600477283
Old World warbler and Stilt,SE16 4SJ,51.498491978798900,-0.064451596656301
Maya and Argus,E10 5JX,51.563417212886100,-0.015653000000000
Parrotbill and Civet,W8 7NU,51.504159614881200,-0.196603048698792
Chickadee and Hawaiian honeycreeper,E14 8BY,51.509652746109500,-0.034767355930280
Tattler and Old World warbler,EN2 7LS,51.646284192694800,-0.123178766174589
Grackle and Scimitar babbler,EN5 3LJ,51.646876590071900,-0.234423741288612
Marsh harrier and Mouse,N3 2NU,51.607151377842500,-0.184480815587751
Night heron and Marsh harrier,E6 5SA,51.513949774511000,0.050927203182832
Francolin and Parakeet,N9 8NG,51.629632341828100,-0.045595781266452
Piping shrike and Polecat,W1W 8QQ,51.516979024225000,-0.141629409877145
Old World vulture and Treepie,E10 5NU,51.557392307218300,-0.009036650577761
Mockingbird and Ground sloth,E3 4RX,51.519680000000000,-0.027620000000000
Badger and Nukupuʻu,NW4 3RJ,51.577408434531600,-0.218759408290309
Mockingbird and Magpie,W9 1UT,51.529238186776000,-0.183112699619378
Wader and Mink,NW1 7FL,51.530783041088500,-0.135430048905449
Rabbit and Capuchin,N5 2HT,51.549733025814700,-0.087562207363848
Masked owl and Hawaiian honeycreeper,E3 5DP,51.530611861230200,-0.037829725110260
Kākāriki and Polecat,E2 9AN,51.530556550941300,-0.054484528618542
Ground sloth and Dorcopsis,E16 4LX,51.518022000000000,0.007876047150123
Scimitar babbler and Jerboa,EC1Y 1BD,51.524831000000000,-0.087400169297433
Siskin and Chipmunk,N1 2FX,51.544431826650100,-0.092803343513733
Quetzal and Pheasant,NW3 6BE,51.554452858145600,-0.179799000000000
Scimitar babbler and Parakeet,W14 8NB,51.499428944689000,-0.201832436946046
Hawaiian honeycreeper and Prion,W1J 8EE,51.508921310914200,-0.143873923485934
Tree warbler and Old World warbler,N17 0TQ,51.605758632940000,-0.058679858760686
Kangaroo and Night heron,NW5 9HT,51.550839000000000,-0.146700000000000
Mouse and Dolphin,W1F 7NJ,51.514043792379600,-0.136863105346192
Minke whale and Argus,N12 7AH,51.617216569367300,-0.196328428668668
Mole and Crow,WC2R 0LS,51.510549664550000,-0.122076000000000
Vole and Scimitar babbler,WC2E 8NL,51.511349484362600,-0.123541555171569
Thrasher and Capuchin,E14 9JB,51.506980000000000,-0.004736000000000
Egret and Myna,E7 0RE,51.548687127221100,0.030452000000000
Shearwater and Linsang,N9 9JW,51.634754963696900,-0.076444568941477
Ice seal and Tit-tyrant,SE1 3DF,51.499085232680000,-0.084150589215230
Elephant and Mouse,N7 8JL,51.548736349039600,-0.107061085523960
Old World quail and Bunting,N13 4AE,51.621416275802200,-0.107087000000000
Flameback and Myna,E11 3PA,51.558642043422600,0.011013286888314
Herring gull and Night heron,W1U 1QU,51.515540150491200,-0.152439884359366
Grouse and Stilt,N16 7RP,51.560644826752600,-0.063674761009589
Diving bird and Solitaire,N19 4NS,51.565919670250400,-0.122089247813613
Mole and Kestrel,N13 5NH,51.621281370977300,-0.087271346569448
Stilt and Condor,SW3 6QE,51.490951206120400,-0.170576040823617
Lemming and Prion,SW1A 2BA,51.506458381498100,-0.127532316086348
Ground sloth and Thicketbird,W1F 0PY,51.513751359735500,-0.134871740931710
Fish eagle and Kestrel,EN3 5JD,51.651868418542100,-0.047082510539261
Rat and Condor,E15 2GD,51.535616524160700,-0.006569736226292
Skunk and Cuscus,E13 8HZ,51.521336000000000,0.021838000000000
Philippine hawk-owl and Fish eagle,NW3 5UB,51.554719536539500,-0.175375425804754
Parrotbill and Marmoset,E7 9JP,51.544514304263500,0.021495404141926
Masked owl and Petrel,IG9 5HL,51.623785212149600,0.029770185237214
Stint and Perching duck,EN4 8TR,51.643588890174100,-0.156821857241727
Rabbit and Puffleg,W14 9AT,51.491484375393900,-0.212732760123366
Chickadee and Rat,SW7 9BE,51.497992548614100,-0.174529886594787
Snipe and Kite,N4 1TF,51.577132488137800,-0.088071953623933
Philippine hawk-owl and Myna,NW8 8AR,51.522904439076400,-0.168459672411903
Treepie and Bronzewing pigeon,N22 6YA,51.594738000000000,-0.109004000000000
Goose and Elephant,EC2R 7NH,51.516046645788800,-0.088094355384957
Recurvebill and Magpie,N16 8QS,51.554187773442300,-0.083365189168817
Nukupuʻu and Triller,E4 8EE,51.620993905133000,-0.020570253659143
Ibex and Quetzal,SE17 1TJ,51.491840562824300,-0.083806094559119
Minke whale and Black cockatoo,NW6 6XW,51.535982385676200,-0.194754358325255
Flameback and Fulmarine petrel,W1A 2UZ,51.524503057780500,-0.112088284788377
Pheasant and Old World warbler,SE1 1WE,51.492760984014900,-0.080151672390443
Peafowl and Marmoset,NW6 7LU,51.542129483613700,-0.202125423360666
Mink and Grosbeak,E14 9EQ,51.497127667928500,-0.015035343490937
Prion and Kestrel,EC4N 6AP,51.511360676604100,-0.090250522518766
Diving bird and Parrotbill,N1P 1TQ,51.538645000000000,-0.103543000000000
Scimitar babbler and Triller,E14 9DS,51.498400000000000,-0.021076000000000
Mockingbird and Ibex,W12 9BL,51.502766000000000,-0.243409439065192
Rabbit and Skunk,NW2 6UR,51.557037908128700,-0.224503391786972
Magpie and Buzzard,W1U 3JX,51.517234926144700,-0.151564160643777
Stint and Myna,E3 2ZD,51.531246000000000,-0.019333000000000
Wader and Jerboa,EC2N 2AX,51.514488534095100,-0.087566000000000
Badger and Capuchin,W6 0HR,51.495440826422300,-0.235282289111367
Cloud rat and Coati,N18 2YW,51.617196024630200,-0.056443950332417
Linsang and Cloud rat,N3 3RX,51.596341525493200,-0.199003643301937
Perching duck and Pheasant,SE18 5JX,51.491532820286600,0.053896832624484
Mouse and Argus,W8 5NJ,51.501341962824600,-0.183588419459451
Mouse and Nukupuʻu,SE1 8LW,51.503034951239200,-0.108091017089401
White ibis and Argus,N6 5TL,51.574494391977500,-0.140467848370074
Polecat and Scimitar babbler,N6 5BP,51.574445262000900,-0.142475817553968
Grosbeak and Pratincole,W1S 2YN,51.511778000594500,-0.141985189905712
Partridge and Skunk,N18 1AE,51.609125593664900,-0.089602094116791
Civet and Old World quail,N12 0EF,51.608893901200900,-0.182028327372602
Jackal and Parakeet,N22 5RQ,51.598439818514200,-0.106077954939651
Magpie and Kākāriki,W1U 1JF,51.514751110521400,-0.149921000000000
Flameback and Dorcopsis,N1 7NJ,51.529408855243600,-0.088601472797995
Elephant and Guillemot,W2 6ES,51.516850592606500,-0.187439568193265
Logrunners and Logrunners,W8 7NA,51.505633832467800,-0.195982872997849
Crow and Myna,NW8 6NY,51.533568912022200,-0.171304625493981
Parrotlet and Crow,WC1X 0AS,51.523934705915600,-0.111506278290257
Old World warbler and White ibis,E1 5FY,51.522207000000000,-0.070974627021922
Goose and Stilt,EC2M 3XD,51.515936972427500,-0.082477882124962
Black cockatoo and Ground sloth,SE10 0PT,51.496790557013800,0.001547044578988
Scimitar babbler and Jackal,N8 8SN,51.582782356128000,-0.125017057826872
Buzzard and Cloud rat,N1 6EB,51.527533630675400,-0.085291000000000
Ibex and Scimitar babbler,E17 6HX,51.588452802731800,-0.035928000000000
Treepie and Ibex,E2 9NA,51.530789077635800,-0.052239864728785
Ibex and Asiatic leopard,N3 3EB,51.590226000000000,-0.204731000000000
Quetzal and Magpie,EN5 3AN,51.647527559997800,-0.221548446012476
Condor and Dolphin,W6 0BQ,51.497871932786300,-0.231312905323543
Old World vulture and Grouse,NW1 4AS,51.531527842447500,-0.144973044707716
Dorcopsis and Hawaiian honeycreeper,N16 8JY,51.549518473459800,-0.076638106251817
Herring gull and Treepie,WC1N 1NZ,51.524844610467500,-0.123493000000000
Fulmarine petrel and Wallaby,SE1 5UD,51.492760984014900,-0.080151672390443
Night heron and Thicketbird,N19 4JX,51.563085242177400,-0.123100552375575
Maya and Crow,NW4 3QN,51.579979812154300,-0.224071244795680
Crow and Guillemot,EC1V 9LA,51.526876036497900,-0.081629074529063
Jerboa and Tree warbler,E16 4HJ,51.519786737843000,0.015614609491295
Logrunners and Philippine hawk-owl,SE1 2SB,51.497689000000000,-0.072424000000000
Macaw and Hawk,N12 9EP,51.612881000000000,-0.175200545737485
New World blackbird and Perching duck,NW1 3UU,51.525301718807800,-0.143625937705659
Mamo and Black jay,IG8 0EW,51.612826704725700,0.027490201600020
Piping shrike and Fulmarine petrel,E4 6HA,51.623764035725800,0.009571825892147
Kite and Cuscus,SE1P 4PP,51.492762382100000,-0.080151676700000
Snipe and Puffleg,E13 0JY,51.533270571659100,0.014869278124718
Elephant and Mink,N20 8PR,51.632098334806300,-0.199812950947475
Kākāriki and Argus,N12 7AB,51.617852158295700,-0.192634180890743
Peafowl and Moluccan boobook,SW1P 3HE,51.495703188823800,-0.128088354319330
New World blackbird and B,E9 6AU,51.549917806915800,-0.041528197435638
Tit-tyrant and Perching duck,SE1 0BU,51.501466000000000,-0.099301697752141
Solitaire and Lemming,E2 7NN,51.528162466940100,-0.072881628707304
Towhee and Warbler,NW7 1PF,51.611225000000000,-0.203094000000000
Zebra and Greenbul,N19 4AL,51.565359000000000,-0.132515000000000
Lemming and Wallaby,NW3 4LD,51.548379390478400,-0.168994475834158
Jerboa and Elephant,E10 6NG,51.565459593060900,-0.005913914972155
Asiatic leopard and Hawk,W1U 7PA,51.518648396058400,-0.154948000000000
Perching duck and B,W14 8XS,51.494200152510300,-0.209788580316350
Herring gull and Kite,N15 4BB,51.587735204581800,-0.065063796550249
Skunk and Egret,SW1P 1HW,51.495493110706500,-0.138051815291200
Wallaby and Duck,SW3 3DH,51.491967766224800,-0.165421474763834
Grosbeak and Shearwater,W2 1BZ,51.520871000000000,-0.172347000000000
Petrel and Recurvebill,W1T 5JD,51.523347000000000,-0.138819000000000
Dorcopsis and Skunk,N22 8YL,51.608934135897600,-0.117267345693831
Asiatic leopard and Mink,E2 6JT,51.525167616005900,-0.055968433363577
Armadillo and Hawaiian honeycreeper,N16 9ES,51.561041685642200,-0.084014791126322
Herring gull and Mink,E1 5DE,51.521563724686300,-0.062075237934429
Thrasher and Jerboa,EN5 9RZ,51.643015000000000,-0.171012000000000
Parakeet and Magpie,W8 7AW,51.505467938545300,-0.199231557434496
Coati and Hawaiian honeycreeper,W1T 4BB,51.522208371641100,-0.137956960053485
Solitaire and Jackal,NW11 0QD,51.581905049288100,-0.199488000000000
Condor and Dorcopsis,N19 5LH,51.560600905620700,-0.138755180998060
Fish eagle and Pheasant,E1 8PY,51.512652000000000,-0.067454000000000
Songlark and Night heron,EN4 8AG,51.643745595966700,-0.166831684512382
Magpie and Thrasher,WC1N 3PF,51.521101490850600,-0.119306451338655
Pheasant and Recurvebill,EN2 7AN,51.653582348104900,-0.096696403963231
Ibex and Mink,NW11 7AY,51.579198257922800,-0.186489870780478
Cuscus and Jerboa,SE16 7TL,51.493053255783200,-0.038045600226341
Kite and Mamo,N3 2JY,51.599247672144500,-0.195596544172244
Stint and Ibex,N16 8LR,51.549810708130500,-0.079106659388921
Buzzard and Ibex,N4 1RJ,51.580114010920400,-0.105569846958865
Fulmarine petrel and Condor,E1 8AE,51.512978855179700,-0.073724272101154
Lemming and Egret,N16 5SN,51.565556662570800,-0.075268774324655
River dolphin and New World blackbird,NW1 5QT,51.518661241171000,-0.166237228361002
Magpie and Asiatic leopard,NW11 6ZS,51.580291968203800,-0.199118641135270
Cuscus and Wader,WC1N 3AY,51.522394722243800,-0.123130795302421
Dorcopsis and Hawaiian honeycreeper,N18 2NA,51.618498000000000,-0.050792581967709
Cloud rat and Triller,SE1P 5QG,51.492760984014900,-0.080151672390443
Grosbeak and Mamo,NW6 4PL,51.539950620692200,-0.194337769083012
Prion and Parrotlet,E2 9RF,51.515240000000000,0.001289000000000
White ibis and Chicken,W1J 7JL,51.506056847899300,-0.148687911222909
River dolphin and White ibis,E13 0TD,51.530568280412100,0.016177318558445
Minke whale and Meadowlark,W2 2ES,51.513730834782900,-0.161607000000000
Old World warbler and Flameback,N19 3AH,51.572116245330800,-0.122699722590604
Goose and Black jay,W1S 4AB,51.508620868776300,-0.140802271355366
Scimitar babbler and Parrotlet,N5 2AX,51.551716882495900,-0.094532483662831
Towhee and Egret,SE16 7AF,51.492967646717500,-0.040455048992031
Meadowlark and Grosbeak,N13 5AE,51.622513454284200,-0.093359401492451
Mink and Dolphin,SE1 0QA,51.502450063519300,-0.103057789994807
Grouse and Tree warbler,W9 2PD,51.521924277687000,-0.184657890824431
Zebra and Masked owl,N12 8JQ,51.616894435384500,-0.180697504006309
Dorcopsis and Linsang,NW1 9BD,51.547283000000000,-0.131934227131868
Perching duck and Mink,N20 8AJ,51.633833000000000,-0.204883645853729
Shearwater and Parakeet,N5 1DX,51.555951236112100,-0.106126821314676
Scimitar babbler and Logrunners,W6 8JS,51.488819424219800,-0.220802491631421
Stilt and Black cockatoo,N16 7RR,51.560464442205000,-0.064187372377481
Mouse and Crow,E9 7EG,51.537745032706300,-0.048193712944455
Macaw and Stilt,NW10 3NX,51.540419000000000,-0.224948000000000
Jay and Wader,N16 5EE,51.569750562034300,-0.080416319826183
Coati and Kestrel,NW7 0HU,51.615433964300000,-0.241118601500000
Meadowlark and Armadillo,N12 8JP,51.615917412540300,-0.179549000000000
Stint and Rabbit,EC2A 1ZT,51.524501611318500,-0.112088280168721
Guillemot and Kite,NW1 0TJ,51.541300222963600,-0.136874915518768
Eagle and Marmoset,W11 1DF,51.517850985889900,-0.202778942415113
Kestrel and Flameback,E2 8NA,51.531303076554900,-0.068959000000000
Myna and Pitohui,SE1 5QY,51.489649000000000,-0.075644000000000
Quetzal and River dolphin,N1P 2WR,51.538645000000000,-0.103543000000000
Dolphin and Vulture,NW3 4DY,51.547379169772200,-0.172899934351107
Bronzewing pigeon and Greenbul,E7 8QG,51.543520049373500,0.043069824310845
Philippine hawk-owl and Maya,IG10 4PY,51.640362709306700,0.049197740057140
Mockingbird and Old World quail,W10 6PB,51.519912128860100,-0.224637000000000
Old World vulture and Thrasher,W1F 7QP,51.513402561727100,-0.138388126454534
Nukupuʻu and Philippine hawk-owl,SW3 2AE,51.498714077109800,-0.169573662141351
Skunk and Jerboa,W1U 8HP,51.518993404854100,-0.158166565589111
Songlark and Siskin,W1F 8TH,51.514332404128100,-0.135784812375698
Egret and Pheasant,NW1 6EJ,51.525554919432700,-0.163711405636698
Towhee and Macaw,SE17 3AY,51.490789303260400,-0.102663152846383
Perching duck and Pitohui,N9 9DF,51.631153423401000,-0.064676071338775
Pitohui and Pratincole,E17 7JH,51.584507069127200,-0.021061000000000
Linsang and Quetzal,NW2 6DX,51.555123754392400,-0.216874908223407
Mole and Herring gull,N8 7EB,51.587245445223100,-0.112851852147122
Hawaiian honeycreeper and Kākāriki,N12 7NS,51.615660581819900,-0.187550154021011
Prion and Goose,N1 0UY,51.535939000000000,-0.104723000000000
Chicken and Towhee,E17 8DD,51.575813584290800,-0.030615839907039
Gull and Philippine hawk-owl,SE16 2AN,51.489447716589500,-0.052100933893250
Mole and Thicketbird,EN5 1PT,51.647880924253400,-0.182377084310137
Partridge and Grackle,W1T 1BF,51.517240524912900,-0.131486212315248
Guillemot and Chipmunk,W8 5BB,51.501769642339000,-0.189147438266478
Eagle and Old World quail,SW1P 2DJ,51.497367826797800,-0.131535472402598
Coati and Songlark,WC1N 3QN,51.521417332316000,-0.117693412031154
Ground sloth and Armadillo,W1U 4QQ,51.520834167373500,-0.151706717060678
Marsh harrier and Grackle,EC4V 5EH,51.512872694340700,-0.101961891077654
Marsh harrier and Petrel,NW3 5LL,51.545172185114500,-0.174964166090946
Siskin and River dolphin,W1H 7RR,51.515631667100000,-0.158258937403174
Badger and Jay,NW4 2BY,51.587517000000000,-0.218715876163341
Diving bird and Petrel,SW3 2EJ,51.497172804334400,-0.167618441193941
Mink and Vulture,NW2 7NG,51.565024982221800,-0.241347470457014
Black cockatoo and Hawaiian honeycreeper,N1 0HB,51.534227996379500,-0.111310981761372
Jay and Kite,SW1P 2BE,51.495248574415200,-0.131722978994594
Hawk and Darwin's finches,E1 5DG,51.519876225152900,-0.058456819134786
Towhee and Myna,NW10 5JJ,51.533383705505100,-0.231364224608664
Warbler and Mockingbird,E11 4QF,51.561296796387800,0.002488328767794
Guillemot and Magpie,E7 9QF,51.538881875964300,0.027922470996038
Lemming and Ground sloth,W1G 0PH,51.516664850237600,-0.146211153381138
B and Petrel,NW5 1UB,51.554117116013700,-0.142712652389341
Hawk and Songlark,N3 3QW,51.597134652864900,-0.195608100113043
Coati and Buzzard,EN5 1EU,51.646033593528900,-0.186194568370274
Recurvebill and Francolin,NW7 2EN,51.608216686482000,-0.233078927388029
Scimitar babbler and Macaw,NW8 9NR,51.530520381592800,-0.177655119023052
Fulmarine petrel and Peafowl,NW10 1EA,51.553609542330600,-0.242869619717485
Cuscus and Old World vulture,NW2 1BE,51.571234391462900,-0.216042552102746
Egret and Flameback,NW1 8LN,51.540645327168000,-0.154610265865340
Linsang and Old World vulture,NW8 8PQ,51.523699764681000,-0.173328957036469
Goose and Kite,EC2R 5BB,51.516107703415700,-0.089633993493581
Flameback and Mole,W1T 4TT,51.522629731865100,-0.136743326612690
Vole and Grouse,W8 5TS,51.501450584034600,-0.190615316021594
White ibis and Stilt,EN1 1XX,51.643401000000000,-0.061256701073339
Mink and Dolphin,E14 2AX,51.511107251522000,-0.003748662607869
Grackle and Recurvebill,N16 9PR,51.552168586908600,-0.084719414653542
Cloud rat and Black jay,N1 2PJ,51.548083899815700,-0.090660224717106
White ibis and Ground sloth,E4 6LZ,51.615613477808500,0.006611708062137
Siskin and Tit-tyrant,E1 4BZ,51.526044776480900,-0.043821420736824
Kestrel and Old World warbler,N8 8ES,51.577786861553100,-0.130923493480063
Pitohui and Egret,N16 5UE,51.564330592575700,-0.091595673952071
Triller and Fulmarine petrel,W10 5DG,51.525930984462800,-0.213099760842055
Puffleg and White ibis,W2 3BE,51.513634075651800,-0.182969794164604
Kestrel and Kākāriki,E5 0FF,51.549701000000000,-0.038063000000000
Kākāriki and Ibex,NW1W 9PU,51.530783041088500,-0.135430048905449
Kite and Ice seal,W1S 1LA,51.514049600776200,-0.146879408318992
Hawaiian honeycreeper and Dolphin,W3 7JF,51.510139234250900,-0.247597717702465
Grosbeak and Tattler,NW1 5SQ,51.523084137803400,-0.157540229166498
Wader and Francolin,EC1R 0QB,51.524095596404500,-0.108097558738182
Rat and Fish eagle,EN2 6TQ,51.651377058515500,-0.084949378784517
Masked owl and Parrotlet,IG8 0JL,51.614830709843100,0.038470704718790
Rat and Egret,NW6 7UH,51.540073837306100,-0.197289000000000
Partridge and Mouse,W1D 3SU,51.514844169547000,-0.133472322436529
Tree warbler and River dolphin,E4 9NR,51.602707956683700,-0.000166801864307
Fox and Tree warbler,N6 6NT,51.565403442916400,-0.151876595181814
Zebra and Vulture,E1W 9NG,51.519019000000000,-0.058106000000000
Songlark and Boto,SE16 9EU,51.492763000000000,-0.080126000000000
Rabbit and Rabbit,SW5 9AA,51.491939476765900,-0.193138295398173
Puffleg and Stint,NW6 3PY,51.541929729274900,-0.186226927626689
Shearwater and Viscacha,WC1B 4JU,51.520802470292400,-0.125344013352243
Rabbit and Kite,E3 3LW,51.522752942912900,-0.011701161713392
Magpie and Skunk,N9 9NG,51.620732144297400,-0.072385961116411
Quetzal and Minke whale,WC2H 8AF,51.513631266040600,-0.129025303698480
Cuscus and Mamo,E17 6RB,51.584951539881800,-0.022151585655449
Tahr and Wallaby,SW3 4XB,51.489596059155000,-0.163845755426215
Ibex and Goose,NW6 6LR,51.537189214597300,-0.209544264839478
Zebra and Crow,W1U 1ND,51.515604043763000,-0.150217733744099
Polecat and Badger,W1T 2AL,51.520388277999900,-0.135465454218270
Moluccan boobook and Fulmarine petrel,SE16 2BH,51.490372723347900,-0.051485306699733
Night heron and Grouse,NW1 0ER,51.534957185715600,-0.137797204321449
Vole and Marmoset,EC2A 3DA,51.526311000000000,-0.082748000000000
Siskin and Bronzewing pigeon,W9 3RP,51.523874000000000,-0.198448000000000
Diving bird and Marmoset,SE11 4NJ,51.492410206669700,-0.107810653424974
Old World warbler and Asiatic leopard,NW2 5JR,51.545647709426300,-0.225898665729267
Duck and American sparrow,W1J 8HT,51.507298189578300,-0.142455641181198
Jackal and Polecat,EN2 7NZ,51.648709760791500,-0.121343983547902
Warbler and White ibis,W1U 6SH,51.521727747881900,-0.157061631467282
Buzzard and Tahr,E17 9NY,51.582196000000000,-0.012645000000000
Tattler and Myna,EN1 1LG,51.646137036187900,-0.068634499225887
Thicketbird and Greenbul,W1D 4SJ,51.513884103707900,-0.131911807359419
Nukupuʻu and Pratincole,W1T 1QE,51.518803987652100,-0.136495882907173
Triller and Philippine hawk-owl,N20 0TW,51.630285000000000,-0.159341000000000
Shearwater and Ground sloth,W14 8SA,51.493372347269600,-0.204462110578685
Linsang and Tree warbler,N12 7JB,51.616227691310700,-0.190503142251338
Puffleg and Siskin,W2 3PA,51.512591909964000,-0.176079206500326
Gull and Grosbeak,EC1R 3BL,51.523311212954400,-0.107971501445363
Old World warbler and Kākāriki,NW2 6QU,51.562333099820600,-0.228582092870075
Kangaroo and Capuchin,N2 0RB,51.584765271929000,-0.175514447601054
Parakeet and Stint,W1U 2HY,51.518296760667800,-0.150468976827992
Tree warbler and Myna,E98 1NR,51.508023187390400,-0.064393533930118
Chicken and Duck,SW5 9AB,51.491646010854100,-0.193351570122457
Wallaby and Eagle,W1U 1LE,51.515402989483400,-0.151827000000000
Gull and Masked owl,N19 4DD,51.561029408170100,-0.124440365308657
Snipe and Herring gull,N8 8PJ,51.581173300354800,-0.123928605444698
Elephant and Tahr,E14 0FB,51.514929781665300,0.001563785230821
American sparrow and Macaw,SE18 5EB,51.489271442097700,0.050539700181053
Tahr and Kākāriki,SW3 6JB,51.490266558941500,-0.173959748540426
Francolin and Warbler,W1U 5QA,51.520887044702000,-0.152209081205168
Tree warbler and Grackle,W1U 6ED,51.520083846436700,-0.157171237404501
B and Fulmarine petrel,NW7 1GB,51.607141038161000,-0.214880925333677
Bunting and Kākāriki,N19 3SF,51.572048522082300,-0.125776245173712
Bunting and Pitohui,E3 3LT,51.521804000000000,-0.012420000000000
Scimitar babbler and American sparrow,EN3 5WQ,51.651932047314100,-0.077090766898905
Petrel and B,WC1B 4JA,51.520802470292400,-0.125344013352243
Cuscus and Pitohui,SE1 5QF,51.491230810624000,-0.069656938942082
Lemming and Capuchin,N11 1LN,51.626197958650300,-0.147124355833089
Siskin and Triller,N19 5NL,51.567858138329900,-0.138776252405765
Snipe and Mockingbird,N9 9RF,51.624309141018800,-0.072812251578131
Fox and Herring gull,W1H 4LJ,51.518652231797700,-0.165661042324958
Peafowl and Goose,E4 9LY,51.607455611617600,-0.006486009862361
Pitohui and Tattler,W1K 3SB,51.511083290956400,-0.148095042908264
Boto and Greenbul,NW1W 9ZE,51.530783041088500,-0.135430048905449
Tahr and Boto,NW3 2SP,51.559018779328700,-0.162753326291095
Ground sloth and American sparrow,W1K 3HZ,51.511496115458300,-0.147153000000000
Parakeet and Mink,E16 4TQ,51.523922000000000,-0.000982116022585
Egret and New World blackbird,N9 9EQ,51.633003020652400,-0.068325473993962
Mouse and New World blackbird,W1F 7RG,51.513576052036300,-0.138553999194744
Treepie and Bunting,IG8 7JU,51.602961656598900,0.038921026280354
Thrasher and Old World vulture,E5 8AH,51.560354471397800,-0.061883709612885
Vole and Jay,EC1R 1YJ,51.527768980327000,-0.106143200581541
Mamo and Old World quail,N1 2ND,51.545503468332200,-0.090133668955506
Cuscus and Meadowlark,N7 0FJ,51.552293000000000,-0.125596000000000
Dorcopsis and Puffleg,E2 7QZ,51.529835107899300,-0.072883081969938
Marsh harrier and Fulmarine petrel,EC3V 0AE,51.513167000000000,-0.084021000000000
Pratincole and Masked owl,E1W 1AB,51.508039802825100,-0.069220357409205
Black jay and Recurvebill,EC1A 7NX,51.515779785997000,-0.100716000000000
Stilt and Skunk,E14 8NB,51.500822738659200,-0.024643582896675
Lemming and Capuchin,SE17 1RQ,51.491709292941300,-0.088435713184734
Vole and Armadillo,SE10 0AR,51.489435265829100,0.007952000000000
Wallaby and B,EC2R 7BS,51.516602630483900,-0.087999007200271
Masked owl and Stint,N21 3AD,51.629855602622900,-0.101098000000000
Black cockatoo and Nukupuʻu,W6 9PU,51.489628723659000,-0.223767109425023
Stilt and Goose,E5 0ST,51.556248407629600,-0.037750784910985
Parrotbill and Magpie,NW1W 7PP,51.530784525000000,-0.135430053900000
Buzzard and Armadillo,SW5 0NH,51.493031000000000,-0.186296000000000
Moluccan boobook and New World blackbird,N22 6TN,51.594485204872900,-0.111559000000000
Peafowl and Old World warbler,E8 3NW,51.543873626071200,-0.059858362291652
Old World warbler and Perching duck,N10 3DP,51.583662986511200,-0.138534648306007
Hawk and Stint,N22 7AD,51.600090547421800,-0.129386946163006
Tree warbler and Mouse,WC1A 2JH,51.518537158740200,-0.124831656332471
Magpie and Puffleg,EN1 9GJ,51.651918000000000,-0.077079000000000
Viscacha and Snipe,WC1N 2BS,51.522312881814300,-0.115782541118968
Pheasant and Old World quail,W6 7QP,51.500058408284400,-0.226041483087090
Badger and Mink,N21 1HJ,51.642093682550200,-0.100805232145404
Solitaire and Civet,N7 0RE,51.554272234944900,-0.131526947566412
New World blackbird and Goose,E11 3EY,51.561501279059400,0.012611047329248
Condor and Siskin,WC1A 1JB,51.517252698300300,-0.127899000000000
Bunting and Meadowlark,N15 3DQ,51.588410384246600,-0.098670840287642
Shearwater and Old World warbler,SE1 2QN,51.505439061866700,-0.084460474112137
Bronzewing pigeon and Masked owl,SW1P 3AT,51.500618323986900,-0.130105803984511
Thicketbird and Macaw,SW1P 4AW,51.490935000000000,-0.132389000000000
Mink and Pheasant,E2 6LN,51.528523151057800,-0.061563000000000
Mouse and Crow,EN5 4NG,51.654061945398000,-0.211535000000000
Marsh harrier and Tit-tyrant,WC2N 6EF,51.508550266375500,-0.123539000000000
Magpie and Marmoset,NW7 1DJ,51.606629459159200,-0.216128516242334
Asiatic leopard and Black cockatoo,E1 8DT,51.512497842431000,-0.072707000000000
Herring gull and Peafowl,N13 6JJ,51.609813819554300,-0.104319198058575
Chipmunk and Pratincole,W1H 4NY,51.519204656711700,-0.164759600127866
Mouse and Lemming,WC1H 9WH,51.524565000000000,-0.112042000000000
Songlark and Kite,EN5 4DX,51.653339000000000,-0.217466139865022
Maya and Wallaby,E4 6RH,51.623343336800300,-0.011135137069587
Thicketbird and Booted eagles,SE1P 5BT,51.492762617800000,-0.080166072400000
Cloud rat and Thicketbird,SE1P 5QX,51.492760984014900,-0.080151672390443
Hawk and Grouse,N4 2RL,51.573111759514600,-0.086350203127561
Cuscus and Parakeet,W1H 5NQ,51.518219512559900,-0.165591946713031
Kestrel and Logrunners,W1F 8ZP,51.514412250727000,-0.134585322061076
Puffleg and Boto,W11 4HD,51.513141967485900,-0.214753199351868
American sparrow and Black cockatoo,NW2 9GE,51.562192118555900,-0.213498000000000
Herring gull and Magpie,SW3 3LU,51.490611735022000,-0.162666964912534
Vole and Egret,N18 2JT,51.612712000000000,-0.059720825534883
Bunting and Capuchin,NW7 2SG,51.606312003643700,-0.239174909228993
River dolphin and Jackal,E17 5AQ,51.599931642069700,-0.016735640664013
Guillemot and Buzzard,NW6 7PP,51.544816455813000,-0.212013888692619
Cuscus and Cuscus,NW6 7HR,51.539948935088400,-0.195981758740271
Moluccan boobook and Kite,EC4R 1BR,51.511554837813000,-0.093095000000000
Warbler and Kākāriki,EN1 3BP,51.659776592704500,-0.072348806697664
Thrasher and Gull,SE10 0UQ,51.497932000000000,0.011625000000000
Bunting and Night heron,W10 5PD,51.523664979650200,-0.205447501926364
Black jay and Gull,EN5 5QW,51.656810445923900,-0.183552327189322
Meadowlark and Francolin,NW4 2TA,51.584876824925000,-0.224414391624450
Snipe and Pratincole,EN3 5LP,51.660404652851800,-0.041828396097617
Partridge and Fulmarine petrel,E4 9SH,51.615386318739300,0.004117204819042
Guillemot and Dorcopsis,N15 5BU,51.586079000000000,-0.083384000000000
Cloud rat and Minke whale,SW1H 0DJ,51.499095019000100,-0.132703887247839
Philippine hawk-owl and Piping shrike,NW8 9PX,51.531121717963200,-0.179317966736669
Logrunners and New World blackbird,NW1W 9UE,51.530783041088500,-0.135430048905449
Partridge and Dorcopsis,W10 6AW,51.522293662130500,-0.222280194154586
Puffleg and Duck,NW1W 8EH,51.530783041088500,-0.135430048905449
Chicken and American sparrow,NW6 6BD,51.536322283342600,-0.201662137716909
Ibex and Kākāriki,NW8 9RG,51.528239655764900,-0.179029274860663
Wader and Crow,SE1 1HQ,51.502215731943400,-0.095258043096772
Mouse and Triller,EN1 9FW,51.651918000000000,-0.077079000000000
Parrotlet and Armadillo,N19 4AW,51.569208316995000,-0.125301437528879
Recurvebill and Bunting,NW5 9QH,51.550839000000000,-0.146700000000000
Boto and Egret,W1K 7JB,51.513478199482800,-0.156068000000000
Black cockatoo and Jay,W14 0TJ,51.492292419404000,-0.208523621893445
Lemming and Armadillo,W1W 8QD,51.516516365875300,-0.141374392828681
Elephant and Kite,SW1E 5NE,51.496489231430400,-0.144365000000000
Night heron and Rabbit,E9 5RW,51.547677473693700,-0.035004199390715
New World blackbird and Dorcopsis,NW1 7EG,51.538856351251000,-0.146088244025298
Jay and Kangaroo,E15 4HA,51.541264205046500,0.009151036128212
Tit-tyrant and Rabbit,E16 1BE,51.512868000000000,0.011173000000000
Ground sloth and Magpie,W11 3RY,51.505226789329300,-0.208146067809703
Night heron and Capuchin,W12 8AS,51.505561358412400,-0.224130000000000
Snipe and Philippine hawk-owl,NW2 3XL,51.551093572472700,-0.207916611226503
Chickadee and Chipmunk,E2 8BS,51.536023630290200,-0.075173924529936
Old World quail and Armadillo,E14 3TX,51.491799907100000,-0.026056438356362
Magpie and Piping shrike,E7 8DA,51.545848641386400,0.031708104091857
Marmoset and Hawaiian honeycreeper,N9 1FD,51.625317000000000,-0.063368000000000
Egret and Marmoset,IG10 1HN,51.650219751687400,0.051189056910403
Francolin and Capuchin,W1W 8LH,51.516903185642100,-0.138548073560367
Stilt and Pheasant,N4 1DU,51.577834920068700,-0.098650406029637
Elephant and Fox,W1T 7PD,51.522165348104700,-0.135248721124904
Jay and Bunting,N20 0TP,51.629121787534300,-0.160933797592437
Songlark and Fulmarine petrel,EN5 5GE,51.648920000000000,-0.182382000000000
Snipe and Duck,E11 4HS,51.556526052125700,-0.001328000000000
Zebra and Goose,WC1X 0GB,51.528043000000000,-0.110817000000000
Greenbul and White ibis,EC4V 6DY,51.513393000000000,-0.102920000000000
Warbler and Myna,EN5 5DD,51.649956000000000,-0.181504173353414
Magpie and Crow,EC1A 1ZF,51.524501611318500,-0.112088280168721
Philippine hawk-owl and Gull,EN3 4FB,51.648662000000000,-0.051542000000000
Ibex and Myna,E1W 3DH,51.509516981214900,-0.053046398113718
Cloud rat and Hawk,E1 3NQ,51.519426280410300,-0.044364496316886
Skunk and Recurvebill,E3 2RN,51.533947540149400,-0.027607550094393
Cuscus and Eagle,N10 3BN,51.589770387681600,-0.150007239053077
Herring gull and Hawk,E5 9BB,51.570614714134700,-0.062414175216808
White ibis and B,W9 2DP,51.524801000000000,-0.193813000000000
Duck and Pitohui,WC1R 4AP,51.518700870384100,-0.118209000453524
Mockingbird and Cuscus,NW2 7LL,51.564174000000000,-0.245117000000000
Condor and Rabbit,SE16 4EE,51.496710000000000,-0.062654000000000
Parrotbill and Parrotlet,E7 0PL,51.549245248879500,0.032004000000000
Perching duck and Hawaiian honeycreeper,W6 6FN,51.492366227822100,-0.238815140762069
Black cockatoo and Fish eagle,SE1 4ND,51.500417198574100,-0.089728291609857
Magpie and Parakeet,W1F 7RZ,51.513315895021500,-0.138593428597070
Jackal and Philippine hawk-owl,IG8 8JD,51.601357165321500,0.052552992556697
Wallaby and Chickadee,EC1M 4BH,51.520848719237300,-0.102320000000000
Egret and Guillemot,N7 8GQ,51.551143969181000,-0.114173180130887
B and Towhee,EC2M 3XF,51.515936972427500,-0.082477882124962
Diving bird and Mamo,N19 5DP,51.564430739310900,-0.139262490866413
Minke whale and Diving bird,W8 5UT,51.497242469677100,-0.191458000000000
Asiatic leopard and Stint,E17 5AL,51.598401722893700,-0.015069588857319
Jay and Diving bird,SE1P 4TQ,51.492762382100000,-0.080151676700000
Francolin and Civet,WC1N 3EY,51.521480901711000,-0.117171862306731
Fox and Fish eagle,N1 9RZ,51.533409959373300,-0.121264000000000
Jerboa and Chipmunk,N1C 4DN,51.537350000000000,-0.124047000000000
Badger and Booted eagles,NW6 7QP,51.545674334623700,-0.206801000000000
Puffleg and Greenbul,NW5 9QW,51.550839000000000,-0.146700000000000
River dolphin and Macaw,N10 1QD,51.595357065700000,-0.145506654700000
Mink and Triller,W12 0BE,51.515229375148900,-0.244620769739657
Recurvebill and Solitaire,NW8 8TL,51.526213075058500,-0.165544602266024
Nukupuʻu and Herring gull,E3 3NJ,51.526021735045800,-0.015681824838992
River dolphin and Puffleg,NW4 4PD,51.582311538182900,-0.236176840111575
Gull and Old World vulture,WC1X 0LX,51.527507020694300,-0.117802679712644
Francolin and Wallaby,E18 2FB,51.597004760043300,0.023031332299579
Stint and Fish eagle,E10 5GR,51.560852000000000,-0.012536000000000
Marsh harrier and Parakeet,N19 4NH,51.565551940546700,-0.126086695972486
Diving bird and Siskin,NW4 3RE,51.578528701436300,-0.220288755654796
Parrotlet and Masked owl,IG8 0HF,51.608553259037300,0.033322328565032
Night heron and Kestrel,NW7 2HN,51.610265223939800,-0.218686764320294
Prion and Flameback,SW5 0SP,51.495091000351500,-0.195160203972835
Fish eagle and Dorcopsis,N9 9HU,51.634888072962100,-0.080181669878659
Puffleg and Dolphin,EN4 9DG,51.653962716355700,-0.166376097150232
Old World vulture and Tattler,E4 7HJ,51.629469276266700,0.001443458189431
Mink and Partridge,SE17 1AG,51.490707803600000,-0.093116083700000
Zebra and Parakeet,SE8 5EY,51.491788000000000,-0.039154000000000
Tit-tyrant and Prion,SE16 7PJ,51.497638146468700,-0.043885371704160
Armadillo and Argus,N10 2PD,51.605812972043900,-0.147737771320569
River dolphin and Perching duck,SW1Y 4AU,51.507692659433200,-0.133317885553595
Egret and Quetzal,NW7 1GZ,51.607807730381300,-0.212009730321057
Flameback and Parakeet,SE1 9SE,51.505458000000000,-0.088840000000000
Civet and Tahr,NW1 0ES,51.535068979502700,-0.137475425012836
Coati and Prion,N21 1XP,51.632899606721100,-0.099455303327856
Pheasant and Old World vulture,E17 0UF,51.585505000000000,-0.017986000000000
Meadowlark and Fulmarine petrel,SE11 6DZ,51.493674281236200,-0.111475035592527
Vulture and Vulture,E3 2JZ,51.537983154520200,-0.029624925182267
Grouse and Night heron,NW11 6LY,51.587328964105300,-0.183105819077890
Eagle and Linsang,NW8 6PD,51.533652477677300,-0.172627771807501
Grouse and American sparrow,NW2 5BH,51.549242405596000,-0.229321378055896
Moluccan boobook and Ibex,N8 8EX,51.578238053647000,-0.130457570973816
Civet and Marsh harrier,W2 5PJ,51.518372519309500,-0.192711000000000
Pitohui and Viscacha,E2 0QH,51.528980213454600,-0.045670749358833
Moluccan boobook and Old World vulture,W6 0HS,51.495694954908600,-0.234840284753672
Hawk and Siskin,SW7 3BD,51.489087308216000,-0.177348673601687
Myna and Recurvebill,SE16 4UF,51.500956589096600,-0.067646000000000
River dolphin and Argus,N9 9DH,51.629147250431600,-0.063533300272461
Linsang and Darwin's finches,NW2 4NS,51.550881000000000,-0.222246736406702
Night heron and Armadillo,EN4 9PS,51.646387404002400,-0.160354000000000
Crow and Badger,W1S 2PD,51.512389047638800,-0.143660915427402
Viscacha and Nukupuʻu,NW10 2JR,51.548369996740100,-0.241268621872962
Grouse and Mockingbird,W9 3DS,51.528004752536400,-0.202278219886515
Jerboa and Black jay,W1W 6NR,51.519827218005600,-0.143747658144149
Stint and New World blackbird,E15 3QS,51.535089222216800,0.018929303828205
Towhee and Lemming,W10 5UN,51.518711295890000,-0.212589593834849
Old World vulture and Asiatic leopard,W1F 7TG,51.514750261041400,-0.140581532593237
Masked owl and Greenbul,SE11 4LS,51.491107689311200,-0.105113209028745
Pitohui and Warbler,SW1X 9HZ,51.498314139857800,-0.157242645037725
Lemming and Egret,W1T 2PY,51.519361736785600,-0.135377654112445
Maya and Fish eagle,SW7 2PP,51.498324475260600,-0.172384000000000
Marsh harrier and Grouse,N10 2HA,51.599732000000000,-0.145743753714883
B and Eagle,EC1Y 0UT,51.523522390581000,-0.097122402375494
Coati and Gull,E11 3PZ,51.558107202522500,0.008638171222155
Masked owl and Hawaiian honeycreeper,E14 7GL,51.512652168464000,-0.033370067595429
Peafowl and Puffleg,E14 6LP,51.512967329927500,-0.014260308408289
Old World quail and Marmoset,EN5 4NX,51.657297207756300,-0.211161364289450
Perching duck and Kākāriki,SE1P 5WN,51.492760984014900,-0.080151672390443
Capuchin and Ice seal,W1K 5RW,51.514101809435900,-0.148477054096552
Vole and Flameback,E17 3EU,51.587825967903100,-0.008139426481505
Kite and Magpie,NW6 2LX,51.545308025843200,-0.191284540633999
Cuscus and Thrasher,EN2 6NJ,51.658651602530100,-0.088242807750074
Zebra and Coati,E17 3EE,51.589989000000000,-0.010952935730279
Viscacha and Thrasher,SE16 2XS,51.494855462148100,-0.050127227860638
Jackal and Quetzal,N1 2AS,51.543017770781300,-0.102092246277746
Francolin and Eagle,SW1Y 6QP,51.506770127099800,-0.136943680062479
Greenbul and Piping shrike,E11 4LG,51.558717818628700,0.006587631867705
Gull and Tree warbler,EC1M 4HG,51.521404506936300,-0.101275630499282
Petrel and Flameback,E1 2BA,51.517203470956000,-0.062145016324068
Pitohui and Piping shrike,E7 8HY,51.541776040119600,0.028007877381525
Jerboa and Fulmarine petrel,EN2 8BS,51.660463328431100,-0.095699598939527
Grosbeak and Petrel,EC1V 7EH,51.523872886204000,-0.099327773394227
Grackle and Masked owl,EN2 7RA,51.653657033739300,-0.106321393549088
Buzzard and Mouse,N10 3AD,51.586210562615400,-0.140408137808496
Philippine hawk-owl and Quetzal,E3 3US,51.519396000000000,-0.018263000000000
Bunting and Viscacha,NW3 6QN,51.556809000000000,-0.178985000000000
Grackle and Night heron,SE11 4XA,51.489804471219300,-0.109056513547536
Philippine hawk-owl and Cuscus,N12 9JY,51.620850633546400,-0.173835000000000
Coati and Pheasant,N14 7EP,51.623880317771100,-0.129131015519933
Stint and Prion,E2 9EU,51.531853461144800,-0.059489977829474
Quetzal and Shearwater,EC1Y 8QD,51.524664000000000,-0.090372000000000
Ice seal and Songlark,N1P 1PL,51.538645000000000,-0.103543000000000
Parrotlet and Parrotlet,SE1P 5JR,51.492760984014900,-0.080151672390443
Nukupuʻu and Masked owl,E16 4SA,51.518971000912600,0.003703000000000
Diving bird and River dolphin,WC1X 8JY,51.525520463788900,-0.116731325444149
Asiatic leopard and Viscacha,E7 8BX,51.546027602584200,0.030720908275075
Ground sloth and B,SW7 2AS,51.500308473318200,-0.174941557684648
Grouse and Linsang,NW4 1TE,51.591414759793200,-0.215555239673328
Badger and Thrasher,NW11 9EG,51.575077273626000,-0.213513000000000
Booted eagles and Kangaroo,SW1P 4AX,51.490537898173600,-0.132376519217999
Armadillo and Cloud rat,W1T 3ER,51.517289936784300,-0.135721708069104
American sparrow and Quetzal,E13 8JY,51.520345046711200,0.024446574238621
Boto and Chicken,E98 1TA,51.508023187390400,-0.064393533930118
Crow and Flameback,E2 6FS,51.527063617621200,-0.062865346622752
Cuscus and Badger,SE16 2RR,51.488950908959600,-0.048387000000000
Recurvebill and Fox,E9 7DS,51.537410931476200,-0.042714042681896
Solitaire and Moluccan boobook,N22 6RD,51.593286538656900,-0.096590355294301
Capuchin and Parrotlet,N3 1QQ,51.602832532572200,-0.194227010966175
Coati and Dorcopsis,N3 1JG,51.606776179220900,-0.192799683250181
Thicketbird and Parrotlet,NW7 2HX,51.614985000000000,-0.243591000000000
Tattler and American sparrow,N6 5SB,51.574730747415300,-0.144037210363064
Cloud rat and Goose,N20 9HE,51.630115470302300,-0.173897727457562
Moluccan boobook and Logrunners,W1F 9QY,51.512688726403800,-0.138028000000000
Pheasant and Parrotlet,E2 0PD,51.530060715448600,-0.052242118148433
Thicketbird and Cloud rat,SW1W 0LU,51.495571353192400,-0.147977000000000
Rabbit and Mouse,E1 1GU,51.517377222545400,-0.063953740604015
Masked owl and Bronzewing pigeon,E1 6PJ,51.522441426145100,-0.078254932428934
Perching duck and Mockingbird,E6 3AB,51.530667034088500,0.053509571060114
Lemming and Hawaiian honeycreeper,N13 6HF,51.614607000000000,-0.098688000000000
Maya and Tree warbler,N8 7AW,51.588764892967900,-0.118996359417670
Guillemot and Mamo,WC2N 6AD,51.509605608706700,-0.121898309686005
Hawaiian honeycreeper and Scimitar babbler,W1H 5BJ,51.517867667775500,-0.153484362404984
Mouse and Recurvebill,EC1A 4JL,51.521957615714000,-0.098255000000000
Flameback and Quetzal,W3 7HW,51.509300514733800,-0.246232070773087
Diving bird and Condor,NW1 9QS,51.544545000000000,-0.141256000000000
Fulmarine petrel and Scimitar babbler,NW1 9QP,51.545154017798100,-0.141159513180978
Hawaiian honeycreeper and Kestrel,SE1 6RP,51.496464200760300,-0.093826634292222
Grosbeak and B,EC1V 8BE,51.529170113370300,-0.098256549204754
Mockingbird and Perching duck,NW4 3JB,51.576384691822300,-0.234919815642814
Snipe and Solitaire,E15 2AD,51.551666000000000,0.004052955823333
Nukupuʻu and Flameback,EC2P 2PN,51.524503057780500,-0.112088284788377
Kākāriki and Linsang,E1 5HR,51.519368800888700,-0.063119746496187
Solitaire and Masked owl,EN5 1QY,51.648916555604900,-0.180545000000000
Grackle and Lemming,W9 4HW,51.498289000000000,-0.198295000000000
Chipmunk and Asiatic leopard,E20 1BG,51.547754259256700,-0.005375749242147
Thicketbird and Pitohui,E9 7JY,51.536180351609000,-0.047655034430984
Parrotbill and Jackal,N3 3QB,51.595504851105100,-0.190792654906060
Thicketbird and Pheasant,N12 8JB,51.613463548408100,-0.185745000000000
Parakeet and Piping shrike,W1J 5RF,51.509263300899100,-0.148442648629638
Goose and Black jay,N17 0JQ,51.602185435159700,-0.066658932315663
Hawk and Marsh harrier,E7 0LA,51.551508825758100,0.027330049159973
Tahr and Elephant,E12 6NQ,51.542696804497200,0.052623385562871
Jay and Lemming,EN2 7PP,51.657465872160000,-0.102736110681956
Eagle and Flameback,NW5 1AR,51.558380151015900,-0.141615699483878
Cloud rat and Linsang,NW1W 8FZ,51.530783041088500,-0.135430048905449
Guillemot and Grouse,E8 2FJ,51.546742807734100,-0.071808224893974
Egret and Viscacha,WC2H 0EP,51.510073957621200,-0.128695481558306
Tattler and Dolphin,W1U 2PF,51.516522509590800,-0.150295827812725
Vulture and Chicken,EC1N 7TJ,51.520444491712200,-0.109762384115853
Egret and Maya,E3 4BB,51.519361070713100,-0.022774862880263
Tattler and Petrel,EC2M 2QS,51.518693000000000,-0.083789000000000
Mouse and Night heron,NW11 0PA,51.576288409488700,-0.197819274000009
Vole and Mamo,NW10 2LN,51.546693475009000,-0.237410367629963
Mamo and Armadillo,E17 6TB,51.587346000000000,-0.039243000000000
Ground sloth and Ground sloth,W1U 3HW,51.517336624014000,-0.154024718672463
Elephant and Parrotbill,N10 9BY,51.592194680000000,-0.142849109800000
Egret and Fulmarine petrel,W1G 6NX,51.520198284426600,-0.151300035527961
Argus and Grouse,SE16 3EJ,51.489043292859000,-0.061884459463214
Moluccan boobook and Moluccan boobook,IG10 4PN,51.635566446082000,0.045773365328926
B and Warbler,EC4M 7JR,51.513663506972800,-0.101929019230028
Bunting and Fox,NW7 1EE,51.613678273743700,-0.204703000000000
Dorcopsis and White ibis,N2 0NP,51.585679868178800,-0.163814406157013
Mole and Egret,WC1N 1DP,51.524332386711300,-0.116665020648636
Stilt and Moluccan boobook,SW3 6PP,51.491161940557800,-0.171403095558678
Mink and Skunk,E1 3AB,51.519219259259400,-0.055169521213989
Kite and Goose,NW2 3RP,51.554907048263500,-0.206785826972029
Kangaroo and Perching duck,N16 6ET,51.571302944750600,-0.068705488454780
Chickadee and Philippine hawk-owl,SE16 7WF,51.493896651794400,-0.044391296016953
Kangaroo and Old World vulture,W1S 2RH,51.511495030709500,-0.143423439582175
Crow and Piping shrike,E1 6BX,51.520978804459000,-0.077350728740338
B and Thicketbird,W1D 3QJ,51.515948970489600,-0.131816000000000
B and Eagle,W1D 2HR,51.515664321433000,-0.135283634965277
Quetzal and Tree warbler,N4 1HY,51.578400199976400,-0.096909317937853
Warbler and Goose,EC1V 3QD,51.525799917701900,-0.093394596092328
Snipe and Treepie,WC1H 8EF,51.528757667170200,-0.121211174606988
Wader and Argus,E14 8JG,51.508636248618400,-0.025645836822118
Magpie and Bronzewing pigeon,WC2R 0NR,51.510151036013500,-0.122827011061289
Guillemot and Solitaire,WC2N 5LH,51.509231000000000,-0.123672000000000
Viscacha and Jay,E1W 1LD,51.506597351640500,-0.073373795564485
Nukupuʻu and Rabbit,NW6 5FY,51.534926000000000,-0.191296000000000
Gull and Quetzal,W1W 6YN,51.520570293209100,-0.139566111469050
Peafowl and Rat,EN5 3AX,51.647520477517800,-0.223456711379646
Old World vulture and Puffleg,W1U 5EQ,51.521474814346600,-0.152415923732977
Nukupuʻu and Mink,N4 3QG,51.572475527386700,-0.112583348765303
Snipe and Tit-tyrant,E17 5HA,51.592124053058800,-0.026214512534999
Grackle and Scimitar babbler,NW1W 8SQ,51.530784525000000,-0.135430053900000
Jackal and Marmoset,SE16 6RU,51.500994948419200,-0.044577317951840
Fulmarine petrel and Jerboa,N1 1DD,51.540411183711500,-0.113319040787892
Civet and Dolphin,NW2 4LL,51.551996504182800,-0.222939941949178
Pitohui and Diving bird,E14 2DH,51.508135627816600,0.001237234339877
Marsh harrier and Partridge,N21 2ND,51.636049273487500,-0.096823601949734
Wallaby and Parrotbill,SE1P 4UY,51.492762382100000,-0.080151676700000
Rabbit and Myna,E7 8JT,51.541719000000000,0.032441836397444
Grosbeak and Viscacha,W10 4UW,51.531249317491400,-0.207456087817784
Old World vulture and Coati,N15 4EG,51.587118000000000,-0.078788684597334
B and Thicketbird,EC3V 0BT,51.511426452106200,-0.085739000000000
Songlark and Mamo,N2 8LB,51.599088830611900,-0.174160000000000
Maya and Tree warbler,NW1 1HW,51.533094165681100,-0.129784558116720
Macaw and Vole,E17 9AT,51.576376452949000,-0.012694000000000
Stint and Marsh harrier,N15 3BE,51.583112089087600,-0.094128723382662
Treepie and Rabbit,IG9 5DS,51.625018647622000,0.038508360247024
Perching duck and Badger,N18 3BY,51.608568870435200,-0.043251033856899
Boto and Skunk,W1S 3AP,51.510496000000000,-0.141029000000000
Logrunners and Rat,N8 8SJ,51.582459986179700,-0.123976648114286
Myna and Vulture,E14 5AX,51.504952707239000,-0.019595000000000
Goose and Diving bird,W1U 7LX,51.519541861460600,-0.154728321701758
River dolphin and Booted eagles,W1S 3DZ,51.509657622826900,-0.138699305811337
Puffleg and Nukupuʻu,W8 6AR,51.497852638091100,-0.196390973503386
Kite and Dolphin,EN1 1JD,51.642402506737900,-0.061378747487233
Triller and Logrunners,SE1P 5QN,51.492760984014900,-0.080151672390443
Shearwater and White ibis,NW9 5GW,51.595530248738200,-0.243374641228450
Cloud rat and Mamo,W1F 7RX,51.513499971597100,-0.138859755142742
Tree warbler and Grackle,E10 7PS,51.569033442714900,-0.037070434472121
Mockingbird and Flameback,N10 3RX,51.589851940169000,-0.143781893105904
Jay and Lemming,N20 0QD,51.623967367937200,-0.177539638847727
Partridge and Flameback,E2 7DY,51.530789672466000,-0.070146721020974
Fish eagle and Towhee,N1 4FA,51.543549128900000,-0.083249875900000
Kestrel and B,NW1W 8LA,51.530783041088500,-0.135430048905449
Francolin and Flameback,W1T 1RG,51.518173718816500,-0.134748735725478
Pratincole and Polecat,EC1N 6SA,51.518299053724200,-0.106651374036046
Hawaiian honeycreeper and Myna,N17 0DT,51.607893406911300,-0.064885571031529
Moluccan boobook and Mamo,NW1 4JZ,51.530783041088500,-0.135430048905449
Peafowl and Ice seal,E6 3SS,51.520959164424800,0.049151972629612
Quetzal and Mockingbird,N1 7SY,51.533140631506000,-0.094673909330596
Ice seal and Parakeet,W1F 9LU,51.511453662346200,-0.137830000000000
Quetzal and Bunting,N1 9JA,51.532080151561500,-0.115869473758041
Capuchin and Stint,EC2A 4LS,51.523579000000000,-0.084598787851852
Grouse and Tit-tyrant,N16 8EE,51.557841219396600,-0.075825354338778
Armadillo and Tit-tyrant,N4 2EB,51.560307105667100,-0.101891875621203
Bunting and Hawaiian honeycreeper,SE8 3QS,51.488861870534800,-0.035848794054896
Ibex and Greenbul,W1W 6YD,51.520378218313100,-0.140496453679900
Rat and Mockingbird,EN2 8NP,51.663088214329700,-0.100086490629362
Hawaiian honeycreeper and Songlark,W10 6JA,51.516838720849100,-0.215992312600098
Siskin and Chipmunk,SE1 3RX,51.500714966897400,-0.087583429963980
Old World quail and Old World vulture,W1H 2DQ,51.516827000000000,-0.159883000000000
Dolphin and Capuchin,SW1V 4JN,51.490016398694800,-0.146771000000000
Wallaby and Quetzal,NW5 4JH,51.549493255401500,-0.154569568434806
Triller and Myna,NW1 0XF,51.540087694271200,-0.131877250836797
Siskin and Warbler,NW8 8ET,51.523283703979800,-0.170866200824859
Grosbeak and Grackle,WC2E 9NG,51.514517148227400,-0.122561045079607
Maya and Flameback,W1U 4JF,51.520534154643700,-0.152641380021070
Capuchin and Zebra,E1 7BE,51.516788000000000,-0.071692000000000
Egret and Marsh harrier,WC2B 6AT,51.513373051003700,-0.118414225315263
Ground sloth and Warbler,E14 9HT,51.497491927092800,-0.021157025264511
Booted eagles and Thrasher,E15 4UU,51.532093503856800,-0.005180839490719
Lemming and Polecat,EC4Y 7AX,51.513242000000000,-0.110824000000000
Songlark and Pitohui,EN3 7NA,51.654924921726600,-0.035168537654803
Partridge and Parakeet,N6 5RG,51.579989127431600,-0.133128009388820
Fish eagle and Bunting,NW2 7DJ,51.563849675136700,-0.237930129543340
Fulmarine petrel and Mole,N18 2DU,51.612615383406500,-0.052436518527168
Black cockatoo and Stint,W1K 7HS,51.512053460575300,-0.155448869978494
Coati and Night heron,SW1A 1BN,51.504907000000000,-0.137870000000000
Dorcopsis and Greenbul,NW8 7LS,51.536547243066300,-0.159346964749971
Meadowlark and Puffleg,N4 2FG,51.565507456455500,-0.095398846693107
Diving bird and Magpie,NW1 2SA,51.530310760255900,-0.122733155182609
Ice seal and Perching duck,E17 3NA,51.584694396068200,-0.001665202665330
Kestrel and Boto,N7 9LN,51.548351606327300,-0.128481049316342
Parrotlet and Mamo,N17 6LH,51.591404516470100,-0.086476599691653
Elephant and Gull,E3 2AU,51.528636301485100,-0.027274845780903
Pheasant and Maya,N22 8RG,51.605551572199600,-0.114937816022976
Skunk and Thicketbird,SE1P 5TD,51.492760984014900,-0.080151672390443
Fulmarine petrel and Kangaroo,NW11 6SX,51.570753904058500,-0.177749379339923
Kangaroo and Elephant,W1G 9XE,51.516658697623100,-0.149238154414631
Quetzal and Peafowl,E2 6BZ,51.526462773950400,-0.069594390207262
Kangaroo and Goose,E4 8ED,51.603382000000000,-0.012787000000000
Francolin and Petrel,WC1X 8QH,51.529610454480000,-0.120556124893005
Vole and Hawk,IG8 7LE,51.602183401762700,0.041788712235817
Goose and Coati,E16 4NA,51.520501439017500,0.010125367235875
Parrotlet and Grouse,SE1 3AU,51.494681410731600,-0.072781397508036
Peafowl and Grosbeak,EN4 9BQ,51.655076854834100,-0.173241556255012
Dorcopsis and Capuchin,SE1 8YS,51.505483000000000,-0.114849000000000
Tit-tyrant and Chicken,N16 0QH,51.563906914475700,-0.083807779885061
Ibex and New World blackbird,W1G 6AY,51.521954508667700,-0.148619839368624
Argus and Chipmunk,W6 7LS,51.499265904278000,-0.221807642151909
Perching duck and Bunting,W10 4RR,51.528354926512900,-0.205767683683677
Greenbul and Ice seal,EN5 5SE,51.653664130974300,-0.195864924295117
Grackle and Cuscus,N1 0NP,51.537228825948800,-0.103342452856502
Warbler and Mockingbird,NW11 0AE,51.586585621702300,-0.200226694939674
Guillemot and Greenbul,E2 0JF,51.528558102784900,-0.052190914169904
Wallaby and Pheasant,E4 7DT,51.634349657067700,0.001065830188979
Skunk and Guillemot,E9 9BR,51.532724481986800,-0.060419026635148
Quetzal and Jay,SW1X 7DY,51.498939699467900,-0.160905797088393
Parrotbill and Treepie,N7 0JU,51.553281000000000,-0.127384000000000
Parakeet and Chicken,E8 2BJ,51.553830876732200,-0.066546226085752
Towhee and Buzzard,W6 9JJ,51.491895000000000,-0.231429000000000
Meadowlark and Lemming,WC1X 9NL,51.529113931828500,-0.116510953548958
Kangaroo and Night heron,WC2R 3JH,51.512905945213900,-0.112380378308667
Kestrel and Condor,NW8 6NT,51.539871989177600,-0.174729176179160
Francolin and Duck,N4 2LQ,51.567236297302000,-0.097202391965546
Dorcopsis and Zebra,NW4 4SL,51.591805444755700,-0.235448205428015
Civet and Guillemot,W8 7PD,51.507163836677900,-0.196066542599366
Partridge and Chickadee,N12 8HD,51.610745799272300,-0.182575383849459
Black cockatoo and Old World vulture,E4 6DG,51.629412514823200,0.009503574597842
Marsh harrier and Elephant,W1K 4AR,51.512818073304800,-0.146338498657793
Kestrel and Logrunners,N3 3QS,51.595911215645600,-0.193822948210626
Mouse and Shearwater,NW6 5QY,51.533183232432600,-0.194591152159788
Badger and Stint,NW6 2QH,51.546567633417000,-0.203032167382732
Coati and Lemming,NW10 1DD,51.553872050229300,-0.244186576143294
Warbler and Maya,N1P 2BQ,51.538645000000000,-0.103543000000000
Rat and Capuchin,IG8 9QS,51.610231852511100,0.018910934619384
Coati and Peafowl,W12 8BY,51.505063512155100,-0.234737645845193
Fulmarine petrel and Minke whale,N16 6HP,51.567172839070900,-0.065821521274226
Mockingbird and Crow,E6 1DR,51.533746174984200,0.038349727409506
Kite and Prion,W1T 3JA,51.518614746981300,-0.137036915636451
Rabbit and Perching duck,W1U 3PW,51.516188418808900,-0.153062234968881
Viscacha and Perching duck,SE16 3UF,51.494624205711900,-0.066574698994215
Songlark and Stint,W1K 7QF,51.511432000000000,-0.157045000000000
Lemming and Rat,SE11 4QU,51.491687681692800,-0.103720656004765
Old World warbler and Night heron,W10 5AA,51.525591907732800,-0.214919000000000
Piping shrike and River dolphin,W1F 8AW,51.514414257465300,-0.135277036030175
Siskin and Coati,N2 0TE,51.592591419644000,-0.173959290708757
Siskin and Flameback,W2 2JE,51.514457001466800,-0.162485908412757
Fulmarine petrel and Badger,SW7 1EH,51.498749780171700,-0.167828935234681
White ibis and Pitohui,SE17 3LE,51.489970059140400,-0.100939784348061
Quetzal and Siskin,SE17 2DY,51.489325622146900,-0.089500524389636
Parrotlet and Dorcopsis,NW3 2EE,51.548300137972100,-0.157040927044664
Quetzal and Pitohui,SW1P 4DH,51.493792120774800,-0.130615648991744
Jay and Mamo,N20 0AE,51.629640473640900,-0.156737092670790
Bronzewing pigeon and Kestrel,SE10 0EG,51.488650195897500,0.005871978896102
Tahr and Asiatic leopard,W1W 5QU,51.523318848585200,-0.143908391746774
Zebra and Treepie,N14 4EN,51.636647533352300,-0.137655000000000
Elephant and Kite,N1P 1PW,51.538645000000000,-0.103543000000000
Scimitar babbler and Pratincole,W11 4JU,51.509568792461700,-0.217876000000000
Eagle and Elephant,N5 1RE,51.546481495805800,-0.103303837296687
Peafowl and Egret,E14 6QT,51.519589328213000,-0.011276799649671
Rabbit and Kangaroo,E14 0AE,51.509056272123900,-0.015367088145490
Petrel and Marsh harrier,N2 9QB,51.587828325773000,-0.163193666510735
Greenbul and Vulture,W1G 8DX,51.518271972362200,-0.149907000000000
Eagle and American sparrow,N9 8BB,51.638947168493100,-0.042275987619599
Diving bird and Stint,E6 6ER,51.531751000000000,0.054842000000000
Quetzal and Old World warbler,NW10 1AH,51.557660459820600,-0.244963941582298
Coati and Warbler,E6 1AS,51.537648256073200,0.037875170078949
Triller and Rabbit,E11 4EQ,51.558603158891600,-0.003559351780219
B and Francolin,SW1P 4PT,51.489591733366800,-0.129433434958168
Rat and Capuchin,NW2 5BS,51.548924597605700,-0.230905840834271
Grackle and Towhee,NW3 2TG,51.558299243103300,-0.163893144007274
Jerboa and Petrel,W12 8DZ,51.501886000000000,-0.228463000000000
Boto and Darwin's finches,EC1V 3PZ,51.524364921985200,-0.098615334462198
Tahr and River dolphin,E14 9DF,51.498379231904800,-0.018153000000000
Coati and Bunting,N12 7LS,51.614609253490200,-0.192849669137645
Meadowlark and Petrel,E17 3BB,51.586600905151600,-0.017576082676326
Snipe and Lemming,W1D 4DF,51.514590416616500,-0.131090224347955
Shearwater and Lemming,EC1R 4RJ,51.526255827384400,-0.109896537774249
Condor and Old World warbler,NW6 9SY,51.535983966100000,-0.194754364400000
Tree warbler and White ibis,E1W 3HN,51.510788579793300,-0.043538283066114
Mouse and Snipe,SW1E 5JA,51.498722886913800,-0.142112759223009
Marmoset and Buzzard,E17 5PG,51.599973094446500,-0.038465600025009
River dolphin and Ice seal,N7 0ND,51.556231508365000,-0.125258049329231
Buzzard and Jerboa,N4 3SA,51.569558000000000,-0.111117000000000
Jerboa and Mamo,E4 9AE,51.607611000000000,-0.004414000000000
Capuchin and Petrel,E1W 9EA,51.519025959342700,-0.058075035903984
Elephant and Quetzal,EN4 8AZ,51.647153696178500,-0.169715186863101
Stilt and Buzzard,E8 4NN,51.538586191419400,-0.068043180966870
Night heron and Greenbul,NW1 4EH,51.527915841560800,-0.144024193459163
Duck and Peafowl,SW5 0ST,51.494991000000000,-0.192658000000000
Minke whale and Fish eagle,EN2 0PT,51.660699000000000,-0.086818559309397
Old World warbler and Condor,W1U 6HJ,51.519391537647800,-0.158323470793023
Cuscus and Kestrel,N12 8RX,51.617265493922000,-0.182011597025162
Tahr and Peafowl,W1K 3PH,51.511033115347100,-0.145488627621873
Vole and Tit-tyrant,N12 7PJ,51.612099288952900,-0.188110866163363
Quetzal and Viscacha,SE16 4DW,51.495301263814800,-0.063463055477670
Philippine hawk-owl and Solitaire,WC2N 4BJ,51.511016495820800,-0.125774587549743
Capuchin and Philippine hawk-owl,E1W 1PN,51.503561361451200,-0.062338000000000
Linsang and Snipe,SW3 6PH,51.490854000000000,-0.171761000000000
Rat and River dolphin,W10 5TY,51.519024505693200,-0.207186594155807
Philippine hawk-owl and River dolphin,WC2R 0WY,51.524565000000000,-0.112042000000000
Booted eagles and Buzzard,W1J 7NJ,51.505301287579600,-0.146398603103606
Francolin and Crow,E3 4RH,51.520034000000000,-0.035993000000000
Tahr and Lemming,NW6 3JU,51.545850910864100,-0.182191411558969
Perching duck and Mink,NW8 9YD,51.531834000000000,-0.183442000000000
Dolphin and Thrasher,N14 6DT,51.627759964204100,-0.127122021764565
Puffleg and Mouse,N16 7AX,51.559063639264000,-0.065400991049788
Mole and Wader,NW5 4JB,51.549352041863800,-0.154892000000000
Fulmarine petrel and Black jay,W1S 4LT,51.508683000000000,-0.142273000000000
Philippine hawk-owl and Solitaire,NW11 1NN,51.580368000000000,-0.199120000000000
B and Wallaby,NW9 5FS,51.598231778240000,-0.247241061165621
Fox and Black jay,SW1V 2HE,51.490399997657000,-0.139541357519021
Duck and Herring gull,E13 8DU,51.524011542124300,0.017285997488908
Vulture and Logrunners,E1 5NU,51.519527848135600,-0.064583243259624
Booted eagles and Philippine hawk-owl,SE1P 5QW,51.492760984014900,-0.080151672390443
Bunting and Partridge,E3 3RN,51.518508346430200,-0.020202874941508
New World blackbird and Jerboa,NW1W 9JR,51.530783041088500,-0.135430048905449
Pitohui and Crow,NW3 3JT,51.543591369311200,-0.166432158329448
Partridge and Tahr,SE18 5QL,51.493784034518400,0.053724308320825
Mamo and Recurvebill,E11 3EX,51.561631695180100,0.013395898110306
Tree warbler and Macaw,E13 0NP,51.535116736004000,0.022030661684736
Parrotbill and Diving bird,N21 1BG,51.635557140404900,-0.103086983221187
Cloud rat and Asiatic leopard,W1S 4SL,51.509118248456800,-0.141545792174424
Hawk and Linsang,N2 8EF,51.594575473745900,-0.171439744589588
Tahr and Vole,WC1H 9WS,51.524565000000000,-0.112042000000000
Tit-tyrant and Recurvebill,EC1R 0AW,51.523904000000000,-0.106722000000000
Chicken and Cuscus,E4 9EY,51.617266000000000,-0.005883000000000
Shearwater and Marmoset,NW8 7PD,51.532070578577300,-0.169793116042856
Kite and Francolin,NW2 2PH,51.559831292742400,-0.197893000000000
Moluccan boobook and New World blackbird,E14 9UJ,51.501513719719900,-0.020291135984076
Perching duck and Booted eagles,E11 2EW,51.579801879230400,0.028242645979020
Peafowl and Masked owl,W1F 8TQ,51.514369266532600,-0.135840956991005
Jay and Greenbul,W1U 8JP,51.518929200011800,-0.158659224972452
Cuscus and Tahr,IG4 5NF,51.582826949667400,0.054402596758404
Goose and Goose,N6 5LL,51.568945461215000,-0.140997300818570
Macaw and Duck,N16 6QB,51.570277017867200,-0.067565692639682
Greenbul and Dolphin,NW8 8AL,51.522876791398800,-0.167840935506353
Grackle and Chicken,E10 7FP,51.567580000000000,-0.034927000000000
Myna and Quetzal,N12 9PP,51.616611130241400,-0.170568644823400
Tree warbler and Zebra,NW11 0DP,51.586042810351700,-0.201186417640088
Wader and Stilt,E17 9AF,51.579165920960000,-0.018751221277591
Treepie and Magpie,NW1W 7TU,51.530784000000000,-0.135430000000000
Jackal and Triller,NW2 2DB,51.558773050302100,-0.197934695801681
Ice seal and Ground sloth,NW9 5UR,51.602381000000000,-0.244342621557064
Booted eagles and Parrotbill,W1U 6RF,51.519747487982100,-0.156707000000000
Wallaby and Jay,N14 6LW,51.627086672682400,-0.126323000000000
Fulmarine petrel and Kangaroo,N19 3BX,51.572491277029700,-0.130419182678172
Bronzewing pigeon and Kite,NW2 2DD,51.557846732796800,-0.197928032113215
Black cockatoo and Old World warbler,NW1W 7EP,51.530784525000000,-0.135430053900000
Towhee and Stilt,SE1 5LU,51.489729785946200,-0.079011397623380
Pitohui and Vulture,SW1P 4LX,51.492973052036300,-0.128877260519234
Siskin and Kestrel,SE16 2JW,51.493070861847900,-0.058011341408732
Meadowlark and Armadillo,SW7 1BJ,51.498598569538600,-0.172546205380696
Capuchin and Cloud rat,N7 6DN,51.557252830210700,-0.112679864633936
Maya and Mink,W12 9QQ,51.504952567182900,-0.240520040409396
B and Tree warbler,N6 4AH,51.577721589747500,-0.160368322306791
Perching duck and Petrel,E13 9JF,51.531774216023600,0.031759012784069
Parakeet and Booted eagles,NW11 0AJ,51.587771006365800,-0.200122108305071
Solitaire and B,W1U 6FY,51.520713532651500,-0.156612487128886
River dolphin and American sparrow,W12 9BW,51.502991686935700,-0.246488689972918
Nukupuʻu and Solitaire,NW6 7TW,51.540920945070200,-0.203067134597153
Vulture and Jay,NW5 3NS,51.547891976102500,-0.148821907244773
Eagle and Puffleg,E14 0NJ,51.511780000000000,0.006512000000000
Mamo and Greenbul,W1S 3EH,51.509210188556600,-0.138270807600376
Old World vulture and Skunk,N18 2TB,51.608937711406200,-0.067686330655471
Argus and Chicken,EN4 9DH,51.654595220763600,-0.164268788639698
Old World quail and Asiatic leopard,W1H 1BP,51.520000041530500,-0.159279084381137
Grouse and Ibex,NW1W 7FA,51.530786000000000,-0.135404000000000
Pheasant and Mamo,WC1H 9TE,51.524565000000000,-0.112042000000000
Grosbeak and Capuchin,W2 4AL,51.512294296563600,-0.189955109205215
Chipmunk and Marsh harrier,NW6 4DT,51.539622975812400,-0.188250958520937
Rabbit and Partridge,NW1 7PG,51.538578939643400,-0.143330870405312
Marsh harrier and Kestrel,W11 2SU,51.514479340181300,-0.196368456753644
Treepie and Dolphin,E14 4PZ,51.504511443870800,-0.022077671267766
Cloud rat and Eagle,N17 9LB,51.589398373135400,-0.062856556313064
Songlark and American sparrow,E17 7EZ,51.585787278123900,-0.032739665632117
Meadowlark and River dolphin,E5 9NF,51.563809478185300,-0.051680351342921
Petrel and Black jay,N6 6PR,51.564440087756400,-0.147240916467209
Pratincole and Mouse,N16 5PX,51.569842872064600,-0.073976625032965
Old World quail and Kestrel,W1G 6BN,51.522895722154100,-0.148999702731501
Flameback and White ibis,SW3 6HW,51.491679332296300,-0.172866125618114
Hawaiian honeycreeper and Logrunners,W1K 3AF,51.511399066361400,-0.145315240485364
Duck and Ice seal,NW3 2NH,51.553816489945100,-0.161881088348784
Black jay and Bronzewing pigeon,SE16 2NZ,51.489071562438600,-0.046787272835437
Pitohui and Zebra,W1S 4BH,51.509535603239300,-0.141211769508756
Crow and Ice seal,E9 6ED,51.549381650322300,-0.047231000000000
Marsh harrier and Old World vulture,W1A 3BS,51.524565000000000,-0.112042000000000
Solitaire and Skunk,E8 4QX,51.536373274949500,-0.060912725860830
Vole and Old World vulture,W1U 1DQ,51.515622000095500,-0.151831302714184
Moluccan boobook and Logrunners,SE1 8QF,51.501630959718900,-0.106348110297083
Recurvebill and Jackal,SE1P 4BF,51.492762382100000,-0.080151676700000
Vole and Treepie,N1 1AP,51.538645000000000,-0.103543000000000
Linsang and Fish eagle,EN1 1PX,51.649534451901800,-0.071265528569228
Pitohui and Solitaire,N17 0HX,51.603045880558300,-0.053972397518913
Linsang and Pheasant,SE1 7UW,51.499859000000000,-0.112934000000000
Polecat and Polecat,W1G 8UA,51.518592641947700,-0.150413749175721
Chicken and Parrotbill,N2 0TG,51.592506914633600,-0.175464134066152
Egret and Quetzal,NW2 5HG,51.542782236008600,-0.225044000000000
Warbler and Tit-tyrant,NW4 1JN,51.596306086397300,-0.216580000000000
Black jay and Condor,EC1M 6DQ,51.520305767705800,-0.103716000000000
Tree warbler and Partridge,E1 4DU,51.522412000000000,-0.046442000000000
Rabbit and Meadowlark,W6 9BW,51.491791805209400,-0.224576225426141
Zebra and Peafowl,NW6 1NQ,51.551449675185900,-0.198873192594260
Marmoset and Boto,NW2 6UB,51.555337318079700,-0.222059629257915
Dolphin and Solitaire,NW2 2AZ,51.566454000000000,-0.203215000000000
Condor and Jackal,E5 5EY,51.559980000000000,-0.057531000000000
Kestrel and Hawk,SE1 2BU,51.500162635281000,-0.073616366767598
Kākāriki and Puffleg,NW6 5RT,51.531780905020700,-0.196376768037500
Snipe and Crow,NW1W 7WZ,51.530786000000000,-0.135404000000000
Maya and Duck,E17 5DX,51.599790465209300,-0.029174341183370
Hawk and Parrotlet,W1K 3JB,51.511357219381000,-0.147219248734082
Myna and Tree warbler,E15 1SU,51.551838619791000,0.011304617376700
New World blackbird and Tree warbler,N12 9LX,51.615812182342800,-0.164895204526778
Parrotbill and Partridge,W8 7QR,51.502614109964600,-0.198436316783707
Rabbit and Fish eagle,N16 9BF,51.557556680771000,-0.086469443505399
Cuscus and Bronzewing pigeon,E16 1FP,51.516118000000000,0.009932000000000
Stilt and Tattler,E9 7QJ,51.539777371228900,-0.054148985663847
Masked owl and Dorcopsis,E14 8DQ,51.509910073833700,-0.041010732589343
Old World vulture and Treepie,EC3N 2DB,51.512863438003800,-0.076121000000000
Wader and Stilt,NW8 7RH,51.528369684295800,-0.165443501877767
Maya and Tattler,W1G 8DP,51.518572169788900,-0.150256027847085
Chickadee and Rat,E4 7JR,51.633384111709200,-0.014626418073677
Shearwater and Zebra,E9 7AY,51.540077132408300,-0.048915911277292
Pheasant and Mouse,E9 5SS,51.545474015286800,-0.036599067421162
Buzzard and Fulmarine petrel,N19 3PB,51.561750406273300,-0.124540546087401
White ibis and B,E9 5LB,51.545104322590800,-0.027961594816599
Jerboa and Vulture,E1 4GQ,51.521853000000000,-0.043122000000000
Treepie and Armadillo,W1D 3DR,51.514278178562300,-0.131247128027895
Shearwater and Pheasant,W14 8BY,51.494351000000000,-0.208290000000000
Old World quail and Grosbeak,EN2 8LR,51.661012749208100,-0.100751666937354
Black jay and Peafowl,NW6 9WB,51.535966000000000,-0.194644000000000
Puffleg and Warbler,N4 4AS,51.571202649882400,-0.117874313622444
Duck and Fulmarine petrel,N1 3PP,51.542161691923500,-0.093662588557652
Cuscus and Civet,NW3 4EA,51.547262565619300,-0.172919028354406
Songlark and Tattler,W12 8AF,51.504939494199700,-0.219987358004762
Chickadee and Zebra,W11 4EW,51.511442271491700,-0.211793264353103
Polecat and Civet,SE1 4JN,51.496686001196200,-0.092535166911268
Shearwater and Myna,SE1P 4GF,51.492762382100000,-0.080151676700000
Old World quail and River dolphin,W1U 5JW,51.521246741758600,-0.152208936295742
Mockingbird and Ice seal,N11 1PJ,51.615093717343900,-0.140383363679273
Cuscus and Quetzal,W1U 4EW,51.519925008145900,-0.152364000000000
Asiatic leopard and Wader,WC1V 7EW,51.517554308124200,-0.119048997812848
Pheasant and Rabbit,SW1X 8SB,51.497771000000000,-0.154052000000000
Capuchin and Puffleg,WC1X 9LE,51.529745337977000,-0.117191341422190
Mouse and Solitaire,N7 0HN,51.550885611340700,-0.127800094649388
Zebra and Jerboa,W1U 3JB,51.518165101631300,-0.151814772511098
Wallaby and Lemming,IG8 0RF,51.619675494074100,0.026654229698669
Songlark and Piping shrike,W8 7EH,51.506242384270800,-0.196376719688533
Boto and Vole,N20 0AS,51.630855292941000,-0.152786542380533
Hawk and Myna,N1 6LW,51.530665599606600,-0.085708558338522
Zebra and Night heron,W9 3DE,51.529967071851400,-0.202993868168006
Quetzal and Philippine hawk-owl,NW1 5AX,51.519340028935500,-0.168242325445506
Recurvebill and Ground sloth,E8 4RU,51.537644112706100,-0.057282575566778
Skunk and Masked owl,NW3 3LN,51.544941769939200,-0.161359013050234
Kangaroo and Fish eagle,N12 9BS,51.615541014968900,-0.176244000000000
Marsh harrier and Piping shrike,W1B 4BF,51.510841660500400,-0.139645425467562
Meadowlark and Linsang,WC1A 2QP,51.519983311212500,-0.122480398447092
Recurvebill and Stint,N8 0SG,51.586621766909200,-0.100391142293541
Treepie and Triller,W1W 7EF,51.519124578279800,-0.139697096105839
Chicken and Parrotbill,EC2A 4HY,51.523149242483600,-0.082492054584277
Ice seal and Parrotbill,N16 7AR,51.559812477094600,-0.067187000874423
Hawaiian honeycreeper and Tattler,NW5 2JR,51.548508243097400,-0.141729536564637
Polecat and Thrasher,E17 3BL,51.588908155562900,-0.014689447607400
Vole and Chipmunk,W2 3JH,51.511661000000000,-0.186584000000000
Grackle and Capuchin,NW6 4RG,51.543654431516300,-0.177404453880862
Egret and Quetzal,E15 1NS,51.544060000000000,0.004046022686763
Chipmunk and Chipmunk,WC1H 9JP,51.526334690531700,-0.128417000000000
Grosbeak and B,W1F 9BE,51.512818267929500,-0.137835470663524
Ice seal and Thicketbird,NW3 7BN,51.557139701933400,-0.195806531975601
Eagle and Puffleg,EC2V 6EE,51.513635000000000,-0.091704759003544
Cloud rat and Fox,N18 2EL,51.617346778564300,-0.055773031550073
Bunting and Ibex,EC3N 4HA,51.524501611318500,-0.112088280168721
Tree warbler and Pitohui,N15 5AD,51.585411293840300,-0.080160499101780
Cloud rat and Warbler,E5 8HB,51.550750000000000,-0.055345924277095
Songlark and Grackle,W1U 3SB,51.515721644494800,-0.153686453593187
Chickadee and Kākāriki,W1B 1PS,51.518620749626000,-0.144791259236370
Mole and Petrel,E5 9DD,51.563600131195300,-0.058037674785469
Guillemot and Old World warbler,NW9 6RY,51.592526688077500,-0.247576167144871
Myna and Marsh harrier,NW10 3ED,51.537623665080300,-0.221553166267071
Old World warbler and Boto,W1T 5LQ,51.524146610801700,-0.138829314922622
Philippine hawk-owl and Elephant,W14 8PW,51.492099110023800,-0.202941964858864
Armadillo and Meadowlark,N17 8LB,51.606217255241200,-0.081651338775955
Elephant and Black cockatoo,E4 8PE,51.612761901866000,-0.025146002463557
Jackal and Moluccan boobook,NW8 1LQ,51.535966000000000,-0.194644000000000
Black cockatoo and Recurvebill,EC1P 1ER,51.524501611318500,-0.112088280168721
Mole and Old World quail,WC2N 4DD,51.509598665102300,-0.126277000000000
Cloud rat and Greenbul,SW1E 5EA,51.497000398191700,-0.142370091369196
Dorcopsis and Partridge,N3 9EE,51.601389000000000,-0.195059415600000
Nukupuʻu and American sparrow,E10 6HZ,51.572815000000000,-0.001595000000000
Scimitar babbler and B,NW10 1BF,51.551572662901200,-0.241479000000000
Stilt and Mockingbird,N7 9AT,51.541451598029900,-0.124928170542035
Herring gull and Petrel,E4 9BE,51.609629178944100,-0.009510433020049
Tit-tyrant and Coati,N17 6LE,51.589647375719800,-0.084601534829383
Grouse and Philippine hawk-owl,W6 0UT,51.498685206055900,-0.235156979317416
Darwin's finches and Triller,E14 9WQ,51.492320456020300,-0.022259671010246
Mouse and Meadowlark,N13 6JB,51.611052899897600,-0.103646524215339
Kestrel and Kestrel,NW2 1QH,51.567095749132500,-0.208816935583501
Kākāriki and Linsang,NW8 6HG,51.537151958717700,-0.171564762731506
Peafowl and Armadillo,N1 9WW,51.538645000000000,-0.103543000000000
Vole and Goose,W12 9PS,51.504146824848400,-0.237164963444358
Ground sloth and Kangaroo,WC1A 9HN,51.524567000000000,-0.112017000000000
Peafowl and Kākāriki,W1B 3AP,51.516338598711900,-0.142073453810478
Shearwater and Rabbit,EC4P 4LF,51.524567000000000,-0.112017000000000
Eagle and Petrel,E3 2QL,51.535227000000000,-0.027233873472481
Old World warbler and Vulture,E18 1BP,51.595590921431800,0.026274902692749
Tahr and Solitaire,IG8 7HU,51.608045397512200,0.037199083199760
Tit-tyrant and Solitaire,EC4A 3WY,51.524501611318500,-0.112088280168721
Moluccan boobook and Logrunners,N16 8HU,51.547288448202000,-0.076645618060234
Parrotbill and Viscacha,W1S 1RZ,51.514209879018400,-0.146209936477264
Recurvebill and Grosbeak,N1P 2TX,51.538645000000000,-0.103543000000000
Night heron and Thicketbird,NW1W 9YS,51.530783041088500,-0.135430048905449
Kite and Kite,W1J 0AB,51.509535803517000,-0.136124724872469
Quetzal and Shearwater,N7 8HG,51.551436761167500,-0.111131997339694
Triller and Eagle,W1S 4HY,51.509733499404100,-0.142918614886425
Zebra and Tree warbler,NW1W 8HW,51.530783041088500,-0.135430048905449
Crow and Minke whale,NW10 3BN,51.537975401214600,-0.235915889485947
Cuscus and Ice seal,EC2V 7WY,51.524501611318500,-0.112088280168721
Guillemot and Old World quail,E7 0BE,51.551478067654300,0.025858000000000
Buzzard and Buzzard,WC1V 6PQ,51.517605536169200,-0.121684548743270
Condor and Badger,E14 1TA,51.513162000000000,-0.028291000000000
Quetzal and Egret,N19 3BU,51.572222541676600,-0.131613527213446
Kestrel and Jackal,E7 8DF,51.547185737248300,0.034464792734228
Bronzewing pigeon and Old World vulture,N2 8LH,51.597388035519400,-0.176510241268499
Wader and B,N10 2RR,51.604692226892700,-0.143393323859737
Grosbeak and Bunting,N4 1SB,51.577099916563400,-0.102420000000000
White ibis and Greenbul,EN1 2PJ,51.642041996601800,-0.073895971908031
Marsh harrier and Bunting,NW10 3SS,51.538194639823000,-0.234350079398904
Greenbul and Bunting,N20 9QE,51.636932515474500,-0.176268475756896
Goose and Crow,SE1 4GS,51.499362000000000,-0.085496000000000
Dolphin and Fox,N18 2LU,51.614169830988300,-0.053987724293250
Linsang and Coati,NW2 6NH,51.561824000000000,-0.220422000000000
Jackal and Hawk,NW11 9NR,51.578957508634900,-0.206517645262911
Greenbul and Gull,WC1H 0NF,51.523414103929100,-0.126144919772679
River dolphin and Diving bird,NW1W 8HZ,51.530783041088500,-0.135430048905449
Philippine hawk-owl and Tahr,N17 0QS,51.604588008961700,-0.054238604366349
Pheasant and Grouse,NW3 1EH,51.560292910780100,-0.175830420270906
Marsh harrier and Condor,NW11 9DT,51.574273982745100,-0.209559383259224
Moluccan boobook and Armadillo,EN1 1QR,51.650673457980300,-0.066706986202132
Greenbul and Linsang,N1P 1NN,51.538645000000000,-0.103543000000000
Tattler and Partridge,E8 2RA,51.551943125021100,-0.067679253511901
Civet and Vole,E3 4FF,51.517061930035900,-0.021274602289252
Rat and Parrotbill,E9 6JA,51.547800854483900,-0.045571000000000
Tahr and Pratincole,N16 8NB,51.551192886803100,-0.080591819210908
Diving bird and Pratincole,W14 8FL,51.493832000000000,-0.207988000000000
Buzzard and Old World vulture,EN3 7JD,51.659079474268700,-0.042709658800049
Ice seal and Pitohui,N1 1HS,51.539862141207200,-0.111611287772597
Diving bird and Peafowl,EC1R 4TD,51.522757000000000,-0.111425000000000
Pitohui and Masked owl,W2 4TJ,51.512791366948000,-0.195007000000000
Piping shrike and Armadillo,WC1H 9GL,51.529076137908200,-0.125379014004595
Macaw and Stilt,EN3 7TY,51.649232301974900,-0.029355000000000
Chicken and Guillemot,E5 8HA,51.552632283628800,-0.054422654207296
American sparrow and Minke whale,W1J 7HY,51.505943096046300,-0.148317869199234
Guillemot and Dolphin,NW3 3JY,51.543881850868400,-0.166031096417965
Stint and Petrel,EC1R 0ET,51.523868847721800,-0.103522841842035
Logrunners and Booted eagles,E14 7BG,51.517617267874700,-0.024421473409659
Pratincole and New World blackbird,W1F 8WU,51.514964505603100,-0.135384277785338
Stilt and Grosbeak,N9 9WH,51.622878200955700,-0.063453501073229
Rabbit and Zebra,N13 5AD,51.621854403019200,-0.094860574460019
Mamo and Buzzard,EN4 8SF,51.645005050124500,-0.163413157928121
Badger and Logrunners,SE16 4RN,51.501215976778000,-0.067131406653407
Grosbeak and Mockingbird,NW2 5RJ,51.545996880634500,-0.216900026825048
Puffleg and Rabbit,N12 8SW,51.619541456036400,-0.183813017884114
Kangaroo and Partridge,E1 5QY,51.523914946130900,-0.055805553145549
Shearwater and Armadillo,W2 4YN,51.514577613118700,-0.188740435116478
Black jay and Pitohui,SE16 4XF,51.498841001523300,-0.067620895469687
Partridge and Recurvebill,NW1 8XX,51.541706598615700,-0.155764276727497
Mamo and Dolphin,N1 9QG,51.532915490105200,-0.113571308844981
Ground sloth and Songlark,NW2 5HB,51.543168898533100,-0.225030000000000
River dolphin and Chicken,W1D 6JQ,51.511662792278600,-0.131901797302824
Wallaby and Philippine hawk-owl,N1 2UD,51.541630591285500,-0.102176000000000
Coati and Triller,N6 4BF,51.578240889400000,-0.148123027100000
Night heron and Mink,E17 5FQ,51.600198000000000,-0.026615000000000
Gull and Chipmunk,N16 5SQ,51.565853919586400,-0.075299507083913
Solitaire and Duck,NW3 4NT,51.545506779206000,-0.171042368623916
Viscacha and Moluccan boobook,WC1X 8LU,51.520149340816600,-0.112095302941079
Maya and Rabbit,NW2 6JN,51.561206320930000,-0.221600000000000
Cuscus and Linsang,W12 8NS,51.504982467349700,-0.229956902458651
Snipe and Vulture,NW9 5SN,51.605162272273300,-0.246468749344068
Chipmunk and Ice seal,NW2 5ED,51.548020868655400,-0.232397605329526
Chicken and Buzzard,WC1N 3LJ,51.521495003586900,-0.118050576421765
Parrotbill and Triller,N11 1HH,51.623325000000000,-0.150160000000000
Jay and Grouse,EN5 3JY,51.645274655010300,-0.234934038611672
Guillemot and Tit-tyrant,NW2 2EP,51.560408441638500,-0.207029000000000
Buzzard and Parrotlet,E9 7HX,51.535935810590000,-0.054586799098003
Capuchin and Moluccan boobook,E4 6DF,51.629384822899300,0.011120653508372
Booted eagles and River dolphin,N3 2DW,51.606771682457100,-0.182026453328210
Snipe and Coati,E3 3PA,51.520929000000000,-0.014909000000000
Magpie and Eagle,E4 0DX,51.633249644270100,0.008155826999780
Tit-tyrant and Booted eagles,N1 6PE,51.527026951171500,-0.081121000000000
Badger and Kestrel,IG9 5TX,51.629333336000700,0.029786659728254
Civet and Greenbul,E14 6JB,51.514843979630800,-0.023676707329920
Mink and Mouse,EC1M 3LN,51.522003208876600,-0.107160824403557
Marmoset and Puffleg,N18 1ND,51.616740381413300,-0.085627773421287
Tahr and American sparrow,W1U 4DB,51.518882090624600,-0.152232574964680
Kestrel and Jerboa,N4 3PH,51.563306140975000,-0.109413793865026
Thrasher and Bunting,NW10 5XJ,51.532042586989300,-0.231877572544987
Greenbul and Petrel,W2 1QX,51.517117815886600,-0.172208633348978
Logrunners and Pheasant,IG4 5NE,51.581418994532800,0.050066630871584
Rabbit and Chickadee,E9 7SN,51.538887207408400,-0.055239637105101
Peafowl and Coati,W10 5HD,51.522592528462900,-0.226578592101195
Dolphin and Prion,NW11 9AY,51.576420380951800,-0.204669212524447
Tattler and Duck,NW1 6BU,51.524879620541700,-0.161359987373229
Skunk and Thrasher,NW1 3FG,51.525848721400000,-0.140028584100000
Stint and Linsang,W1W 6ST,51.520199543994500,-0.141137957733410
Pratincole and Stint,N20 0ND,51.626147394716700,-0.172583390892649
Petrel and Viscacha,NW2 3SH,51.553058995072800,-0.204132271911399
Cuscus and Mole,E9 7LH,51.537069796652400,-0.044906060143753
Piping shrike and Shearwater,N6 4NS,51.573844756013300,-0.160871199810519
Asiatic leopard and Stint,IG8 0HQ,51.607938469279500,0.034031417592189
Lemming and Jerboa,N2 9FD,51.590455816200000,-0.163780700200000
Kestrel and Minke whale,E4 6PH,51.622704600743700,-0.003173892992579
Chipmunk and American sparrow,WC1R 5LR,51.520588629302600,-0.113129387710964
Elephant and Duck,N18 2HG,51.615387426763200,-0.056376771182334
Wallaby and Dorcopsis,NW11 0EE,51.584429494892500,-0.204469015131554
Peafowl and Elephant,W9 3EY,51.528149069426100,-0.201133621265953
Minke whale and Armadillo,E5 9SQ,51.559148000000000,-0.053455000000000
Armadillo and Cloud rat,EN5 9QQ,51.643012000000000,-0.171144786961926
Prion and Dorcopsis,NW3 6NR,51.554194422103700,-0.176882205752925
Jackal and Flameback,E17 6JS,51.586946710202500,-0.037077931152096
Buzzard and Vulture,SW1Y 5AG,51.505871894326200,-0.132484486261953
Pitohui and Polecat,E11 4QP,51.567632780930200,0.009548608848616
Lemming and Triller,E17 5AA,51.595510074200800,-0.013708520974286
Badger and Warbler,E8 1HY,51.548476000000000,-0.055261783370854
Jerboa and Armadillo,W1J 5EA,51.507863000000000,-0.146864322420642
Kite and Chicken,SW7 1DY,51.500440345077900,-0.164951586930462
Chickadee and Marsh harrier,N4 2EN,51.561381729230100,-0.102727195469850
Bunting and Viscacha,W1W 6HH,51.519492476234100,-0.141916276120450
Fox and Masked owl,W8 4SP,51.501910488793700,-0.191865036599083
Towhee and Treepie,EC1P 1FR,51.524501611318500,-0.112088280168721
Polecat and Magpie,W6 0DW,51.498904759727600,-0.233016211854982
Egret and Greenbul,E5 0NA,51.553275721221900,-0.045523907187008
Boto and Dorcopsis,WC2N 5DA,51.507431298887900,-0.125388535900655
Boto and B,N3 1SX,51.598299818390300,-0.200629957888523
Parrotbill and American sparrow,WC1H 9AP,51.527348109731700,-0.128102631619388
Dolphin and Civet,EC2A 2FA,51.521736000000000,-0.079440000000000
Black jay and Coati,N1P 2RZ,51.538645000000000,-0.103543000000000
Meadowlark and Masked owl,W1F 8HW,51.514057593822600,-0.134902469235417
Night heron and Linsang,NW10 5UY,51.533877343926100,-0.234286443143061
Shearwater and New World blackbird,N1 1TJ,51.540074939990100,-0.104175882034203
Darwin's finches and Thrasher,WC2H 9EL,51.513891545001100,-0.123927108945938
Puffleg and Fox,N1 5TP,51.539059214253700,-0.084749000000000
Chipmunk and Eagle,W2 6AP,51.516809000000000,-0.187557000000000
Mouse and Chicken,WC1X 0HA,51.525037198809700,-0.115756574645047
Parrotlet and Mole,NW6 6NJ,51.534901107712900,-0.204573065692534
Quetzal and Hawk,NW9 5QF,51.595516929500000,-0.240574274100000
Kākāriki and Jay,EN2 8QL,51.656361106286900,-0.100035326596926
Masked owl and Hawaiian honeycreeper,NW5 3NT,51.545821961315700,-0.149280904815586
Viscacha and Parakeet,N19 5AS,51.553618121422200,-0.133933846649586
Polecat and Wader,W1A 4ZX,51.524565000000000,-0.112042000000000
Ice seal and Elephant,N5 2QA,51.555082246738200,-0.094665921859473
Badger and Macaw,W1K 6JQ,51.513018453520800,-0.151057483941974
Cuscus and Rabbit,WC2H 0AN,51.511844557218900,-0.128637337110813
Wallaby and Egret,W10 5SJ,51.526040000000000,-0.214249000000000
Kestrel and Tahr,W1F 0JH,51.513209984649000,-0.135888284071768
Fish eagle and Parrotbill,SW1Y 6AG,51.508148663129000,-0.138717637258176
American sparrow and Old World quail,SE16 2XB,51.498652054785300,-0.054561214154644
Cuscus and Jerboa,NW6 6TA,51.538870784711900,-0.197798055806717
Philippine hawk-owl and River dolphin,N10 2BF,51.592846052700000,-0.143096849600000
Marsh harrier and Moluccan boobook,SE16 7JD,51.499943682171900,-0.051653425965351
Macaw and Boto,W1F 9QA,51.512641000000000,-0.138567688897823
Tree warbler and Mouse,N1P 1EZ,51.538645000000000,-0.103543000000000
Songlark and Chickadee,N9 9EE,51.629171652592700,-0.063922381823653
Philippine hawk-owl and Francolin,NW11 6LB,51.586204441810900,-0.183655906408526
Dolphin and Scimitar babbler,E1 1AL,51.517725260250300,-0.063247128917707
Wallaby and Logrunners,W1J 8NF,51.508780583626000,-0.143504966740514
Solitaire and Eagle,N12 0QA,51.608280093504500,-0.166845349363549
Dorcopsis and Booted eagles,E10 6QB,51.564721161582600,-0.008500081159610
Quetzal and Egret,E9 5HR,51.540713548960800,-0.027819739102120
Snipe and Petrel,E11 3DY,51.566240677063500,0.012070030439183
Armadillo and Pheasant,EN2 7PG,51.657699285797800,-0.101511960116624
Herring gull and Cuscus,N1 0RR,51.533376958447000,-0.106746000000000
Songlark and Night heron,N20 0TU,51.628158805477000,-0.162605411937587
Pheasant and Grouse,N19 3DY,51.569645856121600,-0.127924110103190
White ibis and Myna,EN2 0AA,51.657481408121300,-0.082104081926711
Hawaiian honeycreeper and Chickadee,EC3M 7HB,51.511846616162000,-0.083935000000000
Kākāriki and Puffleg,IG8 7JW,51.605129868937600,0.042484123531168
Badger and Darwin's finches,N9 9JD,51.634431886665500,-0.080880109861739
Booted eagles and Herring gull,WC1R 5LP,51.521078537431900,-0.113397429315515
Zebra and Viscacha,E15 4HP,51.538701750942500,0.009124698883585
Herring gull and Kestrel,E17 8XB,51.579703174812400,-0.019680451356335
Kangaroo and Jay,WC1N 2JG,51.522278011387000,-0.114731690123863
Ground sloth and Egret,W1H 7JA,51.514879716473600,-0.158476630410473
Boto and Night heron,W1T 6HQ,51.521859045292500,-0.139744224775079
Fish eagle and New World blackbird,E2 6QB,51.531630542302900,-0.060148267536711
Goose and Zebra,N5 1SS,51.553423033009200,-0.099004000000000
Ground sloth and Jerboa,SE1 9RS,51.504640671449700,-0.088989695610244
Greenbul and White ibis,W12 0SW,51.511863640477800,-0.239648503409938
Kākāriki and Wader,W1K 6LH,51.512232509858300,-0.153683411392919
Chickadee and Argus,W1T 5AZ,51.524296025004700,-0.138044783903010
Wader and Lemming,N22 5AR,51.607496140117300,-0.107809602666238
Chickadee and Mouse,N14 4XP,51.648366799581900,-0.126330650589204
Nukupuʻu and Philippine hawk-owl,N7 6LF,51.560269693783500,-0.123606006580159
Herring gull and Francolin,N1 1SB,51.545818000000000,-0.104471000000000
Argus and Mouse,NW10 2SG,51.547119250237700,-0.232836380095118
Eagle and Argus,SW7 2ST,51.494413593098700,-0.172900856937883
Hawaiian honeycreeper and Boto,SW7 4QP,51.497345378264500,-0.184496468792415
